432 186
1 6 1 30 1 30 1 30
1 1 3
1 6 1 30 1 30 1 30
1 6 1 30 1 30 1 30
1 7 1 30 1 30 1 30 127
1 6 1 30 1 30 1 30
1 9 1 30 1 30 1 30 4 5 62
1 8 1 30 1 30 1 30 1 30
1 6 1 30 1 30 1 30
1 9 1 30 1 30 6 1 30 6 69
1 3 4 5 62
1 3 6 1 30
1 4 7 1 30 130
1 4 7 1 30 4
1 1 9
1 2 4 50
1 4 1 30 4 56
1 4 1 30 1 30
1 4 1 30 1 30
1 4 1 30 1 30
1 6 1 30 1 30 1 30
1 6 1 30 1 30 1 30
1 6 1 30 1 30 1 30
1 3 1 30 134
1 8 1 30 1 30 1 30 1 30
1 8 1 30 1 30 1 30 1 30
1 7 1 30 125 126 1 30 6
1 4 1 30 1 30
1 4 1 30 1 30
1 6 6 1 30 1 30 6
1 4 1 30 1 30
1 4 1 30 1 30
1 3 2 1 32
1 4 1 30 1 30
1 3 1 30 134
1 4 6 1 30 138
1 3 1 30 6
1 1 15
1 4 1 30 1 30
1 4 1 30 1 30
1 3 1 30 30
1 4 1 30 1 30
1 2 16 96
1 3 1 30 6
1 3 1 1 30
1 3 1 1 30
1 3 6 1 30
1 3 1 30 126
1 3 1 30 30
1 5 1 30 6 17 106
1 2 17 107
1 3 17 17 100
1 5 1 30 17 99 239
1 1 19
1 1 18
1 4 1 30 6 67
1 2 17 107
1 2 16 97
1 5 17 17 17 17 108
1 4 1 30 7 77
1 2 17 107
1 2 16 98
1 4 17 17 17 106
1 3 17 17 17
1 3 1 30 30
1 5 6 1 30 125 269
1 2 4 59
1 1 11
1 5 126 1 30 125 270
1 6 126 275 414 273 412 527
1 6 126 275 414 273 412 527
1 6 126 275 414 273 412 527
1 6 126 275 414 273 412 527
1 6 126 275 414 273 412 527
1 2 126 271
1 6 126 275 414 273 412 527
1 6 126 275 414 273 412 527
1 6 1 30 126 273 412 527
1 6 1 30 126 273 412 527
1 4 1 30 126 274
1 1 10
1 6 1 30 126 273 412 527
1 2 17 109
1 2 2 39
1 2 2 39
1 2 5 61
1 7 6 1 30 1 30 6 70
1 6 1 30 7 1 30 143
1 4 1 30 1 30
1 3 1 30 131
1 3 1 30 139
1 1 13
1 3 1 30 136
1 3 1 30 138
1 2 6 70
1 6 1 30 126 273 410 525
1 5 1 30 4 5 62
1 2 4 50
1 5 126 273 410 525 612
1 5 1 30 4 5 62
1 1 3
1 6 1 30 126 273 410 525
1 6 1 30 126 273 410 525
1 6 1 30 126 273 410 525
1 6 1 30 126 273 410 525
1 9 1 30 1 30 1 30 6 1 34
1 8 1 30 1 30 1 30 1 30
1 8 1 30 1 30 1 30 1 30
1 8 1 30 1 30 1 30 1 30
1 8 1 30 1 30 1 30 1 30
1 11 1 30 1 30 6 1 30 6 1 30 6
1 8 1 30 1 30 1 30 1 30
1 8 1 30 1 30 1 30 1 30
1 9 1 30 1 30 1 30 6 1 34
1 11 1 30 1 30 6 1 30 1 30 14 89
1 4 6 1 30 141
1 4 7 1 30 133
1 3 4 5 65
1 3 17 99 236
1 1 20
1 3 17 99 238
1 3 4 5 62
1 5 1 30 4 5 62
1 10 1 30 1 30 1 30 6 17 99 235
1 3 4 5 62
1 5 1 30 4 5 62
1 10 1 30 30 135 1 30 6 17 99 235
1 10 1 30 1 30 30 135 1 30 17 99
1 13 1 30 1 30 30 1 30 1 30 6 17 99 235
1 10 1 30 1 30 30 135 1 30 17 99
1 10 1 30 1 30 30 135 1 30 17 99
1 10 1 30 1 30 30 135 1 30 17 99
1 3 1 30 128
1 9 1 30 1 30 30 135 2 1 35
1 4 6 17 99 233
1 2 7 77
1 7 1 30 6 1 30 14 88
1 4 1 30 1 30
1 8 1 30 17 99 232 2 1 30
1 8 1 30 17 99 232 2 1 30
1 4 1 30 1 30
1 8 1 30 6 1 30 126 275 414
1 4 1 30 17 99
1 6 6 1 30 1 30 6
1 1 12
1 2 14 92
1 4 1 30 14 92
1 3 1 30 141
1 2 5 66
1 6 1 30 1 30 1 30
1 6 1 30 1 30 1 30
1 6 1 30 1 30 1 30
1 6 1 30 1 30 1 30
1 6 1 30 1 30 1 30
1 6 1 30 1 30 1 30
1 10 1 30 1 30 1 30 1 30 14 88
1 6 1 30 1 30 1 30
1 2 14 88
1 3 1 30 146
1 2 5 61
1 1 13
1 4 6 1 30 141
1 1 15
1 4 6 1 30 147
1 7 6 1 30 1 30 6 67
1 10 1 30 1 30 1 30 125 126 1 34
1 11 1 30 1 30 1 30 125 126 1 30 6
1 8 6 1 30 1 30 1 30 134
1 10 1 30 1 30 1 30 125 126 1 30
1 4 6 1 30 138
1 2 6 68
1 9 6 1 30 1 30 1 30 6 67
1 1 13
1 10 1 30 1 30 1 30 125 126 1 30
1 10 1 30 1 30 1 30 125 126 1 30
1 11 1 30 1 30 1 30 125 126 1 30 30
1 9 6 1 30 1 30 1 30 6 67
1 8 1 30 1 30 1 30 125 126
1 14 4 53 177 324 457 562 645 712 766 813 858 893 922 940
1 14 4 53 177 324 457 562 645 712 766 813 858 893 922 940
1 2 126 272
1 6 1 30 1 30 1 30
1 6 1 30 1 30 1 30
1 8 1 30 1 30 1 30 1 30
1 4 1 30 1 30
1 4 1 30 1 30
1 6 1 30 1 30 1 30
1 8 1 30 1 30 1 30 1 30
1 6 1 30 1 30 1 30
1 7 1 30 1 30 1 30 129
1 4 1 30 1 30
1 4 6 1 30 129
1 1 9
1 14 4 53 177 324 457 562 645 712 766 813 858 893 922 940
1 14 4 53 177 324 457 562 645 712 766 813 858 893 922 940
1 1 15
1 14 4 53 177 324 457 562 645 712 766 813 858 893 922 940
1 2 7 75
1 3 17 17 17
1 3 1 30 136
1 14 4 53 177 324 457 562 645 712 766 813 858 893 922 940
1 3 4 53 178
1 3 4 53 179
1 14 4 53 177 324 457 562 645 712 766 813 858 893 922 940
1 14 4 53 177 324 457 562 645 712 766 813 858 893 922 940
1 3 4 53 178
1 9 4 53 177 324 457 562 645 712 767
1 2 7 76
1 1 8
1 3 1 30 136
1 1 25
1 4 1 30 1 30
1 4 1 30 1 30
1 4 1 30 1 30
1 4 1 30 1 30
1 3 1 30 140
1 4 1 30 1 30
1 3 2 2 2
1 5 6 17 99 232 373
1 5 6 17 99 17 104
1 4 6 1 30 147
1 3 6 17 104
1 5 6 17 99 17 105
1 5 6 17 99 232 374
1 3 1 30 131
1 5 6 17 99 232 373
1 5 6 17 99 232 372
1 4 17 17 99 238
1 3 1 30 136
1 18 17 1 30 1 30 17 1 30 17 1 30 1 30 17 99 232 2 45
1 20 17 17 99 232 2 42 164 99 17 1 30 1 30 17 110 253 396 515 601 676
1 12 17 1 30 1 30 17 1 30 17 1 30 145
1 20 17 17 99 232 2 42 164 99 17 1 30 1 30 17 110 253 396 515 601 676
1 22 17 17 99 232 2 42 164 99 17 99 232 2 1 30 17 17 110 253 396 515 601 676
1 9 17 17 99 232 2 42 164 99 17
1 9 17 1 30 1 30 17 1 30 17
1 20 17 17 99 232 2 42 164 99 17 1 30 1 30 17 110 253 396 515 601 676
1 20 17 17 99 232 2 42 164 99 17 1 30 1 30 17 110 253 396 515 601 676
1 5 1 30 7 1 30
1 6 1 30 1 30 14 92
1 2 14 91
1 4 1 30 1 30
1 4 1 30 1 30
1 6 6 1 30 1 30 6
1 4 1 30 30 30
1 3 1 30 150
1 9 4 58 457 562 645 712 766 813 857
1 4 6 17 99 234
1 3 5 62 189
1 1 3
1 2 7 77
1 5 1 1 30 7 74
1 3 5 62 189
1 4 1 30 1 30
1 3 1 30 151
1 3 1 30 142
1 4 1 30 1 30
1 3 1 30 142
1 3 1 30 129
1 3 21 114 257
1 3 21 114 257
1 3 21 114 257
1 3 21 114 257
1 4 1 30 1 30
1 4 1 30 1 30
1 1 26
1 3 21 114 257
1 1 27
1 6 1 30 1 30 1 30
1 6 1 30 1 30 1 30
1 8 17 99 232 2 1 30 30 30
1 7 1 30 1 30 30 1 1
1 4 1 30 1 30
1 4 1 30 14 91
1 5 1 30 30 1 37
1 2 2 40
1 2 14 93
1 4 1 30 1 30
1 2 1 31
1 2 4 50
1 4 1 30 1 30
1 1 13
1 3 1 30 30
1 4 1 30 1 30
1 3 1 30 30
1 5 6 1 30 1 30
1 4 6 1 30 138
1 4 7 1 30 132
1 5 126 275 414 273 409
1 6 1 30 126 1 30 125
1 5 126 275 414 273 409
1 3 1 30 132
1 4 1 30 126 273
1 3 126 273 409
1 1 15
1 6 7 1 30 126 273 411
1 12 4 58 457 562 645 712 766 813 858 893 922 940
1 5 1 30 30 6 70
1 7 4 58 457 562 645 712 767
1 1 10
1 1 10
1 4 1 30 1 30
1 4 1 30 1 30
1 4 1 30 30 1
1 4 1 30 1 30
1 7 1 30 1 30 4 5 62
1 2 16 96
1 12 4 58 457 562 645 712 766 813 858 893 922 940
1 2 4 57
1 3 5 4 57
1 2 14 90
1 3 5 4 55
1 3 5 4 57
1 3 5 4 60
1 12 4 58 457 562 645 712 766 813 858 893 922 940
1 2 14 90
1 2 4 55
1 4 5 4 58 184
1 3 5 4 54
1 3 5 4 55
1 3 5 4 54
1 3 4 5 62
1 12 4 58 457 562 645 712 766 813 858 893 922 940
1 3 1 30 144
1 4 4 53 177 325
1 1 24
1 11 1 30 4 58 457 562 645 712 766 813 857
1 3 1 135 291
1 8 1 30 1 30 1 30 1 30
1 3 1 30 135
1 6 1 30 1 30 4 52
1 1 10
1 3 1 30 30
1 6 1 30 4 5 62 189
1 2 5 61
1 3 1 30 148
1 1 23
1 4 1 30 6 72
1 4 1 30 6 72
1 3 1 30 150
1 1 22
1 3 1 30 30
1 3 1 30 137
1 2 6 71
1 2 5 61
1 6 2 2 2 1 30 137
1 10 135 1 30 1 30 30 30 30 1 38
1 22 2 135 1 30 30 30 30 30 1 1 30 30 1 30 135 1 30 30 17 99 232 375
1 10 1 1 30 30 135 2 135 2 2 43
1 1 29
1 7 2 1 30 135 2 2 47
1 14 1 30 30 30 30 30 1 1 30 30 17 1 30 30
1 3 2 2 2
1 16 2 2 2 2 1 30 30 1 135 2 2 2 2 135 2 44
1 15 1 135 2 1 135 1 30 1 135 2 2 2 135 2 2
1 12 2 2 2 135 2 1 30 135 2 1 135 289
1 5 2 135 1 30 145
1 21 2 2 2 1 30 30 1 30 1 135 2 2 2 1 30 135 2 2 1 30 142
1 10 2 2 2 2 2 2 1 30 30 153
1 4 135 1 30 30
1 3 2 2 41
1 2 2 46
1 15 135 2 2 1 30 1 30 30 1 30 135 2 1 30 152
1 13 2 2 2 2 2 2 1 30 1 30 30 30 145
1 6 2 135 2 2 2 40
1 1 28
1 9 2 2 2 1 30 30 30 30 142
1 5 135 2 2 2 40
1 6 1 30 30 30 30 154
1 11 2 2 2 135 2 2 2 2 2 135 290
1 23 2 2 2 1 135 2 2 135 1 30 30 135 1 30 1 30 30 30 1 30 1 135 290
1 11 2 1 30 1 30 1 30 30 30 135 288
1 6 2 2 1 30 30 149
1 6 2 135 2 2 2 2
1 5 17 99 17 99 237
1 3 135 2 45
1 1 26
1 10 135 1 30 30 30 1 30 30 135 290
1 1 29
1 2 1 33
1 1 29
1 14 2 2 2 2 2 2 1 135 1 1 135 2 2 46
1 7 135 2 135 2 2 1 36
1 4 2 135 2 2
1 25 2 2 2 1 30 30 1 30 1 30 30 1 135 1 30 30 1 30 1 30 6 1 30 30 142
1 13 2 135 1 1 1 30 30 135 1 135 2 42 165
1 2 17 103
1 5 17 1 30 6 73
1 2 17 100
1 2 17 101
1 3 4 5 62
1 5 17 1 30 1 30
1 2 17 100
1 5 7 1 30 7 77
1 2 5 63
1 4 1 30 1 30
1 6 6 1 30 4 5 64
1 2 5 64
1 2 14 89
1 4 1 30 1 30
1 2 1 35
1 6 1 30 1 30 6 72
1 4 1 30 1 30
1 4 17 99 232 2
1 5 1 30 126 275 415
1 3 1 30 17
1 4 1 30 1 30
1 4 1 30 1 30
1 4 1 30 17 99
1 3 1 30 17
1 5 6 1 30 17 101
1 1 29
1 4 17 17 1 30
1 3 17 17 17
1 3 17 17 17
1 4 17 17 1 30
1 4 17 17 17 106
1 1 8
1 3 6 1 30
1 4 1 30 126 275
1 2 17 101
1 6 7 1 30 4 5 62
1 2 16 96
1 4 1 30 6 69
1 9 4 58 457 562 645 712 766 813 857
1 2 4 51
1 3 1 30 1
1 3 1 30 134
1 1 3
1 3 6 17 104
1 3 4 5 62
1 3 6 17 102
