421 193
1 3 1 1 29
1 6 3 39 128 251 128 251
1 5 3 39 128 251 371
1 1 5
1 6 3 39 128 251 128 251
1 6 3 39 128 251 128 251
1 7 3 39 128 251 128 251 374
1 7 3 39 128 251 128 251 373
1 8 3 39 128 251 128 251 128 251
1 8 3 39 128 251 128 251 128 251
1 6 3 39 128 251 128 251
1 9 3 39 128 251 6 3 39 6 60
1 3 6 3 39
1 1 8
1 4 6 3 39 133
1 3 6 3 39
1 4 11 3 39 7
1 4 3 39 128 251
1 2 12 77
1 1 13
1 2 7 65
1 2 3 38
1 4 3 39 128 251
1 4 3 39 128 251
1 3 3 39 132
1 6 3 39 128 251 128 251
1 6 3 39 128 251 128 251
1 6 3 39 128 251 128 251
1 6 3 39 128 251 128 251
1 6 3 39 128 251 128 251
1 6 3 39 128 251 128 251
1 8 3 39 128 251 128 251 128 251
1 6 3 39 128 251 128 251
1 8 3 39 128 251 128 251 128 251
1 3 3 39 130
1 4 3 39 128 251
1 4 3 39 128 251
1 6 6 3 39 128 251 6
1 4 3 39 128 251
1 4 3 39 128 251
1 1 8
1 3 4 45 155
1 4 3 39 128 251
1 4 6 3 39 133
1 3 3 39 6
1 2 12 77
1 2 16 84
1 3 4 45 156
1 3 3 39 6
1 2 3 38
1 3 6 3 39
1 3 3 39 6
1 3 3 39 129
1 3 3 39 251
1 5 3 39 6 19 101
1 2 19 102
1 2 19 101
1 3 19 19 96
1 5 3 39 19 39 138
1 1 10
1 1 17
1 4 3 39 6 58
1 2 16 87
1 5 19 19 19 19 103
1 3 3 39 134
1 2 16 88
1 4 19 19 19 101
1 3 19 19 19
1 3 3 39 251
1 3 3 39 142
1 2 7 71
1 1 15
1 4 129 3 39 130
1 6 129 259 394 258 393 510
1 6 129 259 394 258 393 510
1 6 129 259 394 258 393 510
1 6 129 259 394 258 393 510
1 6 129 259 394 258 393 510
1 6 129 259 394 258 393 510
1 2 129 257
1 6 129 259 394 258 393 510
1 6 3 39 129 258 393 510
1 4 3 39 129 256
1 1 14
1 6 3 39 129 258 393 510
1 2 19 104
1 2 4 46
1 2 4 46
1 2 4 46
1 3 1 1 29
1 3 3 39 134
1 4 3 39 128 251
1 4 3 39 135 271
1 4 3 39 135 271
1 4 3 39 128 251
1 1 8
1 4 3 39 131 267
1 3 3 39 133
1 4 6 3 39 133
1 2 6 59
1 6 3 39 129 258 391 508
1 6 3 39 129 258 391 508
1 6 3 39 129 258 391 508
1 5 3 39 7 1 31
1 2 7 65
1 5 129 258 391 508 603
1 1 5
1 6 3 39 129 258 391 508
1 6 3 39 129 258 391 508
1 6 3 39 129 258 391 508
1 6 3 39 129 258 391 508
1 9 3 39 128 251 128 251 6 3 41
1 8 3 39 128 251 128 251 128 251
1 8 3 39 128 251 128 251 128 251
1 8 3 39 128 251 128 251 128 251
1 11 3 39 128 251 6 3 39 6 3 39 6
1 8 3 39 128 251 128 251 128 251
1 8 3 39 128 251 128 251 128 251
1 8 3 39 128 251 128 251 128 251
1 9 3 39 128 251 128 251 6 3 41
1 4 6 3 39 141
1 4 11 3 39 127
1 3 7 1 34
1 4 19 39 135 271
1 5 3 39 7 1 31
1 10 3 39 128 251 128 251 6 19 39 6
1 3 7 1 31
1 5 3 39 7 1 31
1 10 3 39 128 251 4 50 45 4 19 39
1 13 3 39 128 251 4 45 4 45 4 6 19 39 6
1 12 3 39 128 251 128 251 4 50 45 4 19 39
1 10 3 39 128 251 4 50 45 4 19 39
1 10 3 39 128 251 4 50 45 4 19 39
1 10 3 39 128 251 4 50 45 4 19 39
1 9 3 39 128 251 4 50 4 45 157
1 13 3 39 128 251 4 45 4 45 4 6 19 39 6
1 6 6 19 39 7 1 31
1 4 6 3 39 142
1 6 3 39 128 251 128 251
1 4 3 39 128 251
1 8 3 39 19 39 128 251 128 251
1 10 3 39 128 251 128 251 128 251 128 251
1 4 3 39 128 251
1 4 3 39 128 251
1 8 3 39 6 3 39 129 259 394
1 4 3 39 19 39
1 4 3 39 6 59
1 6 6 3 39 128 251 6
1 1 2
1 2 18 94
1 2 1 30
1 2 18 90
1 6 3 39 128 251 128 251
1 6 3 39 128 251 128 251
1 6 3 39 128 251 128 251
1 9 3 39 128 251 128 251 128 251 377
1 6 3 39 128 251 128 251
1 6 3 39 128 251 128 251
1 9 3 39 128 251 128 251 128 251 377
1 6 3 39 128 251 128 251
1 2 18 90
1 3 3 39 146
1 3 1 1 29
1 3 6 3 39
1 3 11 3 39
1 4 6 3 39 142
1 7 6 3 39 128 251 6 58
1 10 3 39 128 251 128 251 372 129 3 41
1 10 3 39 128 251 128 251 372 129 3 39
1 8 6 3 39 128 251 128 251 382
1 10 3 39 128 251 128 251 372 129 3 39
1 10 3 39 128 251 128 251 372 129 3 39
1 8 3 39 128 251 128 251 372 129
1 4 6 3 39 133
1 5 3 39 128 251 379
1 2 6 57
1 2 12 77
1 9 6 3 39 128 251 128 251 6 58
1 1 8
1 10 3 39 128 251 128 251 372 129 3 39
1 10 3 39 128 251 128 251 372 129 3 39
1 8 11 3 39 128 251 128 251 376
1 9 6 3 39 128 251 128 251 6 58
1 8 3 39 128 251 128 251 372 129
1 14 7 67 189 313 192 317 442 550 638 707 764 817 860 889
1 6 3 39 128 251 128 251
1 8 3 39 128 251 128 251 128 251
1 4 3 39 128 251
1 6 3 39 128 251 128 251
1 6 3 39 128 251 128 251
1 7 3 39 128 251 128 251 370
1 4 3 39 128 251
1 4 6 3 39 126
1 1 13
1 14 7 67 189 313 192 317 442 550 638 707 764 817 860 889
1 2 12 78
1 14 7 67 189 313 192 317 442 550 638 707 764 817 860 889
1 14 7 67 189 313 192 317 442 550 638 707 764 817 860 889
1 2 11 76
1 4 3 39 131 264
1 14 7 67 189 313 192 317 442 550 638 707 764 817 860 889
1 3 7 67 188
1 3 7 67 190
1 4 6 3 39 126
1 1 13
1 9 7 67 189 313 192 317 442 550 639
1 4 3 39 131 265
1 1 22
1 4 3 39 128 251
1 4 3 39 128 251
1 4 3 39 128 251
1 4 3 39 128 251
1 4 3 39 128 251
1 3 3 39 137
1 4 3 39 128 251
1 3 3 39 137
1 3 4 4 4
1 3 1 1 29
1 4 6 3 39 142
1 3 6 19 98
1 5 3 39 6 19 105
1 5 6 19 39 19 100
1 5 6 19 39 128 254
1 4 3 39 135 272
1 5 6 19 39 19 99
1 5 6 19 39 128 253
1 5 6 19 39 128 252
1 5 19 19 39 131 263
1 4 3 39 131 266
1 15 19 3 39 128 251 378 494 590 19 3 39 128 251 378 495
1 16 19 19 39 128 251 378 494 590 19 3 39 19 39 128 251 383
1 12 19 3 39 128 251 378 494 590 19 3 39 148
1 15 19 19 39 128 251 378 494 590 19 3 39 128 251 378 496
1 9 19 19 39 128 251 378 494 590 19
1 9 19 3 39 128 251 378 494 590 19
1 15 19 19 39 128 251 378 494 590 19 3 39 128 251 378 496
1 3 3 39 134
1 2 18 93
1 4 3 39 128 251
1 4 3 39 128 251
1 6 6 3 39 128 251 6
1 4 3 39 128 251
1 4 3 39 251 4
1 4 6 19 39 126
1 3 1 31 118
1 6 3 39 6 3 39 6
1 2 11 75
1 2 3 38
1 4 3 39 128 251
1 3 3 39 143
1 3 3 39 143
1 3 3 39 126
1 3 21 107 233
1 3 21 107 233
1 3 21 107 233
1 3 21 107 233
1 4 3 39 128 251
1 4 3 39 128 251
1 3 21 107 233
1 3 3 39 139
1 1 25
1 6 3 39 128 251 128 251
1 6 3 39 128 251 128 251
1 5 3 39 128 251 375
1 8 19 39 128 251 128 251 4 4
1 7 3 39 128 251 4 45 45
1 4 3 39 128 251
1 4 4 6 3 40
1 4 3 39 128 251
1 2 3 37
1 2 7 65
1 4 3 39 128 251
1 3 1 1 29
1 5 3 39 129 258 391
1 2 18 93
1 4 6 3 39 139
1 3 3 39 251
1 4 3 39 128 251
1 6 3 39 128 251 128 251
1 4 3 39 128 251
1 5 6 3 39 128 251
1 4 11 3 39 136
1 5 129 259 394 258 390
1 6 3 39 129 3 39 130
1 5 129 259 394 258 390
1 5 3 39 128 251 371
1 3 129 258 390
1 2 12 77
1 6 11 3 39 129 258 392
1 12 7 69 192 317 442 550 638 707 764 817 860 889
1 5 3 39 251 6 59
1 6 6 3 39 128 251 373
1 2 16 85
1 1 14
1 4 3 39 128 251
1 5 3 39 128 251 375
1 4 3 39 251 128
1 5 3 39 128 251 373
1 12 7 69 192 317 442 550 638 707 764 817 860 889
1 2 18 92
1 3 7 70 194
1 4 1 7 70 194
1 4 1 7 70 193
1 3 1 7 64
1 2 18 92
1 2 18 92
1 4 1 7 70 194
1 12 7 69 192 317 442 550 638 707 764 817 860 889
1 2 18 92
1 2 7 64
1 3 1 7 68
1 3 1 7 68
1 4 1 7 70 194
1 3 7 1 31
1 12 7 69 192 317 442 550 638 707 764 817 860 889
1 3 3 39 144
1 4 7 67 189 314
1 1 9
1 11 3 39 7 69 192 317 442 550 638 707 763
1 8 3 39 128 251 128 251 128 251
1 3 3 39 145
1 5 3 39 128 251 373
1 5 1 1 1 1 1
1 3 3 39 149
1 1 26
1 4 3 39 6 61
1 4 3 39 6 61
1 1 24
1 3 3 39 251
1 3 3 39 140
1 2 6 63
1 3 1 1 29
1 6 4 4 4 45 4 48
1 5 4 4 45 4 48
1 10 50 45 4 45 4 4 4 4 45 158
1 14 4 4 4 4 45 4 4 45 4 4 45 45 4 4
1 22 4 50 45 4 4 4 4 4 45 45 4 4 45 4 50 45 4 4 19 39 128 255
1 2 3 38
1 2 28 114
1 7 4 45 4 50 4 4 55
1 3 4 4 4
1 16 4 4 4 4 45 4 4 45 50 4 4 4 4 50 4 52
1 12 4 4 4 50 4 45 4 50 4 45 50 161
1 5 4 50 45 4 52
1 21 4 4 4 45 4 4 45 4 45 50 4 4 4 45 4 50 4 4 45 4 49
1 10 4 4 4 4 4 4 45 4 4 54
1 4 50 45 4 4
1 4 4 4 4 47
1 3 4 4 48
1 2 4 53
1 15 50 4 4 45 4 45 4 4 45 4 50 4 45 4 53
1 13 4 4 4 4 4 4 45 4 45 4 4 4 52
1 9 4 4 45 4 19 39 128 251 381
1 1 27
1 9 4 4 4 45 4 4 4 4 49
1 5 50 4 4 4 6
1 6 3 39 251 4 4 55
1 11 4 4 4 50 4 4 4 4 4 50 162
1 2 28 114
1 23 4 4 4 45 50 4 4 50 45 4 4 50 45 4 45 4 4 4 45 4 45 50 162
1 11 4 45 4 45 4 45 4 4 4 50 163
1 6 4 4 45 4 4 51
1 12 4 45 4 50 4 45 4 4 50 4 50 164
1 9 4 4 50 4 4 4 45 4 49
1 3 50 4 51
1 1 23
1 2 28 116
1 16 4 4 45 4 4 4 45 4 4 45 4 50 45 4 4 52
1 10 50 4 4 4 4 4 4 45 4 49
1 2 3 42
1 6 4 4 4 45 4 55
1 9 3 39 128 251 128 251 4 50 162
1 2 28 114
1 14 4 4 4 4 4 4 45 50 45 45 50 4 4 53
1 25 4 4 4 45 4 4 45 4 45 4 4 45 50 45 4 4 45 4 45 4 6 3 39 251 380
1 15 4 50 45 45 45 4 4 50 45 50 4 19 39 251 381
1 2 19 97
1 4 3 39 131 266
1 5 19 3 39 6 62
1 2 19 96
1 4 3 39 135 271
1 2 3 44
1 2 19 95
1 2 19 96
1 4 11 3 39 134
1 2 1 32
1 6 6 3 39 7 1 33
1 2 1 33
1 2 18 91
1 2 3 43
1 6 3 39 128 251 6 61
1 4 3 39 128 251
1 4 19 39 128 251
1 5 3 39 129 259 395
1 3 3 39 19
1 4 3 39 128 251
1 4 3 39 128 251
1 3 3 39 19
1 4 6 3 39 130
1 3 6 3 39
1 2 28 115
1 4 19 19 3 39
1 2 19 95
1 1 2
1 4 19 19 3 39
1 6 6 3 39 7 1 31
1 4 3 39 129 259
1 2 19 95
1 6 11 3 39 7 1 31
1 2 16 84
1 4 3 39 6 60
1 9 7 69 192 317 442 550 638 707 763
1 2 7 66
1 3 3 39 128
1 3 3 39 147
1 1 5
1 3 6 19 98
1 2 16 86
1 3 7 1 31
1 4 3 39 128 251
1 1 20
