427 172
1 2 1 26
1 6 3 35 3 35 120 246
1 1 5
1 6 3 35 3 35 3 35
1 6 3 35 3 35 3 35
1 9 3 35 3 35 3 35 7 1 28
1 8 3 35 3 35 3 35 3 35
1 3 7 1 28
1 3 6 3 35
1 4 8 3 35 122
1 4 6 3 35 123
1 3 6 3 35
1 4 10 3 35 125
1 4 10 3 35 7
1 4 3 35 3 35
1 3 12 3 35
1 2 7 62
1 15 3 3 35 7 65 181 310 428 522 594 660 717 769 815 850
1 4 3 35 7 66
1 4 3 35 3 35
1 4 3 35 3 35
1 4 3 35 3 35
1 3 3 35 122
1 6 3 35 3 35 3 35
1 6 3 35 3 35 3 35
1 6 3 35 3 35 3 35
1 6 3 35 3 35 3 35
1 6 3 35 3 35 3 35
1 6 3 35 3 35 3 35
1 3 3 35 129
1 6 3 35 3 35 3 35
1 8 3 35 3 35 3 35 3 35
1 7 3 35 247 120 3 35 6
1 4 3 35 3 35
1 6 6 3 35 3 35 6
1 4 3 35 3 35
1 4 3 35 3 35
1 5 8 3 35 15 87
1 3 4 42 149
1 4 3 35 3 35
1 3 3 35 129
1 4 6 3 35 123
1 3 12 3 35
1 4 3 35 3 35
1 4 3 35 3 35
1 3 3 35 35
1 4 3 35 3 35
1 2 14 79
1 3 4 42 150
1 3 3 3 35
1 3 3 3 35
1 3 6 3 35
1 3 6 3 35
1 3 3 35 6
1 3 3 35 120
1 3 3 35 35
1 5 3 35 6 16 95
1 2 16 96
1 2 16 95
1 3 16 16 93
1 5 3 35 16 91 214
1 1 9
1 2 16 96
1 2 14 82
1 3 3 35 124
1 2 16 96
1 2 14 83
1 4 16 16 16 95
1 3 16 16 16
1 3 3 35 35
1 3 3 35 131
1 5 6 3 35 247 372
1 2 7 68
1 6 120 3 35 247 374 485
1 6 120 248 375 247 374 485
1 6 120 248 375 247 374 485
1 6 120 248 375 247 374 485
1 6 120 248 375 247 374 485
1 6 120 248 375 247 374 485
1 6 120 248 375 247 374 485
1 6 120 248 375 247 374 485
1 2 120 245
1 6 120 248 375 247 374 485
1 6 120 248 375 247 374 485
1 6 3 35 120 247 374 485
1 6 3 35 120 247 374 485
1 4 3 35 120 244
1 6 3 35 120 247 374 485
1 2 4 43
1 2 4 43
1 2 4 43
1 7 6 3 35 3 35 6 58
1 4 3 35 3 35
1 3 3 35 133
1 3 3 35 133
1 3 3 35 126
1 4 3 35 3 35
1 5 8 3 35 15 87
1 3 3 35 121
1 4 6 3 35 123
1 2 6 58
1 6 3 35 120 247 373 484
1 6 3 35 120 247 373 484
1 5 3 35 7 1 28
1 5 3 35 7 1 28
1 1 5
1 6 3 35 120 247 373 484
1 6 3 35 120 247 373 484
1 6 3 35 120 247 373 484
1 6 3 35 120 247 373 484
1 8 3 35 3 35 3 35 3 35
1 8 3 35 3 35 3 35 3 35
1 8 3 35 3 35 3 35 3 35
1 8 3 35 3 35 3 35 3 35
1 8 3 35 3 35 3 35 3 35
1 8 3 35 3 35 3 35 3 35
1 9 3 35 3 35 3 35 6 3 36
1 11 3 35 3 35 6 3 35 3 35 15 84
1 4 6 3 35 130
1 4 10 3 35 119
1 3 7 1 31
1 3 16 91 216
1 1 17
1 3 16 91 213
1 3 7 1 28
1 10 3 35 35 45 3 35 6 16 91 212
1 12 3 35 3 35 3 35 35 45 3 35 16 91
1 10 3 35 3 35 35 45 3 35 16 91
1 10 3 35 3 35 35 45 3 35 16 91
1 3 3 35 134
1 13 3 35 3 35 35 3 35 3 35 6 16 91 212
1 2 10 74
1 4 6 3 35 131
1 6 3 35 3 35 3 35
1 8 3 35 6 3 35 15 3 35
1 4 3 35 3 35
1 7 3 35 16 91 211 334 448
1 10 3 35 3 35 3 35 3 35 3 35
1 4 3 35 3 35
1 4 3 35 3 35
1 4 3 35 6 58
1 6 6 3 35 3 35 6
1 3 15 87 207
1 4 3 35 15 87
1 3 3 35 130
1 2 1 32
1 2 1 27
1 7 15 3 35 3 35 3 35
1 6 3 35 3 35 3 35
1 6 3 35 3 35 3 35
1 11 3 35 3 35 3 35 3 35 15 3 35
1 6 3 35 3 35 3 35
1 6 3 35 3 35 3 35
1 6 3 35 3 35 3 35
1 12 3 35 3 35 3 35 3 35 15 3 35 15
1 6 3 35 3 35 3 35
1 3 15 3 35
1 3 3 35 136
1 2 1 26
1 3 6 3 35
1 3 8 3 35
1 4 6 3 35 130
1 3 10 3 35
1 3 12 3 35
1 4 6 3 35 131
1 7 6 3 35 3 35 6 57
1 11 3 35 3 35 3 35 247 120 3 35 6
1 10 3 35 3 35 3 35 247 120 3 35
1 10 3 35 3 35 3 35 247 120 3 35
1 8 3 35 3 35 3 35 247 120
1 4 6 3 35 123
1 5 3 35 3 35 131
1 8 12 3 35 3 35 3 35 126
1 7 8 3 35 35 3 35 121
1 10 3 35 3 35 3 35 247 120 3 35
1 10 3 35 3 35 3 35 247 120 3 35
1 11 3 35 3 35 3 35 247 120 3 35 35
1 10 3 35 3 35 3 35 247 120 3 35
1 8 10 3 35 3 35 3 35 124
1 9 6 3 35 3 35 3 35 6 57
1 14 7 63 178 306 181 310 428 522 594 660 717 769 815 850
1 14 7 63 178 306 181 310 428 522 594 660 717 769 815 850
1 2 120 246
1 6 3 35 3 35 3 35
1 6 3 35 3 35 3 35
1 8 3 35 3 35 3 35 3 35
1 4 3 35 3 35
1 4 3 35 3 35
1 8 3 35 3 35 3 35 3 35
1 6 3 35 3 35 3 35
1 4 3 35 3 35
1 4 6 3 35 118
1 1 19
1 14 7 63 178 306 181 310 428 522 594 660 717 769 815 850
1 14 7 63 178 306 181 310 428 522 594 660 717 769 815 850
1 2 12 77
1 14 7 63 178 306 181 310 428 522 594 660 717 769 815 850
1 2 10 72
1 3 16 16 16
1 3 3 35 121
1 3 7 63 179
1 3 7 63 177
1 14 7 63 178 306 181 310 428 522 594 660 717 769 815 850
1 14 7 63 178 306 181 310 428 522 594 660 717 769 815 850
1 3 7 63 179
1 4 6 3 35 118
1 1 19
1 9 7 63 178 306 181 310 428 522 595
1 2 10 73
1 1 11
1 4 3 35 3 35
1 4 3 35 3 35
1 4 3 35 3 35
1 4 3 35 3 35
1 3 3 35 128
1 4 3 35 3 35
1 3 3 35 128
1 4 3 35 3 35
1 3 4 4 4
1 2 1 26
1 5 6 16 91 211 336
1 4 6 16 91 215
1 4 6 3 35 131
1 3 6 16 94
1 5 3 35 6 16 97
1 4 6 16 91 215
1 3 3 35 133
1 4 6 16 91 215
1 5 6 16 91 211 335
1 12 16 16 91 211 334 449 211 334 449 211 334 448
1 13 16 16 91 211 334 449 211 334 449 211 334 449 533
1 12 16 16 91 211 334 449 211 334 449 211 334 448
1 10 16 16 91 211 334 449 211 334 449 533
1 9 16 16 91 211 334 449 211 334 449
1 9 16 3 35 3 35 16 3 35 16
1 12 16 16 91 211 334 449 211 334 449 211 334 448
1 3 3 35 124
1 6 3 35 3 35 15 87
1 2 15 86
1 4 3 35 3 35
1 3 3 35 138
1 9 7 65 181 310 428 522 594 660 716
1 4 6 16 91 210
1 1 5
1 6 3 35 6 3 35 6
1 3 1 28 111
1 4 3 35 3 35
1 4 3 35 3 35
1 3 3 35 139
1 4 3 35 3 35
1 3 3 35 132
1 3 18 99 228
1 3 18 99 228
1 3 18 99 228
1 3 18 99 228
1 1 22
1 3 18 99 228
1 4 3 35 15 88
1 1 23
1 6 3 35 3 35 3 35
1 5 3 35 3 35 134
1 4 3 35 15 86
1 5 3 35 35 3 39
1 2 4 44
1 2 15 89
1 4 3 35 3 35
1 2 3 34
1 2 7 62
1 4 3 35 3 35
1 2 1 26
1 5 3 35 120 247 373
1 2 8 70
1 2 15 86
1 4 6 3 35 15
1 3 3 35 35
1 6 3 35 3 35 3 35
1 4 3 35 3 35
1 4 6 3 35 123
1 4 10 3 35 127
1 5 120 248 375 247 371
1 5 120 248 375 247 371
1 7 3 35 3 35 120 247 373
1 3 3 35 127
1 4 3 35 120 247
1 3 120 247 371
1 6 12 3 35 7 1 28
1 12 7 65 181 310 428 522 594 660 717 769 815 850
1 5 3 35 35 6 58
1 8 6 3 35 3 35 7 1 28
1 7 7 65 181 310 428 522 595
1 2 14 80
1 1 13
1 1 13
1 4 3 35 3 35
1 4 3 35 3 35
1 5 3 35 3 35 134
1 4 3 35 3 35
1 7 3 35 3 35 7 1 28
1 2 14 79
1 12 7 65 181 310 428 522 594 660 717 769 815 850
1 2 15 85
1 3 7 67 185
1 4 1 7 67 185
1 4 1 7 67 184
1 3 1 7 61
1 2 15 85
1 3 1 7 61
1 2 15 85
1 4 1 7 67 185
1 3 1 7 69
1 12 7 65 181 310 428 522 594 660 717 769 815 850
1 12 7 65 181 310 428 522 594 660 717 769 815 850
1 2 15 85
1 2 7 61
1 4 1 7 65 182
1 3 1 7 64
1 3 1 7 61
1 3 1 7 64
1 4 1 7 67 185
1 3 7 1 28
1 12 7 65 181 310 428 522 594 660 717 769 815 850
1 4 7 63 178 307
1 11 3 35 7 65 181 310 428 522 594 660 716
1 2 3 37
1 3 3 35 45
1 1 13
1 3 3 35 35
1 6 3 35 7 1 28 111
1 3 3 35 137
1 1 21
1 4 3 35 6 59
1 4 3 35 6 59
1 3 3 35 138
1 1 20
1 3 3 35 35
1 6 4 4 4 42 4 46
1 5 4 4 42 4 46
1 10 45 3 35 3 35 35 35 35 3 40
1 12 4 4 4 4 42 4 4 42 4 4 42 148
1 22 4 45 3 35 35 35 35 35 3 3 35 35 3 35 45 3 35 35 16 91 211 337
1 10 3 3 35 35 45 4 45 4 4 48
1 1 25
1 14 3 35 35 35 35 35 3 3 35 35 16 3 35 35
1 3 4 4 4
1 16 4 4 4 4 42 4 4 42 45 4 4 4 4 45 4 50
1 2 3 37
1 12 4 4 4 45 4 42 4 45 4 42 45 155
1 5 4 45 3 35 135
1 10 4 4 4 4 4 4 42 4 4 53
1 4 4 4 4 49
1 3 4 4 46
1 2 4 52
1 15 45 4 4 42 4 42 4 4 42 4 45 4 42 4 52
1 13 4 4 4 4 4 4 42 4 42 4 4 4 50
1 5 4 4 42 4 47
1 6 4 45 4 4 4 44
1 1 24
1 9 4 4 4 42 4 4 4 4 48
1 5 45 4 4 4 44
1 6 3 35 35 35 35 140
1 11 4 4 4 45 4 4 4 4 4 45 156
1 1 25
1 22 4 4 4 42 45 4 4 45 3 35 35 45 3 35 3 35 35 35 3 35 3 37
1 11 4 42 4 42 4 42 4 4 4 45 154
1 6 4 4 42 4 4 51
1 12 4 42 4 45 4 42 4 4 45 4 45 157
1 6 4 45 4 4 4 4
1 3 16 91 215
1 9 4 4 45 4 4 4 42 4 48
1 3 45 4 51
1 1 22
1 10 45 3 35 35 35 3 35 35 45 156
1 1 25
1 16 4 4 42 4 4 4 42 4 4 42 4 45 3 35 35 135
1 10 45 4 4 4 4 4 4 42 4 48
1 2 3 38
1 6 4 4 4 42 4 54
1 9 3 35 3 35 3 35 35 45 156
1 11 4 4 4 4 4 4 42 45 3 3 37
1 7 45 4 45 4 4 42 151
1 4 4 45 4 4
1 25 4 4 4 42 4 4 42 4 42 4 4 42 45 3 35 35 3 35 3 35 6 3 35 35 132
1 3 3 35 121
1 5 16 3 35 6 60
1 2 16 93
1 3 3 35 133
1 2 3 41
1 2 16 92
1 3 7 1 28
1 5 16 3 35 3 35
1 2 1 29
1 4 3 35 3 35
1 6 6 3 35 7 1 30
1 2 1 30
1 4 3 35 3 35
1 6 3 35 3 35 6 59
1 4 16 91 211 334
1 5 3 35 120 248 376
1 4 3 35 3 35
1 4 3 35 16 91
1 3 3 35 16
1 5 6 3 35 247 371
1 5 6 3 35 16 92
1 3 6 3 35
1 1 25
1 2 16 92
1 1 2
1 3 16 16 16
1 3 16 16 16
1 4 16 16 3 35
1 4 16 16 16 95
1 6 6 3 35 7 1 28
1 1 11
1 3 6 3 35
1 4 3 35 120 248
1 2 16 92
1 6 10 3 35 7 1 28
1 2 14 79
1 3 3 35 3
1 3 3 35 129
1 1 5
1 3 6 16 94
1 2 14 81
1 3 7 1 28
1 3 6 16 90
1 4 3 35 3 35
1 1 17
