421 179
1 3 1 1 27
1 6 3 35 3 35 3 35
1 6 3 35 3 35 120 243
1 6 3 35 3 35 3 35
1 6 3 35 3 35 3 35
1 7 3 35 3 35 3 35 122
1 6 3 35 3 35 3 35
1 9 3 35 3 35 3 35 7 58 172
1 8 3 35 3 35 3 35 3 35
1 8 3 35 3 35 3 35 3 35
1 6 3 35 3 35 3 35
1 9 3 35 3 35 6 3 35 6 55
1 3 7 58 172
1 3 6 3 35
1 1 8
1 4 6 3 35 126
1 3 6 3 35
1 4 10 3 35 127
1 4 3 35 3 35
1 1 12
1 1 13
1 15 3 3 35 7 64 425 519 596 659 712 762 808 844 875 898
1 4 3 35 7 66
1 4 3 35 3 35
1 4 3 35 3 35
1 4 3 35 3 35
1 3 3 35 125
1 6 3 35 3 35 3 35
1 6 3 35 3 35 3 35
1 6 3 35 3 35 3 35
1 6 3 35 3 35 3 35
1 3 3 35 132
1 8 3 35 3 35 3 35 3 35
1 6 3 35 3 35 3 35
1 8 3 35 3 35 3 35 3 35
1 4 3 35 3 35
1 1 8
1 3 3 35 132
1 3 3 35 6
1 4 3 35 3 35
1 4 3 35 3 35
1 3 3 35 35
1 4 3 35 3 35
1 2 14 82
1 3 4 3 38
1 3 3 35 6
1 3 3 3 35
1 3 3 3 35
1 3 6 3 35
1 3 6 3 35
1 3 3 35 6
1 2 18 98
1 1 17
1 4 3 35 6 53
1 2 18 100
1 2 14 85
1 5 18 99 18 99 222
1 4 3 35 10 75
1 2 18 100
1 2 14 86
1 4 18 99 18 98
1 3 3 35 137
1 5 6 3 35 121 247
1 1 16
1 6 120 3 35 121 248 375
1 6 120 245 371 121 248 375
1 6 120 245 371 121 248 375
1 6 120 245 371 121 248 375
1 6 120 245 371 121 248 375
1 2 120 242
1 6 120 245 371 121 248 375
1 5 3 35 120 244 370
1 4 3 35 120 241
1 1 15
1 2 18 101
1 2 4 46
1 2 4 46
1 3 1 1 27
1 7 6 3 35 3 35 6 54
1 6 3 35 10 3 35 139
1 3 3 35 129
1 3 3 35 128
1 4 3 35 3 35
1 4 3 35 124 255
1 3 3 35 126
1 4 6 3 35 126
1 6 3 35 120 244 368 474
1 6 3 35 120 244 368 474
1 6 3 35 120 244 368 474
1 5 3 35 7 58 172
1 2 7 60
1 5 120 244 368 474 556
1 5 3 35 7 58 172
1 6 3 35 120 244 368 474
1 6 3 35 120 244 368 474
1 6 3 35 120 244 368 474
1 6 3 35 120 244 368 474
1 6 3 35 120 244 368 474
1 6 3 35 120 244 368 474
1 9 3 35 3 35 3 35 6 3 40
1 8 3 35 3 35 3 35 3 35
1 8 3 35 3 35 3 35 3 35
1 11 3 35 3 35 6 3 35 6 3 35 6
1 8 3 35 3 35 3 35 3 35
1 8 3 35 3 35 3 35 3 35
1 11 3 35 3 35 6 3 35 3 35 134 269
1 1 19
1 4 18 35 124 254
1 3 7 58 172
1 5 3 35 7 58 172
1 10 3 35 3 35 3 35 6 18 35 6
1 3 7 58 172
1 5 3 35 7 58 172
1 10 3 35 35 133 3 35 6 18 35 6
1 10 3 35 3 35 35 133 3 35 18 35
1 13 3 35 3 35 35 3 35 3 35 6 18 35 6
1 12 3 35 3 35 3 35 35 133 3 35 18 35
1 10 3 35 3 35 35 133 3 35 18 35
1 10 3 35 3 35 35 133 3 35 18 35
1 3 3 35 123
1 9 3 35 3 35 35 133 35 3 42
1 13 3 35 3 35 35 3 35 3 35 6 18 35 6
1 6 6 18 35 7 58 172
1 2 10 75
1 4 6 3 35 137
1 6 3 35 3 35 3 35
1 7 3 35 6 3 35 134 268
1 4 3 35 3 35
1 8 3 35 18 35 3 35 3 35
1 8 3 35 18 35 3 35 3 35
1 10 3 35 3 35 3 35 3 35 3 35
1 4 3 35 3 35
1 4 3 35 3 35
1 8 3 35 6 3 35 120 245 371
1 4 3 35 18 35
1 4 3 35 6 54
1 6 6 3 35 3 35 6
1 1 2
1 4 3 35 134 272
1 3 3 35 136
1 2 1 31
1 2 1 28
1 2 134 268
1 6 3 35 3 35 3 35
1 6 3 35 3 35 3 35
1 10 3 35 3 35 3 35 3 35 134 268
1 6 3 35 3 35 3 35
1 10 3 35 3 35 3 35 3 35 134 268
1 6 3 35 3 35 3 35
1 3 3 35 141
1 3 1 1 27
1 3 6 3 35
1 1 8
1 4 6 3 35 136
1 3 10 3 35
1 1 12
1 7 6 3 35 3 35 6 53
1 10 3 35 3 35 3 35 121 120 3 40
1 11 3 35 3 35 3 35 121 120 3 35 6
1 10 3 35 3 35 3 35 121 120 3 35
1 8 6 3 35 3 35 3 35 132
1 10 3 35 3 35 3 35 121 120 3 35
1 10 3 35 3 35 3 35 121 120 3 35
1 8 3 35 3 35 3 35 121 120
1 4 6 3 35 126
1 5 3 35 3 35 137
1 2 6 52
1 1 12
1 9 6 3 35 3 35 3 35 6 53
1 10 3 35 3 35 3 35 121 120 3 35
1 10 3 35 3 35 3 35 121 120 3 35
1 11 3 35 3 35 3 35 121 120 3 35 35
1 10 3 35 3 35 3 35 121 120 3 35
1 9 10 3 35 3 35 3 35 10 73
1 8 3 35 3 35 3 35 121 120
1 14 7 62 179 307 425 519 596 659 712 762 808 844 875 898
1 2 120 243
1 6 3 35 3 35 3 35
1 8 3 35 3 35 3 35 3 35
1 4 3 35 3 35
1 6 3 35 3 35 3 35
1 8 3 35 3 35 3 35 3 35
1 7 3 35 3 35 3 35 119
1 4 3 35 3 35
1 14 7 62 179 307 425 519 596 659 712 762 808 844 875 898
1 14 7 62 179 307 425 519 596 659 712 762 808 844 875 898
1 1 12
1 14 7 62 179 307 425 519 596 659 712 762 808 844 875 898
1 14 7 62 179 307 425 519 596 659 712 762 808 844 875 898
1 3 18 99 18
1 4 3 35 124 252
1 14 7 62 179 307 425 519 596 659 712 762 808 844 875 898
1 3 7 62 180
1 3 7 62 178
1 14 7 62 179 307 425 519 596 659 712 762 808 844 875 898
1 14 7 62 179 307 425 519 596 659 712 762 808 844 875 898
1 4 6 3 35 119
1 1 13
1 9 7 62 179 307 425 519 596 659 713
1 2 10 74
1 1 11
1 4 3 35 124 253
1 1 22
1 4 3 35 3 35
1 4 3 35 3 35
1 3 3 35 130
1 4 3 35 3 35
1 3 3 35 130
1 4 3 35 3 35
1 3 1 1 27
1 5 6 18 35 3 37
1 5 6 18 35 18 95
1 3 6 18 95
1 5 3 35 6 18 102
1 5 6 18 35 18 97
1 5 6 18 35 3 39
1 5 6 18 35 18 96
1 5 6 18 35 3 37
1 5 6 18 35 3 36
1 4 18 99 221 349
1 4 3 35 124 254
1 18 18 3 35 3 35 18 3 35 18 3 35 3 35 18 35 3 35 142
1 12 18 99 221 348 459 99 348 459 99 348 459 541
1 16 18 99 221 348 459 99 348 459 99 348 459 99 221 348 459 542
1 12 18 3 35 3 35 18 3 35 18 3 35 140
1 13 18 99 221 348 459 99 348 459 99 221 348 459 541
1 9 18 3 35 3 35 18 3 35 18
1 12 18 99 221 348 459 99 348 459 99 348 459 541
1 12 18 99 221 348 459 99 348 459 99 348 459 541
1 5 3 35 10 3 35
1 6 3 35 3 35 134 272
1 4 3 35 3 35
1 4 3 35 3 35
1 6 6 3 35 3 35 6
1 4 3 35 3 35
1 4 3 35 35 35
1 3 3 35 144
1 9 7 64 425 519 596 659 712 762 807
1 2 1 29
1 1 5
1 6 3 35 6 3 35 6
1 2 10 75
1 5 3 3 35 10 72
1 2 1 29
1 4 3 35 3 35
1 4 3 35 3 35
1 3 3 35 145
1 3 3 35 138
1 4 3 35 3 35
1 3 3 35 119
1 3 20 104 227
1 3 20 104 227
1 3 20 104 227
1 3 20 104 227
1 3 20 104 227
1 4 3 35 3 35
1 4 3 35 3 35
1 1 23
1 4 3 35 134 273
1 1 24
1 6 3 35 3 35 3 35
1 6 3 35 3 35 3 35
1 5 3 35 3 35 123
1 8 18 35 3 35 3 35 35 35
1 7 3 35 3 35 35 3 3
1 4 3 35 3 35
1 4 3 35 134 271
1 5 3 35 35 3 43
1 2 4 47
1 2 134 274
1 4 3 35 3 35
1 2 3 34
1 2 7 60
1 4 3 35 3 35
1 3 1 1 27
1 5 3 35 120 244 368
1 1 8
1 2 134 271
1 4 6 3 35 134
1 3 3 35 35
1 4 3 35 3 35
1 3 3 35 35
1 6 3 35 3 35 3 35
1 4 3 35 3 35
1 5 6 3 35 3 35
1 4 6 3 35 126
1 6 3 35 120 3 35 121
1 5 120 245 371 121 246
1 7 3 35 3 35 120 244 368
1 3 3 35 131
1 4 3 35 120 244
1 6 10 3 35 120 244 369
1 8 6 3 35 3 35 7 58 172
1 7 7 64 425 519 596 659 713
1 2 14 83
1 1 15
1 1 15
1 4 3 35 3 35
1 5 3 35 3 35 123
1 4 3 35 35 3
1 4 3 35 3 35
1 7 3 35 3 35 7 58 172
1 2 14 82
1 2 134 270
1 2 7 67
1 3 1 7 67
1 3 1 7 67
1 3 1 7 59
1 2 134 270
1 3 1 7 59
1 2 134 270
1 3 1 7 68
1 12 7 64 425 519 596 659 712 762 808 844 875 898
1 12 7 64 425 519 596 659 712 762 808 844 875 898
1 2 134 270
1 4 1 7 64 181
1 3 1 7 65
1 3 1 7 59
1 3 1 7 67
1 12 7 64 425 519 596 659 712 762 808 844 875 898
1 3 3 35 143
1 4 7 62 179 308
1 1 9
1 11 3 35 7 64 425 519 596 659 712 762 807
1 3 3 133 266
1 8 3 35 3 35 3 35 3 35
1 3 3 35 133
1 6 3 35 3 35 7 63
1 1 15
1 3 3 35 35
1 6 3 35 7 58 172 300
1 5 1 1 1 1 1
1 1 21
1 3 3 35 144
1 3 3 35 135
1 2 6 57
1 3 1 1 27
1 5 4 4 3 35 135
1 14 4 4 4 4 3 35 35 3 35 35 3 3 35 35
1 3 4 49 160
1 10 3 3 35 35 133 35 133 35 35 138
1 7 4 3 35 133 35 35 146
1 14 3 35 35 35 35 35 3 3 35 35 18 3 35 35
1 15 3 133 35 3 133 3 35 3 133 35 35 35 133 35 35
1 21 4 4 4 3 35 35 3 35 3 133 35 35 35 3 35 133 35 35 3 35 138
1 10 4 4 4 4 4 4 3 35 35 147
1 4 133 3 35 35
1 4 4 4 4 48
1 2 4 50
1 15 133 35 35 3 35 3 35 35 3 35 133 35 3 35 148
1 10 4 4 3 35 18 35 3 35 133 267
1 6 4 49 4 4 4 47
1 1 26
1 9 4 4 4 3 35 35 35 35 138
1 5 133 35 35 35 6
1 11 4 4 4 49 4 4 4 4 4 49 161
1 1 25
1 23 4 4 4 3 133 35 35 133 3 35 35 133 3 35 3 35 35 35 3 35 3 133 265
1 11 4 3 35 3 35 3 35 35 35 133 264
1 6 4 4 3 35 35 142
1 12 4 3 35 133 35 3 35 35 133 35 133 267
1 6 4 49 4 4 4 4
1 23 18 35 18 35 133 35 3 35 3 35 35 3 35 3 133 35 3 35 133 3 35 133 265
1 9 4 4 49 4 4 4 3 35 138
1 3 133 35 142
1 1 23
1 10 133 3 35 35 35 3 35 35 133 265
1 1 25
1 16 4 4 3 35 35 35 3 35 35 3 35 133 3 35 35 140
1 10 133 35 35 35 35 35 35 3 35 138
1 2 3 41
1 6 4 4 4 3 35 146
1 9 3 35 3 35 3 35 35 133 265
1 1 25
1 7 133 35 133 35 35 3 44
1 4 4 49 4 4
1 3 4 49 160
1 2 18 94
1 4 3 35 124 254
1 3 3 35 129
1 2 3 45
1 3 7 58 172
1 5 18 3 35 3 35
1 2 18 93
1 5 10 3 35 10 75
1 4 3 35 3 35
1 6 6 3 35 7 58 173
1 2 1 30
1 2 134 269
1 4 3 35 3 35
1 2 3 42
1 6 3 35 3 35 6 56
1 4 3 35 3 35
1 5 3 35 120 245 372
1 3 3 35 18
1 4 3 35 3 35
1 4 3 35 18 35
1 3 3 35 18
1 5 6 3 35 121 246
1 5 6 3 35 18 92
1 3 6 3 35
1 4 18 99 348 459
1 2 18 92
1 1 2
1 3 18 99 18
1 3 18 99 18
1 4 18 99 18 98
1 6 6 3 35 7 58 172
1 1 11
1 3 6 3 35
1 2 18 92
1 2 14 82
1 4 3 35 6 55
1 9 7 64 425 519 596 659 712 762 807
1 2 7 61
1 3 6 18 95
1 2 14 84
1 3 7 58 172
1 3 6 18 91
1 4 3 35 3 35
1 1 19
