536 218
1 3 1 1 30
1 6 3 39 138 288 138 288
1 5 3 39 138 288 435
1 1 5
1 6 3 39 138 288 138 288
1 6 3 39 138 288 138 288
1 7 3 39 138 288 138 288 436
1 6 3 39 138 288 138 288
1 9 3 39 138 288 138 288 7 64 199
1 8 3 39 138 288 138 288 138 288
1 8 3 39 138 288 138 288 138 288
1 6 3 39 138 288 138 288
1 9 3 39 138 288 6 138 288 6 61
1 3 7 64 199
1 3 6 138 288
1 4 8 3 39 143
1 4 6 138 288 438
1 3 6 138 288
1 4 11 3 39 145
1 4 11 3 39 7
1 4 3 39 138 288
1 3 13 3 39
1 1 14
1 2 7 66
1 15 3 3 39 7 71 503 624 720 797 861 916 970 1009 1042 1065
1 4 3 39 7 72
1 4 3 39 138 288
1 4 3 39 138 288
1 4 3 39 138 288
1 3 3 39 143
1 6 3 39 138 288 138 288
1 6 3 39 138 288 138 288
1 6 3 39 138 288 138 288
1 6 3 39 138 288 138 288
1 6 3 39 138 288 138 288
1 6 3 39 138 288 138 288
1 3 3 39 150
1 8 3 39 138 288 138 288 138 288
1 6 3 39 138 288 138 288
1 8 3 39 138 288 138 288 138 288
1 3 3 39 140
1 4 3 39 138 288
1 4 3 39 138 288
1 6 6 138 288 138 288 6
1 4 3 39 138 288
1 4 3 39 138 288
1 5 8 3 39 19 100
1 3 4 44 167
1 4 3 39 138 288
1 3 3 39 150
1 4 6 138 288 438
1 3 3 39 6
1 3 13 3 39
1 4 3 39 138 288
1 4 3 39 138 288
1 3 3 39 4
1 4 3 39 138 288
1 2 17 91
1 3 4 44 168
1 3 3 39 6
1 3 3 3 39
1 3 3 3 39
1 3 6 138 288
1 3 6 138 288
1 3 3 39 6
1 3 3 39 139
1 3 3 39 4
1 5 3 39 6 20 111
1 2 20 112
1 2 20 111
1 3 20 20 106
1 5 3 39 20 104 253
1 1 10
1 1 18
1 4 3 39 6 59
1 2 20 112
1 2 17 94
1 5 20 20 20 20 113
1 4 3 39 11 82
1 2 20 112
1 2 17 95
1 4 20 20 20 111
1 3 20 20 20
1 3 3 39 4
1 3 3 39 154
1 5 6 138 288 294 451
1 2 7 74
1 1 16
1 6 139 138 288 294 454 585
1 6 139 295 455 294 454 585
1 6 139 295 455 294 454 585
1 6 139 295 455 294 454 585
1 6 139 295 455 294 454 585
1 6 139 295 455 294 454 585
1 6 139 295 455 294 454 585
1 6 139 295 455 294 454 585
1 2 139 292
1 6 139 295 455 294 454 585
1 6 139 295 455 294 454 585
1 6 3 39 139 294 454 585
1 6 3 39 139 294 454 585
1 4 3 39 139 291
1 1 15
1 6 3 39 139 294 454 585
1 2 20 114
1 2 4 45
1 2 4 45
1 2 4 45
1 3 1 1 30
1 7 6 138 288 138 288 6 60
1 6 3 39 11 3 39 156
1 4 3 39 138 288
1 3 3 39 147
1 3 3 39 147
1 3 3 39 146
1 4 3 39 138 288
1 5 8 3 39 19 100
1 4 3 39 142 301
1 3 3 39 144
1 4 6 138 288 438
1 2 6 60
1 6 3 39 139 294 452 583
1 6 3 39 139 294 452 583
1 6 3 39 139 294 452 583
1 5 3 39 7 64 199
1 2 7 66
1 5 139 294 452 583 685
1 5 3 39 7 64 199
1 1 5
1 6 3 39 139 294 452 583
1 6 3 39 139 294 452 583
1 6 3 39 139 294 452 583
1 6 3 39 139 294 452 583
1 6 3 39 139 294 452 583
1 6 3 39 139 294 452 583
1 9 3 39 138 288 138 288 6 138 290
1 8 3 39 138 288 138 288 138 288
1 8 3 39 138 288 138 288 138 288
1 8 3 39 138 288 138 288 138 288
1 8 3 39 138 288 138 288 138 288
1 11 3 39 138 288 6 138 288 6 138 288 6
1 8 3 39 138 288 138 288 138 288
1 8 3 39 138 288 138 288 138 288
1 8 3 39 138 288 138 288 138 288
1 9 3 39 138 288 138 288 6 138 290
1 11 3 39 138 288 6 138 288 138 288 19 97
1 4 6 138 288 443
1 4 11 3 39 137
1 3 7 64 201
1 3 20 104 252
1 1 21
1 3 20 104 251
1 3 7 64 199
1 5 3 39 7 64 199
1 10 3 39 138 288 138 288 6 20 104 249
1 3 7 64 199
1 5 3 39 7 64 199
1 10 3 39 4 48 44 4 6 20 104 249
1 10 3 39 138 288 4 48 44 4 20 104
1 13 3 39 138 288 4 44 4 44 4 6 20 104 249
1 12 3 39 138 288 138 288 4 48 44 4 20 104
1 10 3 39 138 288 4 48 44 4 20 104
1 10 3 39 138 288 4 48 44 4 20 104
1 10 3 39 138 288 4 48 44 4 20 104
1 3 3 39 141
1 9 3 39 138 288 4 48 4 44 169
1 13 3 39 138 288 4 44 4 44 4 6 20 104 249
1 4 6 20 104 250
1 2 11 82
1 4 6 138 288 444
1 6 3 39 138 288 138 288
1 8 3 39 6 138 288 19 3 39
1 4 3 39 138 288
1 8 3 39 20 104 247 104 247 104
1 8 3 39 20 104 247 104 247 104
1 10 3 39 138 288 138 288 138 288 138 288
1 4 3 39 138 288
1 4 3 39 138 288
1 6 3 39 6 138 288 435
1 4 3 39 20 104
1 4 3 39 6 60
1 6 6 138 288 138 288 6
1 1 2
1 3 19 100 243
1 4 3 39 19 100
1 3 3 39 153
1 2 1 35
1 2 1 31
1 7 19 3 39 138 288 138 288
1 6 3 39 138 288 138 288
1 6 3 39 138 288 138 288
1 6 3 39 138 288 138 288
1 11 3 39 138 288 138 288 138 288 19 3 39
1 6 3 39 138 288 138 288
1 6 3 39 138 288 138 288
1 6 3 39 138 288 138 288
1 12 3 39 138 288 138 288 138 288 19 3 39 19
1 6 3 39 138 288 138 288
1 3 19 3 39
1 3 3 39 158
1 3 1 1 30
1 3 6 138 288
1 3 8 3 39
1 4 6 138 288 443
1 3 11 3 39
1 3 13 3 39
1 4 6 138 288 444
1 7 6 138 288 138 288 6 59
1 10 3 39 138 288 138 288 294 139 138 290
1 11 3 39 138 288 138 288 294 139 138 288 6
1 10 3 39 138 288 138 288 294 139 138 288
1 8 6 138 288 138 288 138 288 441
1 10 3 39 138 288 138 288 294 139 138 288
1 10 3 39 138 288 138 288 294 139 138 288
1 8 3 39 138 288 138 288 294 139
1 4 6 138 288 438
1 5 3 39 138 288 444
1 2 6 58
1 8 13 3 39 138 288 138 288 440
1 9 6 138 288 138 288 138 288 6 59
1 7 8 3 39 4 44 4 46
1 10 3 39 138 288 138 288 294 139 138 288
1 10 3 39 138 288 138 288 294 139 138 288
1 11 3 39 138 288 138 288 294 139 138 288 4
1 10 3 39 138 288 138 288 294 139 138 288
1 8 11 3 39 138 288 138 288 439
1 9 6 138 288 138 288 138 288 6 59
1 8 3 39 138 288 138 288 294 139
1 14 7 68 207 356 503 624 720 797 861 916 970 1009 1042 1065
1 14 7 68 207 356 503 624 720 797 861 916 970 1009 1042 1065
1 2 139 293
1 6 3 39 138 288 138 288
1 6 3 39 138 288 138 288
1 8 3 39 138 288 138 288 138 288
1 4 3 39 138 288
1 4 3 39 138 288
1 6 3 39 138 288 138 288
1 8 3 39 138 288 138 288 138 288
1 6 3 39 138 288 138 288
1 7 3 39 138 288 138 288 434
1 4 3 39 138 288
1 4 6 138 288 434
1 1 14
1 14 7 68 207 356 503 624 720 797 861 916 970 1009 1042 1065
1 14 7 68 207 356 503 624 720 797 861 916 970 1009 1042 1065
1 2 13 85
1 14 7 68 207 356 503 624 720 797 861 916 970 1009 1042 1065
1 14 7 68 207 356 503 624 720 797 861 916 970 1009 1042 1065
1 2 11 80
1 3 20 20 20
1 4 3 39 142 298
1 14 7 68 207 356 503 624 720 797 861 916 970 1009 1042 1065
1 3 7 68 208
1 3 7 68 206
1 14 7 68 207 356 503 624 720 797 861 916 970 1009 1042 1065
1 14 7 68 207 356 503 624 720 797 861 916 970 1009 1042 1065
1 3 7 68 208
1 4 6 138 288 434
1 1 14
1 9 7 68 207 356 503 624 720 797 862
1 2 11 81
1 1 12
1 4 3 39 142 299
1 1 25
1 4 3 39 138 288
1 4 3 39 138 288
1 4 3 39 138 288
1 4 3 39 138 288
1 4 3 39 138 288
1 3 3 39 149
1 4 3 39 138 288
1 3 3 39 149
1 4 3 39 138 288
1 3 4 4 4
1 3 1 1 30
1 5 6 20 104 247 393
1 5 6 20 104 20 108
1 4 6 138 288 444
1 3 6 20 108
1 5 3 39 6 20 115
1 5 6 20 104 20 110
1 5 6 20 104 247 394
1 3 3 39 147
1 5 6 20 104 20 109
1 5 6 20 104 247 393
1 5 6 20 104 247 392
1 4 20 20 104 251
1 4 3 39 142 300
1 19 20 247 104 247 104 20 247 104 20 247 104 247 104 20 104 247 104 256 407
1 20 20 20 104 247 104 20 247 104 20 247 104 247 104 20 116 104 247 104 256 407
1 17 20 20 104 247 104 20 247 104 20 247 104 20 104 247 104 256 407
1 12 20 247 104 247 104 20 247 104 20 247 104 255
1 20 20 20 104 247 104 20 247 104 20 247 104 247 104 20 116 104 247 104 256 407
1 22 20 20 104 247 104 20 247 104 20 104 247 104 247 104 20 20 116 104 247 104 256 407
1 9 20 20 104 247 104 20 247 104 20
1 9 20 247 104 247 104 20 247 104 20
1 20 20 20 104 247 104 20 247 104 20 247 104 247 104 20 116 104 247 104 256 407
1 20 20 20 104 247 104 20 247 104 20 247 104 247 104 20 116 104 247 104 256 407
1 5 3 39 11 3 39
1 6 3 39 138 288 19 100
1 2 19 99
1 4 3 39 138 288
1 4 3 39 138 288
1 6 6 138 288 138 288 6
1 4 3 39 138 288
1 4 3 39 4 4
1 3 3 39 160
1 9 7 71 503 624 720 797 861 916 969
1 4 6 20 104 246
1 2 1 32
1 1 5
1 6 3 39 6 138 288 6
1 2 11 82
1 5 3 3 39 11 79
1 2 1 32
1 4 3 39 138 288
1 4 3 39 138 288
1 3 3 39 161
1 3 3 39 155
1 4 3 39 138 288
1 3 3 39 155
1 3 3 39 136
1 3 22 118 272
1 3 22 118 272
1 3 22 118 272
1 3 22 118 272
1 3 22 118 272
1 4 3 39 138 288
1 4 3 39 138 288
1 1 26
1 3 22 118 272
1 4 3 39 19 101
1 1 27
1 6 3 39 138 288 138 288
1 6 3 39 138 288 138 288
1 5 3 39 138 288 437
1 7 20 104 247 104 247 104 248
1 7 3 39 138 288 4 44 44
1 4 3 39 138 288
1 4 3 39 19 99
1 5 3 39 4 44 170
1 4 4 6 138 289
1 2 19 102
1 4 3 39 138 288
1 2 3 38
1 2 7 66
1 4 3 39 138 288
1 3 1 1 30
1 5 3 39 139 294 452
1 2 8 76
1 2 19 99
1 4 6 138 288 19
1 3 3 39 4
1 4 3 39 138 288
1 3 3 39 4
1 6 3 39 138 288 138 288
1 4 3 39 138 288
1 5 6 138 288 138 288
1 4 6 138 288 438
1 4 11 3 39 148
1 5 139 295 455 294 450
1 6 3 39 139 138 288 294
1 5 139 295 455 294 450
1 5 3 39 138 288 435
1 3 3 39 148
1 4 3 39 139 294
1 3 139 294 450
1 6 13 3 39 7 64 199
1 6 11 3 39 139 294 453
1 12 7 71 503 624 720 797 861 916 970 1009 1042 1065
1 5 3 39 4 6 60
1 8 6 138 288 138 288 7 64 199
1 7 7 71 503 624 720 797 862
1 2 17 92
1 1 15
1 1 15
1 4 3 39 138 288
1 4 3 39 138 288
1 5 3 39 138 288 437
1 4 3 39 4 44
1 4 3 39 138 288
1 7 3 39 138 288 7 64 199
1 2 17 91
1 12 7 71 503 624 720 797 861 916 970 1009 1042 1065
1 2 19 98
1 3 7 73 213
1 4 1 7 73 213
1 4 1 7 73 212
1 3 1 7 65
1 2 19 98
1 3 1 7 65
1 2 19 98
1 4 1 7 73 213
1 3 1 7 75
1 12 7 71 503 624 720 797 861 916 970 1009 1042 1065
1 12 7 71 503 624 720 797 861 916 970 1009 1042 1065
1 2 19 98
1 2 7 65
1 4 1 7 71 210
1 3 1 7 70
1 3 1 7 65
1 3 1 7 70
1 4 1 7 73 213
1 3 7 64 199
1 12 7 71 503 624 720 797 861 916 970 1009 1042 1065
1 3 3 39 157
1 4 7 68 207 357
1 1 9
1 11 3 39 7 71 503 624 720 797 861 916 969
1 2 3 40
1 8 3 39 138 288 138 288 138 288
1 3 3 39 151
1 6 3 39 138 288 7 69
1 1 15
1 3 3 39 4
1 6 3 39 7 64 199 348
1 5 1 1 1 1 1
1 3 3 39 159
1 1 24
1 4 3 39 6 62
1 4 3 39 6 62
1 3 3 39 160
1 1 23
1 3 3 39 4
1 3 3 39 152
1 2 6 63
1 3 1 1 30
1 6 4 4 4 44 4 49
1 5 4 4 44 4 49
1 10 48 44 4 44 4 4 4 4 44 172
1 14 4 4 4 4 44 4 4 44 4 4 44 44 4 4
1 22 4 48 44 4 4 4 4 4 44 44 4 4 44 4 48 44 4 4 20 104 247 395
1 10 3 3 39 4 48 4 48 4 4 50
1 2 29 125
1 7 4 44 4 48 4 4 55
1 14 3 39 4 4 4 4 44 44 4 4 20 247 104 248
1 3 4 4 4
1 16 4 4 4 4 44 4 4 44 48 4 4 4 4 48 4 51
1 2 3 40
1 12 4 4 4 48 4 44 4 48 4 44 48 177
1 5 4 48 44 4 51
1 21 4 4 4 44 4 4 44 4 44 48 4 4 4 44 4 48 4 4 44 4 50
1 10 4 4 4 4 4 4 44 4 4 54
1 4 48 44 4 4
1 4 4 4 4 47
1 3 4 4 49
1 2 4 53
1 15 48 4 4 44 4 44 4 4 44 4 48 4 44 4 53
1 13 4 4 4 4 4 4 44 4 44 4 4 4 51
1 9 4 4 44 4 20 104 247 104 254
1 6 4 48 4 4 4 6
1 1 28
1 9 4 4 4 44 4 4 4 4 50
1 5 48 4 4 4 6
1 6 3 39 4 4 4 55
1 11 4 4 4 48 4 4 4 4 4 48 178
1 2 29 125
1 23 4 4 4 44 48 4 4 48 44 4 4 48 44 4 44 4 4 4 44 4 44 48 178
1 11 4 44 4 44 4 44 4 4 4 48 176
1 6 4 4 44 4 4 52
1 12 4 44 4 48 4 44 4 4 48 4 48 179
1 6 4 48 4 4 4 4
1 5 20 104 20 104 254
1 9 4 4 48 4 4 4 44 4 50
1 3 48 4 52
1 1 26
1 10 48 44 4 4 4 44 4 4 48 178
1 2 29 127
1 16 4 4 44 4 4 4 44 4 4 44 4 48 44 4 4 51
1 10 48 4 4 4 4 4 4 44 4 50
1 2 3 41
1 6 4 4 4 44 4 55
1 9 3 39 138 288 138 288 4 48 178
1 2 29 125
1 14 4 4 4 4 4 4 44 48 44 44 48 4 4 53
1 7 48 4 48 4 4 44 171
1 4 4 48 4 4
1 25 4 4 4 44 4 4 44 4 44 4 4 44 48 44 4 4 44 4 44 4 6 138 288 4 50
1 14 4 48 44 44 44 4 4 48 44 48 4 20 104 248
1 2 20 107
1 4 3 39 142 300
1 5 20 247 104 249 398
1 2 20 106
1 3 3 39 147
1 2 3 43
1 2 20 105
1 3 7 64 199
1 5 20 247 104 247 104
1 2 20 106
1 5 11 3 39 11 82
1 2 1 33
1 4 3 39 138 288
1 6 6 138 288 7 64 200
1 2 1 34
1 2 19 97
1 4 3 39 138 288
1 2 3 42
1 6 3 39 138 288 6 62
1 4 3 39 138 288
1 4 20 104 247 104
1 5 3 39 139 295 456
1 3 3 39 20
1 4 3 39 138 288
1 4 3 39 138 288
1 4 3 39 20 104
1 3 3 39 20
1 5 6 138 288 294 450
1 4 6 138 288 442
1 3 6 138 288
1 2 29 126
1 4 20 20 247 104
1 2 20 105
1 1 2
1 3 20 20 20
1 3 20 20 20
1 4 20 20 247 104
1 4 20 20 20 111
1 6 6 138 288 7 64 199
1 1 12
1 3 6 138 288
1 4 3 39 139 295
1 2 20 105
1 6 11 3 39 7 64 199
1 2 17 91
1 4 3 39 6 61
1 9 7 71 503 624 720 797 861 916 969
1 2 7 67
1 3 3 39 138
1 3 3 39 150
1 1 5
1 3 6 20 108
1 2 17 93
1 3 7 64 199
1 3 6 20 103
1 4 3 39 138 288
1 1 21
