443 176
1 3 1 1 27
1 6 3 35 125 253 125 253
1 5 3 35 125 253 379
1 1 5
1 6 3 35 125 253 125 253
1 7 3 35 125 253 125 253 382
1 6 3 35 125 253 125 253
1 8 3 35 125 253 125 253 125 253
1 8 3 35 125 253 125 253 125 253
1 6 3 35 125 253 125 253
1 9 3 35 125 253 6 3 35 6 59
1 3 7 1 29
1 4 8 3 35 130
1 4 6 3 35 131
1 3 6 3 35
1 4 11 3 35 133
1 4 11 3 35 7
1 4 3 35 125 253
1 3 13 3 35
1 1 14
1 2 7 63
1 15 3 3 35 7 67 443 548 627 688 737 781 824 854 879 896
1 4 3 35 7 68
1 4 3 35 125 253
1 3 3 35 130
1 6 3 35 125 253 125 253
1 6 3 35 125 253 125 253
1 6 3 35 125 253 125 253
1 6 3 35 125 253 125 253
1 6 3 35 125 253 125 253
1 3 3 35 138
1 8 3 35 125 253 125 253 125 253
1 6 3 35 125 253 125 253
1 3 3 35 127
1 4 3 35 125 253
1 4 3 35 125 253
1 6 6 3 35 125 253 6
1 4 3 35 125 253
1 4 3 35 125 253
1 5 8 3 35 19 93
1 3 4 3 36
1 4 3 35 125 253
1 3 3 35 138
1 4 6 3 35 131
1 3 3 35 6
1 3 13 3 35
1 4 3 35 125 253
1 4 3 35 125 253
1 3 3 35 4
1 4 3 35 125 253
1 3 4 3 37
1 3 3 35 6
1 3 3 3 35
1 3 6 3 35
1 3 6 3 35
1 3 3 35 6
1 3 3 35 126
1 3 3 35 4
1 5 3 35 6 20 103
1 2 20 104
1 2 20 103
1 3 20 20 99
1 5 3 35 20 97 224
1 1 10
1 1 18
1 4 3 35 6 57
1 2 20 104
1 5 20 20 20 20 105
1 2 20 104
1 3 20 20 20
1 3 3 35 4
1 3 3 35 141
1 4 6 3 35 127
1 2 7 70
1 1 16
1 6 126 257 395 256 394 510
1 6 126 257 395 256 394 510
1 6 126 257 395 256 394 510
1 6 126 257 395 256 394 510
1 6 126 257 395 256 394 510
1 6 126 257 395 256 394 510
1 6 126 257 395 256 394 510
1 6 126 257 395 256 394 510
1 6 3 35 126 256 394 510
1 6 3 35 126 256 394 510
1 1 15
1 6 3 35 126 256 394 510
1 2 20 106
1 2 4 44
1 2 4 44
1 3 1 1 27
1 7 6 3 35 125 253 6 58
1 3 3 35 132
1 4 3 35 125 253
1 3 3 35 135
1 3 3 35 135
1 3 3 35 134
1 4 3 35 125 253
1 5 8 3 35 19 93
1 3 3 35 131
1 4 6 3 35 131
1 2 6 58
1 6 3 35 126 256 392 508
1 6 3 35 126 256 392 508
1 6 3 35 126 256 392 508
1 2 7 63
1 5 126 256 392 508 594
1 5 3 35 7 1 29
1 1 5
1 6 3 35 126 256 392 508
1 6 3 35 126 256 392 508
1 6 3 35 126 256 392 508
1 6 3 35 126 256 392 508
1 6 3 35 126 256 392 508
1 6 3 35 126 256 392 508
1 9 3 35 125 253 125 253 6 3 38
1 8 3 35 125 253 125 253 125 253
1 8 3 35 125 253 125 253 125 253
1 8 3 35 125 253 125 253 125 253
1 11 3 35 125 253 6 3 35 6 3 35 6
1 8 3 35 125 253 125 253 125 253
1 8 3 35 125 253 125 253 125 253
1 8 3 35 125 253 125 253 125 253
1 9 3 35 125 253 125 253 6 3 38
1 10 3 35 125 253 6 3 35 125 253 387
1 4 6 3 35 143
1 4 11 3 35 124
1 3 7 1 31
1 3 20 97 223
1 1 22
1 3 20 97 222
1 3 7 1 29
1 5 3 35 7 1 29
1 10 3 35 125 253 125 253 6 20 97 220
1 3 7 1 29
1 5 3 35 7 1 29
1 10 3 35 4 47 3 35 6 20 97 220
1 10 3 35 125 253 4 47 3 35 20 97
1 13 3 35 125 253 4 3 35 125 253 6 20 97 220
1 12 3 35 125 253 125 253 4 47 3 35 20 97
1 10 3 35 125 253 4 47 3 35 20 97
1 10 3 35 125 253 4 47 3 35 20 97
1 3 3 35 128
1 9 3 35 125 253 4 47 4 3 39
1 13 3 35 125 253 4 3 35 125 253 6 20 97 220
1 4 6 20 97 221
1 2 11 77
1 4 6 3 35 141
1 6 3 35 125 253 125 253
1 7 3 35 6 3 35 19 89
1 8 3 35 20 97 218 97 218 97
1 8 3 35 20 97 218 97 218 97
1 10 3 35 125 253 125 253 125 253 125 253
1 4 3 35 125 253
1 8 3 35 6 3 35 126 257 395
1 4 3 35 20 97
1 4 3 35 6 58
1 1 2
1 2 19 93
1 4 3 35 19 93
1 3 3 35 143
1 2 1 32
1 2 1 28
1 2 19 89
1 6 3 35 125 253 125 253
1 6 3 35 125 253 125 253
1 9 3 35 125 253 125 253 125 253 387
1 6 3 35 125 253 125 253
1 6 3 35 125 253 125 253
1 6 3 35 125 253 125 253
1 2 19 89
1 3 6 3 35
1 3 8 3 35
1 4 6 3 35 143
1 3 11 3 35
1 3 13 3 35
1 4 6 3 35 141
1 10 3 35 125 253 125 253 380 126 3 38
1 11 3 35 125 253 125 253 380 126 3 35 6
1 10 3 35 125 253 125 253 380 126 3 35
1 8 6 3 35 125 253 125 253 386
1 10 3 35 125 253 125 253 380 126 3 35
1 10 3 35 125 253 125 253 380 126 3 35
1 8 3 35 125 253 125 253 380 126
1 5 3 35 125 253 388
1 2 6 56
1 8 13 3 35 125 253 125 253 385
1 9 6 3 35 125 253 125 253 6 57
1 7 8 3 35 4 3 35 129
1 10 3 35 125 253 125 253 380 126 3 35
1 11 3 35 125 253 125 253 380 126 3 35 4
1 10 3 35 125 253 125 253 380 126 3 35
1 8 11 3 35 125 253 125 253 384
1 9 6 3 35 125 253 125 253 6 57
1 8 3 35 125 253 125 253 380 126
1 14 7 65 183 313 443 548 627 688 737 781 824 854 879 896
1 14 7 65 183 313 443 548 627 688 737 781 824 854 879 896
1 2 126 255
1 6 3 35 125 253 125 253
1 6 3 35 125 253 125 253
1 4 3 35 125 253
1 4 3 35 125 253
1 6 3 35 125 253 125 253
1 8 3 35 125 253 125 253 125 253
1 6 3 35 125 253 125 253
1 7 3 35 125 253 125 253 378
1 4 6 3 35 123
1 1 14
1 14 7 65 183 313 443 548 627 688 737 781 824 854 879 896
1 14 7 65 183 313 443 548 627 688 737 781 824 854 879 896
1 14 7 65 183 313 443 548 627 688 737 781 824 854 879 896
1 2 11 75
1 3 20 20 20
1 14 7 65 183 313 443 548 627 688 737 781 824 854 879 896
1 3 7 65 184
1 14 7 65 183 313 443 548 627 688 737 781 824 854 879 896
1 14 7 65 183 313 443 548 627 688 737 781 824 854 879 896
1 3 7 65 184
1 4 6 3 35 123
1 1 14
1 2 11 76
1 1 12
1 3 3 35 129
1 1 24
1 4 3 35 125 253
1 4 3 35 125 253
1 4 3 35 125 253
1 4 3 35 125 253
1 4 3 35 125 253
1 3 3 35 137
1 4 3 35 125 253
1 4 3 35 125 253
1 3 4 4 4
1 3 1 1 27
1 5 6 20 97 218 342
1 5 6 20 97 20 101
1 4 6 3 35 141
1 5 3 35 6 20 107
1 5 6 20 97 218 343
1 3 3 35 135
1 5 6 20 97 20 102
1 5 6 20 97 218 342
1 4 20 20 97 222
1 3 3 35 129
1 19 20 218 97 218 97 20 218 97 20 218 97 218 97 20 97 218 97 227 354
1 20 20 20 97 218 97 20 218 97 20 218 97 218 97 20 108 97 218 97 227 354
1 17 20 20 97 218 97 20 218 97 20 218 97 20 97 218 97 227 354
1 12 20 218 97 218 97 20 218 97 20 218 97 226
1 20 20 20 97 218 97 20 218 97 20 218 97 218 97 20 108 97 218 97 227 354
1 22 20 20 97 218 97 20 218 97 20 97 218 97 218 97 20 20 108 97 218 97 227 354
1 9 20 20 97 218 97 20 218 97 20
1 20 20 20 97 218 97 20 218 97 20 218 97 218 97 20 108 97 218 97 227 354
1 20 20 20 97 218 97 20 218 97 20 218 97 218 97 20 108 97 218 97 227 354
1 5 3 35 125 253 387
1 2 19 92
1 4 3 35 125 253
1 4 3 35 125 253
1 6 6 3 35 125 253 6
1 4 3 35 125 253
1 4 3 35 4 4
1 3 3 35 147
1 9 7 67 443 548 627 688 737 781 823
1 4 6 20 97 217
1 3 1 29 117
1 1 5
1 6 3 35 6 3 35 6
1 2 11 77
1 4 3 3 35 132
1 3 1 29 117
1 4 3 35 125 253
1 4 3 35 125 253
1 3 3 35 148
1 3 3 35 142
1 4 3 35 125 253
1 3 3 35 142
1 3 3 35 123
1 1 21
1 1 21
1 1 21
1 4 3 35 125 253
1 4 3 35 125 253
1 1 25
1 1 21
1 4 3 35 19 94
1 6 3 35 125 253 125 253
1 5 3 35 125 253 383
1 7 20 97 218 97 218 97 219
1 7 3 35 125 253 4 3 3
1 4 3 35 125 253
1 4 3 35 19 92
1 5 3 35 4 3 40
1 2 19 95
1 3 1 1 27
1 5 3 35 126 256 392
1 2 8 72
1 2 19 92
1 4 6 3 35 19
1 3 3 35 4
1 4 3 35 125 253
1 3 3 35 4
1 6 3 35 125 253 125 253
1 4 3 35 125 253
1 5 6 3 35 125 253
1 4 6 3 35 131
1 4 11 3 35 136
1 5 126 257 395 256 391
1 6 3 35 126 3 35 127
1 5 3 35 125 253 379
1 3 3 35 136
1 4 3 35 126 256
1 3 126 256 391
1 6 13 3 35 7 1 29
1 6 11 3 35 126 256 393
1 12 7 67 443 548 627 688 737 781 824 854 879 896
1 4 3 35 4 45
1 6 6 3 35 125 253 381
1 7 7 67 443 548 627 688 738
1 1 17
1 1 15
1 4 3 35 125 253
1 4 3 35 125 253
1 5 3 35 125 253 383
1 4 3 35 4 3
1 4 3 35 125 253
1 1 17
1 12 7 67 443 548 627 688 737 781 824 854 879 896
1 2 19 91
1 3 1 7 69
1 3 1 7 62
1 3 1 7 62
1 2 19 91
1 3 1 7 69
1 3 1 7 71
1 12 7 67 443 548 627 688 737 781 824 854 879 896
1 12 7 67 443 548 627 688 737 781 824 854 879 896
1 2 7 62
1 4 1 7 67 186
1 3 1 7 62
1 3 1 7 66
1 3 1 7 69
1 3 7 1 29
1 3 3 35 144
1 1 9
1 3 3 47 160
1 8 3 35 125 253 125 253 125 253
1 5 3 35 125 253 381
1 1 15
1 3 3 35 4
1 6 3 35 7 1 29 117
1 5 1 1 1 1 1
1 3 3 35 146
1 4 3 35 6 60
1 4 3 35 6 60
1 3 3 35 147
1 1 23
1 3 3 35 4
1 3 3 35 140
1 2 6 61
1 3 1 1 27
1 6 4 4 4 3 35 140
1 5 4 4 3 35 140
1 10 47 3 35 125 253 4 4 4 3 42
1 14 4 4 4 4 3 35 4 3 35 4 3 3 35 4
1 1 26
1 4 4 3 35 139
1 11 3 35 4 4 4 4 3 3 35 4 49
1 3 4 4 4
1 16 4 4 4 4 3 35 4 3 47 4 4 4 4 47 4 51
1 9 3 47 4 3 47 3 35 125 254
1 8 4 4 4 47 4 3 35 139
1 5 4 47 3 35 145
1 10 4 4 4 3 35 4 3 35 125 254
1 4 47 3 35 4
1 4 4 4 4 46
1 3 4 4 48
1 13 4 4 4 4 4 4 3 35 125 253 4 4 51
1 9 4 4 3 35 20 97 218 97 225
1 6 4 47 4 4 4 45
1 6 3 35 4 4 4 53
1 1 26
1 4 4 3 35 139
1 6 4 47 4 4 4 4
1 5 20 97 20 97 225
1 9 4 4 47 4 4 4 3 35 142
1 10 47 3 35 4 4 3 35 4 47 159
1 12 4 4 3 35 4 4 3 35 4 3 35 139
1 10 47 4 4 4 4 4 4 3 35 142
1 6 4 4 4 3 35 149
1 9 3 35 125 253 125 253 4 47 159
1 1 26
1 14 4 4 4 4 4 4 3 47 3 3 47 4 4 52
1 7 47 4 47 4 4 3 41
1 4 4 47 4 4
1 25 4 4 4 3 35 4 3 35 125 253 4 3 47 3 35 4 3 35 125 253 6 3 35 4 50
1 12 4 47 3 3 3 35 4 47 3 47 4 49
1 2 20 100
1 3 3 35 129
1 5 20 218 97 220 345
1 2 20 99
1 3 3 35 135
1 2 3 43
1 2 20 98
1 3 7 1 29
1 5 20 218 97 218 97
1 2 20 99
1 4 11 3 35 132
1 2 1 30
1 4 3 35 125 253
1 2 19 90
1 4 3 35 125 253
1 2 3 39
1 4 3 35 125 253
1 4 20 97 218 97
1 3 3 35 20
1 4 3 35 125 253
1 4 3 35 125 253
1 4 3 35 20 97
1 4 6 3 35 127
1 5 6 3 35 20 98
1 3 6 3 35
1 1 26
1 4 20 20 218 97
1 2 20 98
1 1 2
1 3 20 20 20
1 3 20 20 20
1 4 20 20 218 97
1 4 20 20 20 103
1 6 6 3 35 7 1 29
1 1 12
1 3 6 3 35
1 4 3 35 126 257
1 6 11 3 35 7 1 29
1 4 3 35 6 59
1 9 7 67 443 548 627 688 737 781 823
1 2 7 64
1 3 3 35 125
1 3 3 35 138
1 1 5
1 1 17
1 3 6 20 96
1 4 3 35 125 253
1 1 22
