443 479
1 3 1 1 26
1 6 3 33 100 187 100 187
1 13 3 33 100 187 263 333 218 32 97 73 79 167 248
1 8 5 43 5 32 97 46 137 32
1 6 3 33 100 187 100 187
1 8 3 33 100 187 100 187 266 337
1 6 3 33 100 187 100 187
1 8 3 33 100 187 100 187 100 187
1 8 3 33 100 187 100 187 100 187
1 6 3 33 100 187 100 187
1 11 3 33 100 187 6 44 131 102 79 167 248
1 3 7 49 140
1 5 8 3 33 105 200
1 4 6 44 131 219
1 3 6 44 131
1 6 10 3 33 108 204 289
1 4 10 3 33 7
1 4 3 33 100 187
1 3 12 3 33
1 6 13 32 97 79 167 248
1 13 7 51 192 279 397 418 432 443 453 462 469 473 477
1 15 3 32 97 79 168 279 397 418 432 443 453 462 469 473 477
1 14 3 33 7 53 279 397 418 432 443 453 462 469 473 477
1 4 3 33 100 187
1 10 3 33 105 201 286 355 424 436 447 457
1 6 3 33 100 187 100 187
1 6 3 33 100 187 100 187
1 6 3 33 100 187 100 187
1 6 3 33 100 187 100 187
1 6 3 33 100 187 100 187
1 20 3 33 112 97 73 161 245 32 221 73 79 167 68 156 243 444 454 463 470 474
1 8 3 33 100 187 100 187 100 187
1 6 3 33 100 187 100 187
1 7 3 33 46 137 32 97 73
1 4 3 33 100 187
1 4 3 33 100 187
1 6 6 44 131 3 33 102
1 4 3 33 100 187
1 4 3 33 100 187
1 5 8 3 33 18 75
1 5 4 44 104 199 285
1 4 3 33 100 187
1 8 3 33 112 73 161 245 313 373
1 4 6 44 131 219
1 3 3 33 102
1 3 12 3 33
1 4 3 33 100 187
1 4 3 33 100 187
1 3 3 33 4
1 4 3 33 100 187
1 3 4 44 132
1 3 3 33 102
1 3 3 32 97
1 3 6 44 131
1 3 6 44 131
1 3 3 33 102
1 3 3 33 101
1 3 3 33 4
1 11 3 33 102 19 82 171 251 319 377 410 429
1 5 19 83 172 252 320
1 6 19 82 170 172 252 320
1 11 19 19 79 55 168 279 353 400 463 470 474
1 7 3 33 19 131 220 300 366
1 3 9 58 147
1 3 17 71 159
1 14 3 33 102 193 280 354 401 422 435 446 456 465 471 475
1 6 19 83 173 253 322 380
1 13 19 19 19 19 84 174 254 323 381 412 430 441 451
1 7 19 83 172 252 320 378 411
1 3 19 19 19
1 3 3 33 4
1 3 3 33 115
1 9 6 44 131 218 299 365 406 426 438
1 7 7 55 168 279 397 420 434
1 7 15 67 83 172 252 321 379
1 6 101 190 277 189 276 347
1 6 101 190 277 189 276 347
1 6 101 190 277 189 276 347
1 6 101 190 277 189 276 347
1 6 101 190 277 189 276 347
1 6 101 190 277 189 276 347
1 6 101 190 277 189 276 347
1 6 101 190 277 189 276 347
1 6 3 33 101 189 276 347
1 6 3 33 101 189 276 347
1 4 14 64 153 242
1 6 3 33 101 189 276 347
1 3 19 85 175
1 5 4 36 126 214 295
1 5 4 36 126 214 295
1 3 1 1 26
1 7 6 44 131 3 33 102 78
1 6 3 33 107 202 287 357
1 4 3 33 100 187
1 5 3 33 110 206 291
1 5 3 33 110 206 291
1 9 3 33 109 205 290 359 79 167 248
1 4 3 33 100 187
1 5 8 3 33 18 75
1 3 3 33 106
1 4 6 44 131 219
1 5 6 73 161 245 314
1 6 3 33 101 189 275 346
1 6 3 33 101 189 275 346
1 6 3 33 101 189 275 346
1 4 7 51 143 234
1 7 101 189 275 346 79 167 248
1 5 3 33 7 49 140
1 6 5 43 263 334 389 415
1 6 3 33 101 189 275 346
1 6 3 33 101 189 275 346
1 6 3 33 101 189 275 346
1 6 3 33 101 189 275 346
1 6 3 33 101 189 275 346
1 6 3 33 101 189 275 346
1 10 3 33 100 187 100 187 6 44 133 229
1 8 3 33 100 187 100 187 100 187
1 8 3 33 100 187 100 187 100 187
1 8 3 33 100 187 100 187 100 187
1 11 3 33 100 187 6 44 131 102 191 278 351
1 8 3 33 100 187 100 187 100 187
1 8 3 33 100 187 100 187 100 187
1 8 3 33 100 187 100 187 100 187
1 10 3 33 100 187 100 187 6 44 133 229
1 14 3 33 100 187 6 44 131 3 33 18 73 161 245 312
1 4 6 44 131 227
1 4 10 3 33 99
1 4 7 49 141 232
1 5 19 131 110 206 291
1 3 21 89 178
1 5 19 131 104 199 285
1 3 7 49 140
1 5 3 33 7 49 140
1 10 3 33 100 187 100 187 6 48 33 102
1 3 7 49 140
1 5 3 33 7 49 140
1 10 3 33 4 39 3 33 102 19 131 102
1 10 3 33 100 187 4 39 3 33 19 131
1 13 3 33 100 187 4 44 131 3 33 102 19 131 102
1 12 3 33 100 187 100 187 4 39 3 33 19 131
1 10 3 33 100 187 4 39 3 33 19 131
1 10 3 33 100 187 4 39 3 33 19 131
1 11 3 33 103 196 72 92 92 181 257 330 386
1 12 3 33 100 187 4 39 4 44 224 92 92 92
1 13 3 33 100 187 4 44 131 3 33 102 19 131 102
1 6 6 48 33 7 49 140
1 4 10 60 149 238
1 4 6 44 131 225
1 6 3 33 100 187 100 187
1 8 3 33 102 191 278 271 343 395
1 8 3 33 19 131 3 33 100 187
1 8 3 33 19 131 3 33 100 187
1 10 3 33 100 187 100 187 100 187 100 187
1 4 3 33 100 187
1 8 3 33 102 191 278 350 399 421
1 4 3 33 19 131
1 6 3 33 102 78 224 92
1 3 2 30 95
1 3 18 75 165
1 4 3 33 18 75
1 3 3 33 117
1 14 1 29 221 72 92 181 257 327 384 72 92 181 257 329
1 5 1 51 192 279 352
1 7 18 72 92 181 257 325 383
1 6 3 33 100 187 100 187
1 6 3 33 100 187 100 187
1 11 3 33 100 187 100 187 100 187 271 343 395
1 6 3 33 100 187 100 187
1 6 3 33 100 187 100 187
1 6 3 33 100 187 100 187
1 3 18 72 92
1 3 6 44 131
1 3 8 3 33
1 4 6 44 131 227
1 3 10 3 33
1 3 12 3 33
1 4 6 44 131 225
1 11 3 33 100 187 100 187 264 335 44 133 229
1 11 3 33 100 187 100 187 264 335 44 131 102
1 10 3 33 100 187 100 187 264 335 44 131
1 14 6 44 131 3 33 100 187 270 342 394 417 112 97 73
1 10 3 33 100 187 100 187 264 335 44 131
1 10 3 33 100 187 100 187 264 335 44 131
1 8 3 33 100 187 100 187 264 335
1 5 3 33 100 187 272
1 4 6 45 136 230
1 10 12 3 33 100 187 100 187 269 341 393
1 10 6 44 131 3 33 100 187 6 46 137
1 9 8 3 33 4 44 131 104 198 284
1 10 3 33 100 187 100 187 264 335 44 131
1 11 3 33 100 187 100 187 264 335 44 131 4
1 10 3 33 100 187 100 187 264 335 44 131
1 10 10 3 33 100 187 100 187 268 340 392
1 13 6 44 131 3 33 100 187 6 46 137 32 97 73
1 8 3 33 100 187 100 187 264 335
1 14 7 102 191 278 348 397 418 432 443 453 462 469 473 477
1 14 7 102 191 278 348 397 418 432 443 453 462 469 473 477
1 12 101 188 273 43 130 216 296 362 404 425 437 448
1 6 3 33 100 187 100 187
1 6 3 33 100 187 100 187
1 4 3 33 100 187
1 4 3 33 100 187
1 6 3 33 100 187 100 187
1 8 3 33 100 187 100 187 100 187
1 6 3 33 100 187 100 187
1 7 3 33 100 187 100 187 262
1 6 6 44 131 217 298 364
1 12 13 63 152 241 310 372 409 428 440 450 459 467
1 14 7 102 191 278 348 397 418 432 443 453 462 469 473 477
1 14 7 102 191 278 348 397 418 432 443 453 462 469 473 477
1 14 7 102 191 278 348 397 418 432 443 453 462 469 473 477
1 11 10 11 61 150 239 308 371 408 427 439 449
1 3 19 19 19
1 14 7 102 191 278 348 397 418 432 443 453 462 469 473 477
1 12 7 102 192 279 397 418 432 444 454 463 470 474
1 14 7 102 191 278 348 397 418 432 443 453 462 469 473 477
1 14 7 102 191 278 348 397 418 432 443 453 462 469 473 477
1 12 7 102 192 279 397 418 432 444 454 463 470 474
1 6 6 44 131 217 298 364
1 12 13 63 152 241 310 372 409 428 440 450 459 467
1 5 10 59 148 237 307
1 5 11 62 151 240 309
1 8 3 33 104 201 286 355 402 423
1 4 23 91 180 256
1 4 3 33 100 187
1 4 3 33 100 187
1 4 3 33 100 187
1 4 3 33 100 187
1 4 3 33 100 187
1 16 3 33 111 208 292 360 279 397 418 432 443 453 462 469 473 477
1 4 3 33 100 187
1 4 3 33 100 187
1 3 4 4 4
1 3 1 1 26
1 25 6 48 33 100 73 161 245 32 97 73 163 32 97 73 163 32 97 73 163 97 73 161 245 315 374
1 5 6 48 33 19 81
1 4 6 44 131 225
1 5 3 33 102 19 86
1 11 6 48 33 100 13 32 97 38 250 318 376
1 4 3 33 110 207
1 13 6 48 33 19 107 202 287 356 163 32 97 185 260
1 13 6 48 33 100 73 161 245 32 97 73 161 245 312
1 9 19 19 131 104 197 283 104 199 285
1 5 3 33 104 199 285
1 19 19 3 33 100 187 19 3 33 19 3 33 100 187 19 131 3 33 121 212
1 20 19 19 131 3 33 19 3 33 19 3 33 100 187 19 87 176 255 324 382 413
1 17 19 19 131 3 33 19 3 33 19 3 33 19 131 3 33 121 212
1 19 19 3 33 100 187 19 3 33 19 3 33 119 92 224 92 181 257 331 387
1 20 19 19 131 3 33 19 3 33 19 3 33 100 187 19 87 176 255 324 382 413
1 22 19 19 131 3 33 19 3 33 19 131 3 33 100 187 19 19 87 176 255 324 382 413
1 9 19 19 131 3 33 19 3 33 19
1 20 19 19 131 3 33 19 3 33 19 3 33 100 187 19 87 176 255 324 382 413
1 20 19 19 131 3 33 19 3 33 19 3 33 100 187 19 87 176 255 324 382 413
1 6 3 33 100 187 271 344
1 4 18 74 74 164
1 4 3 33 100 187
1 4 3 33 100 187
1 6 6 44 131 3 33 102
1 4 3 33 100 187
1 4 3 33 4 4
1 3 3 33 122
1 13 7 52 348 397 418 432 443 453 461 454 463 470 474
1 6 6 48 33 98 186 261
1 3 1 27 93
1 11 5 32 97 73 161 246 316 375 98 186 261
1 6 3 33 102 191 278 351
1 6 10 60 149 98 186 261
1 7 3 32 97 185 98 186 261
1 3 1 27 93
1 4 3 33 100 187
1 4 3 33 100 187
1 6 3 33 123 213 294 361
1 3 3 33 116
1 4 3 33 100 187
1 3 3 33 116
1 5 3 33 98 186 261
1 3 20 88 177
1 3 20 88 177
1 3 20 88 177
1 4 3 33 100 187
1 4 3 33 100 187
1 4 24 92 119 92
1 3 20 88 177
1 5 3 33 18 76 166
1 6 3 33 100 187 100 187
1 16 3 33 100 187 267 339 391 416 431 442 452 460 468 472 476 478
1 8 19 131 3 33 100 187 4 4
1 7 3 33 100 187 4 44 181
1 4 3 33 100 187
1 4 3 33 18 74
1 5 3 33 4 44 134
1 9 18 77 77 77 77 77 77 77 77
1 3 1 1 26
1 5 3 33 101 189 275
1 6 8 57 146 236 306 370
1 5 18 74 74 74 74
1 4 6 44 131 222
1 3 3 33 4
1 4 3 33 100 187
1 3 3 33 4
1 6 3 33 100 187 100 187
1 4 3 33 100 187
1 5 6 44 131 3 33
1 4 6 44 131 219
1 5 10 3 33 14 66
1 7 101 190 277 189 274 345 396
1 6 3 33 101 32 97 46
1 7 3 33 100 187 263 334 389
1 5 3 33 14 65 155
1 4 3 33 101 189
1 4 101 189 274 345
1 6 12 3 33 7 49 140
1 8 10 3 33 101 189 79 167 248
1 12 7 52 348 397 418 432 443 453 462 469 473 477
1 5 3 33 4 37 127
1 8 6 44 131 3 33 7 49 140
1 10 7 52 348 397 418 432 444 454 463 470
1 4 16 69 157 244
1 3 14 65 155
1 4 3 33 100 187
1 4 3 33 100 187
1 7 3 33 100 187 267 338 390
1 4 3 33 4 44
1 4 3 33 100 187
1 10 16 68 156 243 311 444 454 463 470 474
1 12 7 52 348 397 418 432 443 453 462 469 473 477
1 4 18 14 65 155
1 6 1 7 54 50 142 233
1 3 1 7 50
1 3 1 7 50
1 3 18 14 65
1 6 1 7 54 144 235 305
1 4 1 7 56 145
1 12 7 52 348 397 418 432 443 453 462 469 473 477
1 12 7 52 348 397 418 432 443 453 462 469 473 477
1 4 7 50 142 233
1 6 1 7 52 50 142 233
1 5 1 7 50 142 233
1 5 1 7 144 235 305
1 6 1 7 54 144 235 305
1 3 7 49 140
1 3 3 33 118
1 10 105 201 286 355 403 424 436 447 457 466
1 5 3 221 302 367 407
1 8 3 33 100 187 100 187 100 187
1 6 3 33 100 187 265 336
1 3 14 65 154
1 3 3 33 4
1 6 3 33 7 49 140 231
1 5 1 1 1 1 1
1 3 3 33 120
1 5 3 33 102 194 281
1 5 3 33 102 194 281
1 3 3 33 122
1 3 22 90 179
1 3 3 33 4
1 3 3 33 114
1 3 6 47 138
1 3 1 1 26
1 6 4 4 4 44 131 223
1 5 4 4 44 131 223
1 15 39 3 33 100 187 4 4 4 44 135 92 221 72 92 182
1 14 4 4 4 4 44 131 4 44 131 4 44 181 257 326
1 7 25 92 92 181 257 328 385
1 28 4 44 131 221 4 4 42 92 92 181 257 325 383 221 72 92 181 258 332 388 32 221 4 44 131 3 33 116
1 14 3 33 4 4 4 4 44 181 257 326 163 32 97 184
1 3 4 4 4
1 22 4 4 4 4 44 131 4 44 39 4 4 4 4 39 4 119 92 181 257 325 383 414
1 15 3 221 4 44 39 3 33 100 221 4 4 4 39 4 4
1 23 4 4 4 39 4 44 131 221 4 44 39 224 92 92 92 135 92 92 181 72 92 181 259
1 15 4 39 3 33 119 92 181 257 221 4 4 4 4 4 4
1 21 4 4 4 44 131 4 44 131 3 221 4 4 4 44 131 221 4 4 44 131 226
1 4 39 3 33 4
1 7 4 4 4 38 250 318 376
1 3 4 4 40
1 22 4 4 4 4 4 4 44 131 3 33 4 4 119 92 221 4 44 131 3 33 113 210
1 11 4 4 44 131 224 92 181 257 221 303 368
1 6 4 39 4 4 4 37
1 25 3 33 4 4 4 42 92 92 92 181 258 221 72 92 92 181 257 325 383 135 92 92 119 211 293
1 5 25 92 92 92 181
1 13 4 44 131 221 4 44 131 4 39 4 39 129 215
1 6 4 39 4 4 4 4
1 23 19 131 224 92 221 4 44 131 3 33 4 44 131 3 221 4 44 131 221 72 92 221 301
1 9 4 4 39 4 4 4 44 131 226
1 10 39 3 33 4 4 44 131 4 39 128
1 29 4 4 44 131 4 4 44 131 4 44 131 221 72 92 92 119 92 181 257 326 245 32 221 4 4 44 24 92 182
1 10 39 4 4 4 4 4 4 44 131 226
1 20 4 4 4 44 131 228 304 369 181 258 221 4 4 4 39 4 4 44 131 226
1 9 3 33 100 187 100 187 4 39 128
1 6 25 92 92 181 257 326
1 23 4 4 4 4 4 4 44 39 3 32 221 4 4 135 92 181 257 326 72 92 92 181 259
1 12 39 4 39 4 4 44 119 92 92 221 4 41
1 4 4 39 4 4
1 25 4 4 4 44 131 4 44 131 3 33 4 44 39 3 33 4 44 131 3 33 102 191 278 349 398
1 19 4 39 3 32 72 92 92 221 72 160 92 224 92 92 221 4 44 181 257
1 6 19 80 169 250 318 376
1 5 3 33 104 199 285
1 6 19 3 33 102 195 282
1 5 19 79 167 249 317
1 5 3 33 110 206 291
1 3 3 35 125
1 10 19 78 224 92 181 257 325 79 167 248
1 3 7 49 140
1 5 19 3 33 100 187
1 4 19 79 167 248
1 7 10 3 33 107 203 288 358
1 4 1 28 94 183
1 4 3 33 100 187
1 4 18 73 161 245
1 4 3 33 100 187
1 3 3 34 124
1 4 3 33 100 187
1 4 19 131 3 33
1 3 3 33 19
1 4 3 33 100 187
1 4 3 33 100 187
1 4 3 33 19 131
1 9 6 44 131 218 32 97 73 162 247
1 8 6 44 131 224 73 79 167 248
1 3 6 44 131
1 4 25 73 161 245
1 4 19 19 3 33
1 17 19 78 224 73 161 245 32 97 79 168 279 397 419 433 445 455 464
1 3 2 31 96
1 3 19 19 19
1 3 19 19 19
1 4 19 19 3 33
1 7 19 19 19 82 73 163 32
1 6 6 44 131 79 167 248
1 11 11 61 150 239 308 371 408 427 439 449 458
1 3 6 44 131
1 4 3 33 101 190
1 6 10 3 33 7 49 140
1 16 3 33 102 79 168 279 397 418 432 443 453 462 469 473 477 479
1 13 7 52 348 397 418 432 443 453 461 454 463 470 474
1 12 7 192 279 397 418 432 443 453 462 469 473 477
1 3 3 33 100
1 8 3 33 112 209 221 302 367 407
1 7 5 43 130 216 297 363 405
1 3 16 70 158
1 3 6 48 139
1 4 3 33 100 187
1 3 21 89 178
