536 529
1 3 1 1 27
1 6 3 35 120 233 120 233
1 13 3 35 120 233 42 152 271 56 162 266 99 1 28
1 8 5 57 5 56 162 60 169 56
1 6 3 35 120 233 120 233
1 6 3 35 120 233 120 233
1 8 3 35 120 233 120 233 320 393
1 6 3 35 120 233 120 233
1 9 3 35 120 233 120 233 99 1 28
1 8 3 35 120 233 120 233 120 233
1 8 3 35 120 233 120 233 120 233
1 6 3 35 120 233 120 233
1 11 3 35 120 233 6 58 165 6 99 1 28
1 3 7 66 183
1 3 6 58 165
1 5 8 3 35 124 241
1 4 6 58 165 273
1 3 6 58 165
1 6 10 3 35 126 243 336
1 4 10 3 35 7
1 4 3 35 120 233
1 3 12 3 35
1 6 13 82 200 99 1 28
1 13 7 68 187 291 88 457 476 490 500 509 517 522 525
1 15 3 3 35 7 70 374 426 457 476 490 500 509 517 522 525
1 14 3 35 7 71 291 88 457 476 490 500 509 517 522 525
1 4 3 35 120 233
1 4 3 35 120 233
1 4 3 35 120 233
1 10 3 35 124 242 335 404 468 483 497 507
1 6 3 35 120 233 120 233
1 6 3 35 120 233 120 233
1 6 3 35 120 233 120 233
1 6 3 35 120 233 120 233
1 6 3 35 120 233 120 233
1 6 3 35 120 233 120 233
1 20 3 35 131 162 266 94 159 41 46 176 99 1 88 457 476 491 516 521 524 527
1 8 3 35 120 233 120 233 120 233
1 6 3 35 120 233 120 233
1 8 3 35 120 233 120 233 120 233
1 7 3 35 60 169 56 162 266
1 4 3 35 120 233
1 4 3 35 120 233
1 6 6 58 165 58 165 6
1 4 3 35 120 233
1 4 3 35 120 233
1 5 8 3 35 18 96
1 5 4 41 272 361 418
1 4 3 35 120 233
1 8 3 35 131 61 94 159 261 348
1 4 6 58 165 273
1 3 3 35 6
1 3 12 3 35
1 4 3 35 120 233
1 4 3 35 120 233
1 3 3 35 4
1 4 3 35 120 233
1 5 16 88 205 305 384
1 3 4 41 148
1 3 3 35 6
1 3 3 3 35
1 3 3 3 35
1 3 6 58 165
1 3 6 58 165
1 3 3 35 6
1 3 3 35 121
1 3 3 35 4
1 11 3 35 6 64 179 286 371 425 456 475 489
1 5 19 102 219 311 387
1 6 19 101 218 219 311 387
1 11 19 19 99 73 190 291 373 205 305 384 433
1 7 3 35 64 35 130 248 340
1 3 9 76 193
1 3 17 93 210
1 14 3 35 6 60 170 282 368 422 455 474 488 88 206 306
1 6 19 102 220 313 389 437
1 9 16 91 209 308 219 311 388 436 464
1 13 19 19 19 19 103 221 314 390 438 465 481 495 505
1 10 3 35 10 78 196 298 378 428 458 477
1 7 19 102 219 311 387 435 463
1 5 16 92 219 311 387
1 12 19 19 19 101 217 87 102 219 312 305 384 433
1 3 19 19 19
1 3 3 35 4
1 3 3 35 134
1 9 6 58 165 271 359 416 452 473 487
1 7 7 73 190 291 88 206 306
1 7 15 87 102 219 311 388 436
1 6 121 329 401 153 256 346
1 6 121 237 332 236 331 403
1 6 121 237 332 236 331 403
1 6 121 237 332 236 331 403
1 6 121 237 332 236 331 403
1 6 121 237 332 236 331 403
1 6 121 237 332 236 331 403
1 6 121 237 332 236 331 403
1 5 121 401 153 256 346
1 6 121 237 332 236 331 403
1 6 121 237 332 236 331 403
1 6 3 35 121 236 331 403
1 6 3 35 121 236 331 403
1 7 3 35 121 234 327 400 443
1 4 14 84 202 303
1 6 3 35 121 236 331 403
1 3 19 104 222
1 5 4 42 153 256 346
1 5 4 42 153 256 346
1 5 4 42 153 256 346
1 3 1 1 27
1 7 6 58 165 58 165 6 61
1 6 3 35 10 3 35 136
1 4 3 35 120 233
1 5 3 35 128 245 338
1 5 3 35 128 245 338
1 9 3 35 127 244 337 405 99 1 28
1 4 3 35 120 233
1 5 8 3 35 18 96
1 4 3 35 123 240
1 3 3 35 125
1 4 6 58 165 273
1 5 6 61 94 159 263
1 6 3 35 121 236 330 402
1 6 3 35 121 236 330 402
1 6 3 35 121 236 330 402
1 5 3 35 7 66 183
1 4 7 68 186 290
1 7 121 236 330 402 99 1 28
1 5 3 35 7 66 183
1 6 5 57 42 153 255 345
1 6 3 35 121 236 330 402
1 6 3 35 121 236 330 402
1 6 3 35 121 236 330 402
1 6 3 35 121 236 330 402
1 6 3 35 121 236 330 402
1 6 3 35 121 236 330 402
1 10 3 35 120 233 120 233 6 58 167 280
1 8 3 35 120 233 120 233 120 233
1 8 3 35 120 233 120 233 120 233
1 8 3 35 120 233 120 233 120 233
1 8 3 35 120 233 120 233 120 233
1 11 3 35 120 233 6 58 165 6 58 165 6
1 8 3 35 120 233 120 233 120 233
1 8 3 35 120 233 120 233 120 233
1 8 3 35 120 233 120 233 120 233
1 10 3 35 120 233 120 233 6 58 167 280
1 14 3 35 120 233 6 58 165 58 165 276 61 94 159 259
1 4 6 58 165 277
1 4 10 3 35 119
1 4 7 66 184 288
1 5 19 165 128 245 338
1 3 20 105 223
1 5 19 165 272 361 418
1 3 7 66 183
1 5 3 35 7 66 183
1 10 3 35 120 233 120 233 6 64 35 6
1 3 7 66 183
1 5 3 35 7 66 183
1 10 3 35 4 46 41 4 6 64 35 6
1 10 3 35 120 233 165 275 175 284 64 35
1 13 3 35 120 233 165 58 165 58 165 6 64 35 6
1 12 3 35 120 233 120 233 165 275 175 284 64 35
1 10 3 35 120 233 165 275 175 284 64 35
1 10 3 35 120 233 165 275 175 284 64 35
1 10 3 35 120 233 165 275 175 284 64 35
1 11 3 35 122 238 94 159 159 41 4 49 4
1 12 3 35 120 233 165 275 363 420 49 4 4 4
1 13 3 35 120 233 165 58 165 58 165 6 64 35 6
1 6 6 64 35 7 66 183
1 4 10 78 195 297
1 4 6 58 165 278
1 6 3 35 120 233 120 233
1 8 3 35 6 58 165 276 365 421
1 4 3 35 120 233
1 8 3 35 64 35 120 233 120 233
1 8 3 35 64 35 120 233 120 233
1 10 3 35 120 233 120 233 120 233 120 233
1 4 3 35 120 233
1 4 3 35 120 233
1 8 3 35 6 58 165 270 358 415
1 4 3 35 64 35
1 6 3 35 6 61 49 4
1 6 6 58 165 58 165 6
1 3 2 32 115
1 3 18 96 213
1 4 3 35 18 96
1 3 3 35 133
1 14 1 31 156 94 159 41 4 42 151 94 159 41 4 47
1 5 1 68 187 291 372
1 7 18 94 159 41 4 41 4
1 6 3 35 120 233 120 233
1 6 3 35 120 233 120 233
1 6 3 35 120 233 120 233
1 11 3 35 120 233 120 233 120 233 276 365 421
1 6 3 35 120 233 120 233
1 6 3 35 120 233 120 233
1 6 3 35 120 233 120 233
1 12 3 35 120 233 120 233 120 233 276 365 421 454
1 6 3 35 120 233 120 233
1 3 18 94 159
1 4 3 35 138 250
1 3 1 1 27
1 3 6 58 165
1 3 8 3 35
1 4 6 58 165 277
1 3 10 3 35
1 3 12 3 35
1 4 6 58 165 278
1 8 6 58 165 58 165 6 60 169
1 11 3 35 120 233 120 233 319 392 3 36 142
1 11 3 35 120 233 120 233 319 392 3 35 6
1 10 3 35 120 233 120 233 319 392 3 35
1 14 6 58 165 58 165 58 165 274 362 419 453 131 162 266
1 10 3 35 120 233 120 233 319 392 3 35
1 10 3 35 120 233 120 233 319 392 3 35
1 8 3 35 120 233 120 233 319 392
1 4 6 58 165 273
1 5 3 35 120 233 325
1 4 6 59 168 281
1 10 12 3 35 120 233 120 233 323 397 442
1 10 6 58 165 58 165 58 165 6 60 169
1 9 8 3 35 4 41 4 43 154 257
1 10 3 35 120 233 120 233 319 392 3 35
1 10 3 35 120 233 120 233 319 392 3 35
1 11 3 35 120 233 120 233 319 392 3 35 4
1 10 3 35 120 233 120 233 319 392 3 35
1 10 10 3 35 120 233 120 233 322 396 441
1 13 6 58 165 58 165 58 165 6 60 169 56 162 266
1 8 3 35 120 233 120 233 319 392
1 14 7 69 188 292 374 426 457 476 490 500 509 517 522 525
1 14 7 69 188 292 374 426 457 476 490 500 509 517 522 525
1 12 121 235 328 57 163 267 353 412 450 472 486 499
1 6 3 35 120 233 120 233
1 6 3 35 120 233 120 233
1 8 3 35 120 233 120 233 120 233
1 4 3 35 120 233
1 4 3 35 120 233
1 6 3 35 120 233 120 233
1 8 3 35 120 233 120 233 120 233
1 6 3 35 120 233 120 233
1 7 3 35 120 233 120 233 318
1 4 3 35 120 233
1 6 6 58 165 268 355 414
1 12 13 83 201 302 382 431 461 480 494 504 513 519
1 14 7 69 188 292 374 426 457 476 490 500 509 517 522 525
1 14 7 69 188 292 374 426 457 476 490 500 509 517 522 525
1 12 12 81 199 301 381 430 460 479 493 503 512 518
1 14 7 69 188 292 374 426 457 476 490 500 509 517 522 525
1 14 7 69 188 292 374 426 457 476 490 500 509 517 522 525
1 11 10 11 79 197 299 379 429 459 478 492 502
1 3 19 19 19
1 13 3 35 123 124 242 335 404 445 468 483 497 507 515
1 14 7 69 188 292 374 426 457 476 490 500 509 517 522 525
1 12 7 69 187 291 88 457 476 491 516 521 524 527
1 11 7 69 291 88 457 476 490 500 509 517 522
1 14 7 69 188 292 374 426 457 476 490 500 509 517 522 525
1 14 7 69 188 292 374 426 457 476 490 500 509 517 522 525
1 12 7 69 187 291 88 457 476 491 516 521 524 527
1 6 6 58 165 268 355 414
1 12 13 83 201 302 382 431 461 480 494 504 513 519
1 11 7 69 188 292 374 426 457 476 491 501 510
1 5 10 77 194 295 377
1 5 11 80 198 300 380
1 8 3 35 123 242 335 404 444 467
1 4 24 109 227 315
1 4 3 35 120 233
1 4 3 35 120 233
1 4 3 35 120 233
1 4 3 35 120 233
1 4 3 35 120 233
1 16 3 35 129 247 339 406 291 88 457 476 490 500 509 517 522 525
1 4 3 35 120 233
1 16 3 35 129 247 339 406 291 88 457 476 490 500 509 517 522 525
1 4 3 35 120 233
1 3 4 4 4
1 3 1 1 27
1 25 6 64 35 120 61 94 159 41 4 6 64 175 284 61 49 94 159 259 49 4 6 58 165 279 367
1 5 6 64 35 64 177
1 4 6 58 165 278
1 3 6 64 177
1 5 3 35 6 64 180
1 9 6 64 35 64 127 244 337 405 446
1 11 6 64 35 120 13 82 200 44 310 386 434
1 4 3 35 128 246
1 13 6 64 35 64 178 285 370 424 49 94 159 260 347
1 13 6 64 35 120 61 94 159 41 4 6 58 165 6
1 28 6 64 35 120 169 56 162 252 342 408 447 469 484 342 408 447 469 484 266 352 411 449 471 181 159 41 4 46
1 9 19 19 165 272 360 417 272 361 418
1 5 3 35 123 239 334
1 19 19 58 165 58 165 64 175 284 64 175 284 175 284 64 35 120 233 326 399
1 20 19 19 165 58 165 64 175 284 64 175 284 175 284 64 181 159 41 4 52 4
1 17 19 19 165 58 165 64 175 284 64 175 284 64 35 120 233 326 399
1 19 19 58 165 58 165 64 175 284 64 175 284 369 423 49 4 41 4 52 4
1 20 19 19 165 58 165 64 175 284 64 175 284 175 284 64 181 159 41 4 52 4
1 22 19 19 165 58 165 64 175 284 64 35 120 233 120 233 324 398 181 159 41 4 52 4
1 9 19 19 165 58 165 64 175 284 64
1 9 19 58 165 58 165 64 175 284 64
1 20 19 19 165 58 165 64 175 284 64 175 284 175 284 64 181 159 41 4 52 4
1 20 19 19 165 58 165 64 175 284 64 175 284 175 284 64 181 159 41 4 52 4
1 5 3 35 10 3 35
1 6 3 35 120 233 276 366
1 4 18 95 95 212
1 4 3 35 120 233
1 4 3 35 120 233
1 6 6 58 165 58 165 6
1 4 3 35 120 233
1 4 3 35 4 4
1 3 3 35 140
1 13 7 70 374 426 457 476 490 500 508 516 521 524 527
1 6 6 64 35 118 232 317
1 3 1 28 112
1 11 5 56 162 266 94 211 309 385 118 232 317
1 6 3 35 6 58 165 6
1 6 10 78 195 118 232 317
1 7 3 3 35 10 118 232 317
1 3 1 28 112
1 4 3 35 120 233
1 4 3 35 120 233
1 6 3 35 141 251 341 407
1 3 3 35 135
1 4 3 35 120 233
1 3 3 35 135
1 5 3 35 118 232 317
1 3 21 106 224
1 3 21 106 224
1 3 21 106 224
1 3 21 106 224
1 3 21 106 224
1 4 3 35 120 233
1 4 3 35 120 233
1 4 181 159 264 349
1 3 21 106 224
1 5 3 35 18 97 214
1 3 25 110 228
1 6 3 35 120 233 120 233
1 6 3 35 120 233 120 233
1 16 3 35 120 233 321 395 440 466 482 496 506 514 520 523 526 529
1 8 19 165 58 165 58 165 269 356
1 7 3 35 120 233 165 58 164
1 4 3 35 120 233
1 4 3 35 18 95
1 5 3 35 4 41 149
1 13 4 6 58 166 291 88 457 476 490 500 509 517 522
1 9 18 98 98 98 98 98 98 98 98
1 4 3 35 120 233
1 3 3 34 117
1 13 7 68 187 291 88 457 476 490 500 509 517 522 525
1 4 3 35 120 233
1 3 1 1 27
1 5 3 35 121 236 330
1 6 8 75 192 294 376 427
1 5 18 95 95 95 95
1 4 6 58 165 276
1 3 3 35 4
1 4 3 35 120 233
1 3 3 35 4
1 6 3 35 120 233 120 233
1 4 3 35 120 233
1 5 6 58 165 58 165
1 4 6 58 165 273
1 5 10 3 35 14 86
1 7 121 237 332 236 329 401 153
1 6 3 35 121 329 401 153
1 9 121 237 332 236 329 401 153 255 345
1 7 3 35 120 233 42 153 255
1 5 3 35 14 85 204
1 4 3 35 121 236
1 4 121 236 329 401
1 6 12 3 35 7 66 183
1 8 10 3 35 121 236 99 1 28
1 12 7 70 374 426 457 476 490 500 509 517 522 525
1 5 3 35 4 6 61
1 8 6 58 165 58 165 99 1 28
1 10 7 70 374 426 457 476 491 516 521 524
1 4 16 89 207 307
1 3 14 85 204
1 3 14 85 204
1 4 3 35 120 233
1 4 3 35 120 233
1 7 3 35 120 233 321 394 439
1 4 3 35 4 41
1 4 3 35 120 233
1 7 3 35 120 233 99 1 28
1 10 16 88 457 476 490 500 509 517 522 525
1 12 7 70 374 426 457 476 490 500 509 517 522 525
1 4 18 14 85 204
1 5 7 72 189 293 375
1 6 1 7 72 189 293 375
1 6 1 7 72 67 185 289
1 3 1 7 67
1 3 18 14 85
1 3 1 7 67
1 3 18 14 85
1 6 1 7 72 189 293 375
1 4 1 7 74 191
1 12 7 70 374 426 457 476 490 500 509 517 522 525
1 12 7 70 374 426 457 476 490 500 509 517 522 525
1 4 18 14 85 204
1 4 7 67 185 289
1 6 1 7 70 67 185 289
1 5 1 7 189 293 375
1 5 1 7 67 185 289
1 5 1 7 189 293 375
1 6 1 7 72 189 293 375
1 3 7 66 183
1 12 7 70 374 426 457 476 490 500 509 517 522 525
1 3 3 35 137
1 14 7 69 188 190 291 88 457 476 490 500 509 517 522 525
1 10 124 242 335 404 445 468 483 497 507 515
1 15 3 35 7 70 374 426 457 476 490 500 508 516 521 524 527
1 5 3 37 144 253 343
1 8 3 35 120 233 120 233 120 233
1 3 3 35 37
1 6 3 35 120 233 99 215
1 3 14 85 203
1 3 3 35 4
1 6 3 35 7 66 183 287
1 5 1 1 1 1 1
1 3 3 35 139
1 3 23 108 226
1 5 3 35 6 62 172
1 5 3 35 6 62 172
1 3 3 35 140
1 3 22 107 225
1 3 3 35 4
1 3 3 35 132
1 3 6 63 173
1 3 1 1 27
1 6 4 4 4 41 4 48
1 5 4 4 41 4 48
1 15 46 41 4 41 4 4 4 4 41 53 159 37 94 159 262
1 14 4 4 4 4 41 4 4 41 4 4 41 41 4 4
1 25 4 46 41 4 4 4 4 4 41 41 4 4 41 4 46 41 4 4 49 4 41 46 41 4 50
1 10 3 3 35 4 46 4 46 4 4 50
1 7 26 111 159 41 4 45 155
1 28 4 41 4 46 4 4 55 111 159 41 4 41 4 46 41 4 41 46 4 52 160 37 159 41 4 41 4 50
1 14 3 35 4 4 4 4 41 41 4 4 49 94 159 159
1 3 4 4 4
1 22 4 4 4 4 41 4 4 41 46 4 4 4 4 46 4 51 159 41 4 41 4 50
1 15 3 37 159 41 46 41 4 41 46 4 4 4 46 4 4
1 23 4 4 4 46 4 41 4 46 4 41 46 49 4 4 4 53 159 159 41 41 4 41 150
1 15 4 46 41 4 51 159 41 4 46 4 4 4 4 4 4
1 21 4 4 4 41 4 4 41 4 41 46 4 4 4 41 4 46 4 4 41 4 50
1 11 4 4 4 4 4 4 41 4 4 54 161
1 4 46 41 4 4
1 7 4 4 4 44 310 386 434
1 3 4 4 48
1 14 4 53 159 159 159 41 4 46 4 52 37 94 159 262
1 15 46 4 4 41 4 41 4 4 41 4 46 4 41 4 53
1 22 4 4 4 4 4 4 41 4 41 4 4 4 51 159 37 159 41 4 41 4 46 157
1 11 4 4 41 4 49 4 41 4 46 158 258
1 6 4 46 4 4 4 6
1 26 53 159 37 143 252 342 408 447 111 159 41 4 4 4 41 4 4 4 4 4 46 53 159 159 41 150
1 9 4 4 4 41 4 4 4 4 50
1 5 46 4 4 4 6
1 25 3 35 4 4 4 55 111 159 159 41 46 156 94 159 159 41 4 41 4 53 159 159 264 350 410
1 11 4 4 4 46 4 4 4 4 4 46 157
1 5 26 111 159 159 41
1 23 4 4 4 41 46 4 4 46 41 4 4 46 41 4 41 4 4 4 41 4 41 46 157
1 14 4 41 4 41 4 41 4 4 4 46 156 94 159 159
1 25 4 4 41 4 4 52 4 4 4 4 41 4 46 4 41 4 41 4 4 4 4 52 160 265 351
1 13 4 41 4 46 4 41 4 4 46 4 46 158 258
1 6 4 46 4 4 4 4
1 23 19 165 64 35 37 159 41 4 41 4 4 41 4 41 46 4 41 4 46 41 4 46 157
1 9 4 4 46 4 4 4 41 4 50
1 5 46 4 52 4 4
1 23 181 159 159 37 159 159 41 41 4 4 4 41 46 41 4 4 41 4 41 4 41 4 50
1 10 46 41 4 4 4 41 4 4 46 157
1 7 26 156 94 159 159 159 41
1 29 4 4 41 4 4 4 41 4 4 41 4 46 41 4 4 51 159 41 4 4 4 41 46 4 4 41 181 159 262
1 10 46 4 4 4 4 4 4 41 4 50
1 10 3 38 145 254 344 409 448 470 485 498
1 20 4 4 4 41 4 55 111 229 316 391 37 159 159 159 37 159 159 41 4 50
1 9 3 35 120 233 120 233 165 275 364
1 6 26 111 159 41 4 4
1 23 4 4 4 4 4 4 41 46 41 41 46 4 4 53 159 41 4 4 41 4 4 41 150
1 12 46 4 46 4 4 41 51 159 159 37 159 262
1 4 4 46 4 4
1 25 4 4 4 41 4 4 41 4 41 4 4 41 46 41 4 4 41 4 41 4 6 58 165 269 357
1 19 4 46 41 41 41 4 4 46 41 46 4 49 4 4 46 4 41 41 4
1 6 19 100 216 310 386 434
1 5 3 35 123 239 334
1 6 19 58 165 6 65 182
1 5 19 99 1 30 114
1 5 3 35 128 245 338
1 3 3 40 147
1 10 19 61 49 4 41 4 41 99 1 28
1 3 7 66 183
1 5 19 58 165 58 165
1 4 19 99 1 28
1 7 10 3 35 10 78 195 296
1 4 1 29 113 230
1 4 3 35 120 233
1 8 6 58 165 99 1 30 114 231
1 4 1 30 114 231
1 4 18 61 94 159
1 4 3 35 120 233
1 3 3 39 146
1 8 3 35 120 233 6 62 171 283
1 4 3 35 120 233
1 4 19 165 58 165
1 5 3 35 121 237 333
1 3 3 35 64
1 4 3 35 120 233
1 4 3 35 120 233
1 4 3 35 64 35
1 3 3 35 64
1 9 6 58 165 271 56 162 266 352 411
1 8 6 58 165 64 176 99 1 28
1 3 6 58 165
1 4 26 61 94 159
1 4 19 19 58 165
1 17 19 61 49 61 94 159 41 4 99 190 291 88 205 304 383 432 462
1 3 2 33 116
1 3 19 19 19
1 3 19 19 19
1 4 19 19 58 165
1 7 19 19 19 101 61 49 94
1 6 6 58 165 99 1 28
1 11 11 79 197 299 379 429 459 478 492 502 511
1 3 6 58 165
1 4 3 35 121 237
1 5 19 61 49 4 49
1 6 10 3 35 7 66 183
1 10 16 88 457 476 490 500 509 517 522 525
1 16 3 35 6 99 190 291 88 457 476 490 500 509 517 522 525 528
1 13 7 70 374 426 457 476 490 500 508 516 521 524 527
1 12 7 187 291 88 457 476 490 500 509 517 522 525
1 3 3 35 120
1 8 3 35 131 249 37 144 253 343
1 7 5 57 163 267 354 413 451
1 3 6 64 177
1 3 16 90 208
1 3 7 66 183
1 3 6 64 174
1 4 3 35 120 233
1 3 20 105 223
