421 439
1 3 1 1 26
1 6 3 34 111 203 111 203
1 13 3 34 111 203 269 322 357 33 34 6 83 181 255
1 8 5 52 146 33 34 55 150 33
1 6 3 34 111 203 111 203
1 6 3 34 111 203 111 203
1 8 3 34 111 203 111 203 271 325
1 9 3 34 111 203 111 203 7 59 157
1 8 3 34 111 203 111 203 111 203
1 8 3 34 111 203 111 203 111 203
1 6 3 34 111 203 111 203
1 11 3 34 111 203 6 111 203 6 83 181 255
1 3 6 111 203
1 5 8 33 34 114 212
1 4 6 111 203 273
1 3 6 111 203
1 4 10 3 34 7
1 4 3 34 111 203
1 3 11 33 34
1 6 12 33 34 7 59 157
1 13 7 33 34 109 73 303 344 373 390 404 415 424 431
1 15 3 33 34 7 64 161 242 303 344 373 390 404 415 424 431
1 4 3 34 111 203
1 4 3 34 111 203
1 10 3 34 114 213 289 337 386 401 413 422
1 6 3 34 111 203 111 203
1 6 3 34 111 203 111 203
1 6 3 34 111 203 111 203
1 6 3 34 111 203 111 203
1 6 3 34 111 203 111 203
1 6 3 34 111 203 111 203
1 8 3 34 111 203 111 203 111 203
1 6 3 34 111 203 111 203
1 8 3 34 111 203 111 203 111 203
1 7 3 34 55 150 33 34 6
1 4 3 34 111 203
1 4 3 34 111 203
1 6 6 111 203 111 203 6
1 4 3 34 111 203
1 4 3 34 111 203
1 5 8 33 34 120 219
1 5 4 38 132 223 295
1 4 3 34 111 203
1 4 6 111 203 273
1 3 3 34 6
1 3 11 33 34
1 5 14 73 170 249 310
1 3 4 38 133
1 3 3 34 6
1 3 3 33 34
1 3 6 111 203
1 3 3 34 6
1 3 3 34 112
1 3 3 34 4
1 11 3 34 6 17 88 186 259 315 353 380 397
1 5 17 89 187 260 316
1 6 17 88 185 187 260 316
1 11 17 17 83 66 163 109 202 170 249 310 350
1 7 3 34 17 34 119 218 291
1 3 9 67 164
1 3 15 78 175
1 14 3 34 6 55 152 237 302 343 372 389 402 73 171 250
1 9 14 76 174 252 187 260 317 354 381
1 13 17 17 17 17 90 188 262 318 355 382 398 410 419
1 10 3 34 10 68 166 245 306 346 376 393
1 5 14 77 187 260 316
1 12 17 17 17 88 184 72 89 187 261 249 310 350
1 3 17 17 17
1 3 3 34 4
1 3 3 34 122
1 7 7 66 163 109 73 171 250
1 7 13 72 89 187 260 317 354
1 6 112 111 203 270 324 359
1 6 112 209 286 208 285 336
1 6 112 209 286 208 285 336
1 6 112 209 286 208 285 336
1 6 112 209 286 208 285 336
1 6 112 209 286 208 285 336
1 6 112 209 286 208 285 336
1 5 112 207 136 225 297
1 6 112 209 286 208 285 336
1 6 3 34 112 208 285 336
1 7 3 34 112 206 283 334 366
1 4 79 176 253 311
1 6 3 34 112 208 285 336
1 3 17 91 189
1 5 4 39 136 225 297
1 5 4 39 136 225 297
1 5 4 39 136 225 297
1 3 1 1 26
1 6 3 34 10 3 34 124
1 4 3 34 111 203
1 5 3 34 116 214 290
1 5 3 34 116 214 290
1 4 3 34 111 203
1 5 8 33 34 120 219
1 4 3 34 113 211
1 3 3 34 115
1 4 6 111 203 273
1 5 6 40 33 34 125
1 6 3 34 112 208 284 335
1 6 3 34 112 208 284 335
1 6 3 34 112 208 284 335
1 5 3 34 7 59 157
1 4 7 33 109 201
1 7 112 208 284 335 83 181 255
1 6 5 52 269 55 151 236
1 6 3 34 112 208 284 335
1 6 3 34 112 208 284 335
1 6 3 34 112 208 284 335
1 6 3 34 112 208 284 335
1 10 3 34 111 203 111 203 6 111 204 282
1 8 3 34 111 203 111 203 111 203
1 8 3 34 111 203 111 203 111 203
1 8 3 34 111 203 111 203 111 203
1 11 3 34 111 203 6 111 203 6 111 203 6
1 8 3 34 111 203 111 203 111 203
1 8 3 34 111 203 111 203 111 203
1 8 3 34 111 203 111 203 111 203
1 10 3 34 111 203 111 203 6 111 204 282
1 4 6 111 203 278
1 4 10 3 34 110
1 4 7 59 158 239
1 5 17 34 116 214 290
1 5 3 34 7 59 157
1 10 3 34 111 203 111 203 6 17 34 6
1 3 7 59 157
1 5 3 34 7 59 157
1 10 3 34 111 203 268 46 38 4 277 4
1 13 3 34 111 203 268 33 34 111 203 6 17 34 6
1 12 3 34 111 203 111 203 268 46 38 4 277 4
1 10 3 34 111 203 268 46 38 4 277 4
1 10 3 34 111 203 268 46 38 4 277 4
1 10 3 34 111 203 268 46 38 4 277 4
1 12 3 34 111 203 268 46 4 38 180 144 144 144
1 13 3 34 111 203 268 33 34 111 203 6 17 34 6
1 6 6 17 34 7 59 157
1 4 6 111 203 279
1 6 3 34 111 203 111 203
1 4 3 34 111 203
1 8 3 34 17 34 111 203 111 203
1 10 3 34 111 203 111 203 111 203 111 203
1 4 3 34 111 203
1 4 3 34 111 203
1 8 3 34 6 111 203 269 323 358
1 4 3 34 17 34
1 6 3 34 6 40 138 226
1 6 6 111 203 111 203 6
1 3 2 30 104
1 3 16 81 179
1 5 1 33 34 109 200
1 7 16 33 34 111 203 111 203
1 6 3 34 111 203 111 203
1 6 3 34 111 203 111 203
1 6 3 34 111 203 111 203
1 11 3 34 111 203 111 203 111 203 276 33 34
1 6 3 34 111 203 111 203
1 6 3 34 111 203 111 203
1 12 3 34 111 203 111 203 111 203 276 33 34 120
1 6 3 34 111 203 111 203
1 3 16 33 34
1 4 3 34 127 221
1 3 1 1 26
1 3 6 111 203
1 3 10 3 34
1 4 6 111 203 279
1 8 6 111 203 111 203 6 55 150
1 11 3 34 111 203 111 203 270 112 111 204 282
1 10 3 34 111 203 111 203 270 112 111 203
1 14 6 111 203 111 203 111 203 280 332 365 384 400 412 421
1 10 3 34 111 203 111 203 270 112 111 203
1 10 3 34 111 203 111 203 270 112 111 203
1 8 3 34 111 203 111 203 270 112
1 4 6 111 203 273
1 5 3 34 111 203 279
1 4 6 54 149 235
1 10 11 33 34 111 203 111 203 275 329 363
1 10 6 111 203 111 203 111 203 6 55 150
1 9 8 33 34 4 38 4 41 139 227
1 10 3 34 111 203 111 203 270 112 111 203
1 10 3 34 111 203 111 203 270 112 111 203
1 10 10 3 34 111 203 111 203 274 328 362
1 13 6 111 203 111 203 111 203 6 55 150 33 34 6
1 8 3 34 111 203 111 203 270 112
1 14 7 62 160 241 161 242 303 344 373 390 404 415 424 431
1 6 3 34 111 203 111 203
1 8 3 34 111 203 111 203 111 203
1 4 3 34 111 203
1 6 3 34 111 203 111 203
1 6 3 34 111 203 111 203
1 7 3 34 111 203 111 203 267
1 4 3 34 111 203
1 6 6 111 203 267 320 356
1 12 12 71 169 248 309 349 379 396 409 418 427 433
1 14 7 62 160 241 161 242 303 344 373 390 404 415 424 431
1 12 11 70 168 247 308 348 378 395 408 417 426 432
1 14 7 62 160 241 161 242 303 344 373 390 404 415 424 431
1 14 7 62 160 241 161 242 303 344 373 390 404 415 424 431
1 11 10 69 167 246 307 347 377 394 407 416 425
1 13 3 34 113 114 213 289 337 368 386 401 413 422 429
1 14 7 62 160 241 161 242 303 344 373 390 404 415 424 431
1 11 7 62 109 73 303 344 373 390 404 415 424
1 12 7 62 61 109 73 303 344 374 414 423 430 435
1 6 6 111 203 267 320 356
1 12 12 71 169 248 309 349 379 396 409 418 427 433
1 11 7 62 160 241 161 242 303 344 374 391 405
1 8 3 34 113 213 289 337 367 385
1 4 20 95 192 263
1 4 3 34 111 203
1 4 3 34 111 203
1 4 3 34 111 203
1 4 3 34 111 203
1 4 3 34 111 203
1 16 3 34 118 217 40 33 109 73 303 344 373 390 404 415 424 431
1 4 3 34 111 203
1 16 3 34 118 217 40 33 109 73 303 344 373 390 404 415 424 431
1 3 4 4 4
1 3 1 1 26
1 4 6 111 203 279
1 3 6 17 85
1 5 3 34 6 17 92
1 9 6 17 34 17 87 183 258 314 352
1 11 6 17 34 111 12 33 34 116 257 313 351
1 4 3 34 116 215
1 13 6 17 34 17 86 33 34 10 68 33 34 10 68
1 13 6 17 34 111 40 33 34 111 203 6 111 203 6
1 28 6 17 34 111 150 33 34 128 222 293 338 33 34 112 209 287 33 34 6 53 148 234 301 331 144 38 4 46
1 9 17 17 34 113 33 34 113 210 288
1 5 3 34 113 210 288
1 19 17 3 34 111 203 277 330 364 17 3 34 111 203 277 4 38 4 47 100
1 17 17 17 34 111 203 277 330 364 17 3 34 17 34 111 203 281 333
1 19 17 3 34 111 203 277 330 364 17 3 34 48 144 230 144 38 4 47 100
1 20 17 17 34 111 203 277 330 364 17 3 34 111 203 277 331 144 38 4 47 100
1 9 17 17 34 111 203 277 330 364 17
1 9 17 3 34 111 203 277 330 364 17
1 20 17 17 34 111 203 277 330 364 17 3 34 111 203 277 331 144 38 4 47 100
1 5 3 34 10 3 34
1 4 16 80 80 178
1 4 3 34 111 203
1 4 3 34 111 203
1 6 6 111 203 111 203 6
1 4 3 34 111 203
1 4 3 34 4 4
1 6 6 17 34 109 201 266
1 3 1 27 101
1 6 3 34 6 111 203 6
1 6 10 68 165 109 201 266
1 7 3 33 34 10 109 201 266
1 4 3 34 111 203
1 3 3 34 123
1 3 3 34 123
1 5 3 34 109 201 266
1 3 19 94 191
1 3 19 94 191
1 3 19 94 191
1 3 19 94 191
1 4 3 34 111 203
1 4 3 34 111 203
1 3 19 94 191
1 5 3 34 120 220 292
1 3 22 97 194
1 6 3 34 111 203 111 203
1 6 3 34 111 203 111 203
1 16 3 34 111 203 272 327 361 383 399 411 420 428 434 437 438 439
1 8 17 34 111 203 111 203 268 321
1 7 3 34 111 203 268 33 33
1 4 3 34 111 203
1 13 4 40 33 107 109 73 303 344 373 390 404 415 424
1 4 3 34 111 203
1 3 3 32 106
1 13 7 33 34 109 73 303 344 373 390 404 415 424 431
1 4 3 34 111 203
1 3 1 1 26
1 5 3 34 112 208 284
1 5 16 80 80 80 80
1 4 6 111 203 276
1 3 3 34 4
1 4 3 34 111 203
1 6 3 34 111 203 111 203
1 4 3 34 111 203
1 5 6 111 203 111 203
1 5 10 3 34 117 216
1 7 112 209 286 208 33 34 55
1 6 3 34 112 111 203 270
1 9 112 209 286 208 33 34 55 151 236
1 7 3 34 111 203 269 55 151
1 4 112 208 33 34
1 6 11 33 34 7 59 157
1 8 10 3 34 112 208 83 181 255
1 12 7 64 161 242 303 344 373 390 404 415 424 431
1 5 3 34 4 40 137
1 8 6 111 203 111 203 7 59 157
1 4 14 74 172 251
1 3 79 177 254
1 4 3 34 111 203
1 7 3 34 111 203 272 326 360
1 4 3 34 4 38
1 7 3 34 111 203 7 59 157
1 12 7 64 161 242 303 344 373 390 404 415 424 431
1 4 16 79 177 254
1 5 7 65 162 243 305
1 6 1 7 65 162 243 305
1 6 1 7 65 60 159 240
1 3 1 7 60
1 3 16 79 177
1 3 16 79 177
1 6 1 7 65 162 243 305
1 12 7 64 161 242 303 344 373 390 404 415 424 431
1 4 16 79 177 254
1 4 7 60 159 240
1 5 1 7 162 243 305
1 5 1 7 162 243 305
1 6 1 7 65 162 243 305
1 3 7 59 157
1 12 7 64 161 242 303 344 373 390 404 415 424 431
1 3 3 34 125
1 14 7 62 160 163 109 73 303 344 373 390 404 415 424 431
1 10 114 213 289 337 368 386 401 413 422 429
1 15 3 34 7 64 161 242 303 344 373 390 403 414 423 430 435
1 8 3 34 111 203 111 203 111 203
1 3 3 34 126
1 6 3 34 111 203 7 63
1 5 1 1 1 1 1
1 3 3 34 129
1 3 23 98 195
1 5 3 34 6 56 154
1 5 3 34 6 56 154
1 3 21 96 193
1 3 3 34 4
1 3 3 34 121
1 3 6 58 156
1 3 1 1 26
1 6 4 4 4 38 4 44
1 5 4 4 38 4 44
1 15 46 38 4 38 4 4 4 4 38 24 99 196 33 34 123
1 14 4 4 4 4 38 4 4 38 4 4 38 33 34 4
1 25 4 46 38 4 4 4 4 4 38 33 34 4 38 4 46 38 4 4 277 4 38 46 38 4 45
1 10 3 33 34 4 46 4 46 4 4 45
1 7 25 100 144 38 4 43 140
1 28 4 38 4 46 4 4 51 100 144 38 4 38 4 46 38 4 38 46 4 47 33 108 144 38 4 38 4 45
1 3 4 4 4
1 22 4 4 4 4 38 4 4 38 46 4 4 4 4 46 4 48 144 38 4 38 4 45
1 23 4 4 4 46 4 38 4 46 4 38 46 180 144 144 144 232 144 144 38 33 34 111 205
1 15 4 46 38 4 48 144 38 4 46 4 4 4 4 4 4
1 21 4 4 4 38 4 4 38 4 38 46 4 4 4 38 4 46 4 4 38 4 45
1 11 4 4 4 4 4 4 38 4 4 50 145
1 4 46 38 4 4
1 7 4 4 4 42 257 313 351
1 3 4 4 44
1 14 4 49 100 144 144 38 4 46 4 47 142 33 34 123
1 15 46 4 4 38 4 38 4 4 38 4 46 4 38 4 49
1 22 4 4 4 4 4 4 38 4 38 4 4 4 48 144 108 144 38 4 38 4 46 141
1 11 4 4 38 4 277 4 38 4 46 143 228
1 26 24 99 196 264 128 222 293 338 100 144 38 4 4 4 38 4 4 4 4 4 46 49 100 144 38 134
1 9 4 4 4 38 4 4 4 4 45
1 5 46 4 4 4 40
1 25 3 34 4 4 4 51 100 144 144 38 46 142 33 34 4 38 4 38 4 49 100 144 231 299 341
1 11 4 4 4 46 4 4 4 4 4 46 141
1 5 25 100 144 144 38
1 23 4 4 4 38 46 4 4 46 38 4 4 46 38 4 38 4 4 4 38 4 38 46 141
1 14 4 38 4 38 4 38 4 4 4 46 142 33 34 4
1 25 4 4 38 4 4 47 100 144 144 144 38 4 46 4 38 4 38 4 4 4 4 47 33 34 123
1 13 4 38 4 46 4 38 4 4 46 4 46 143 228
1 9 4 4 46 4 4 4 38 4 45
1 5 46 4 47 100 144
1 23 47 100 144 108 144 144 38 33 34 4 4 38 46 38 4 4 38 4 38 4 38 4 45
1 7 25 142 33 34 4 4 38
1 29 4 4 38 4 4 4 38 4 4 38 4 46 38 4 4 48 144 38 4 4 4 38 46 4 4 38 135 224 296
1 10 46 4 4 4 4 4 4 38 4 45
1 10 3 35 144 232 144 229 298 340 370 388
1 20 4 4 4 38 4 51 100 197 265 319 108 144 144 144 108 144 144 38 4 45
1 9 3 34 111 203 111 203 268 46 141
1 6 25 100 144 38 4 4
1 23 4 4 4 4 4 4 38 46 38 33 108 144 144 232 144 38 4 4 38 4 4 38 134
1 25 4 4 4 38 4 4 38 4 38 4 4 38 46 38 4 4 38 4 38 4 40 33 34 4 45
1 19 4 46 38 33 33 34 4 46 38 46 4 277 4 4 46 4 38 33 34
1 6 17 84 182 257 313 351
1 5 3 34 113 210 288
1 6 17 3 34 6 57 155
1 5 17 83 181 256 312
1 5 3 34 116 214 290
1 3 3 37 131
1 10 17 82 180 144 38 4 38 83 181 255
1 4 17 83 181 255
1 7 10 3 34 10 68 165 244
1 4 1 28 102 198
1 8 6 111 203 7 59 29 103 199
1 4 1 29 103 199
1 4 16 40 33 34
1 3 3 36 130
1 8 3 34 111 203 6 56 153 238
1 4 3 34 111 203
1 4 17 34 111 203
1 5 3 34 112 209 287
1 3 3 34 17
1 4 3 34 111 203
1 4 3 34 111 203
1 3 3 34 17
1 9 6 111 203 270 33 34 6 53 148
1 3 6 111 203
1 4 25 40 33 34
1 4 17 17 3 34
1 17 17 82 180 40 33 34 111 203 7 64 161 242 304 345 375 392 406
1 3 2 31 105
1 4 17 17 3 34
1 6 6 111 203 7 59 157
1 4 3 34 112 209
1 5 17 82 180 144 230
1 6 10 3 34 7 59 157
1 10 14 73 303 344 373 390 404 415 424 431
1 16 3 34 6 83 163 109 73 303 344 373 390 404 415 424 431 436
1 13 7 64 161 242 303 344 373 390 403 414 423 430 435
1 12 7 61 109 73 303 344 373 390 404 415 424 431
1 3 3 34 111
1 8 3 34 128 222 294 339 369 387
1 7 5 52 147 233 300 342 371
1 3 6 17 85
1 3 14 75 173
1 3 7 59 157
1 4 3 34 111 203
1 3 18 93 190
