427 460
1 3 1 26 93
1 13 3 34 102 186 261 324 220 49 138 215 222 297 350
1 8 6 50 6 49 138 294 348 49
1 6 3 34 102 186 102 186
1 6 3 34 102 186 102 186
1 9 3 34 102 186 102 186 222 297 350
1 8 3 34 102 186 102 186 102 186
1 3 8 1 27
1 3 7 51 140
1 5 9 3 34 104 190
1 4 7 51 140 223
1 3 7 51 140
1 6 11 3 34 106 194 274
1 4 11 3 34 8
1 4 3 34 102 186
1 3 13 3 34
1 13 8 54 146 234 67 387 408 421 433 443 450 455 458
1 15 3 33 99 184 149 234 67 387 408 421 433 443 450 455 458
1 14 3 34 8 57 234 67 387 408 421 433 443 450 455 458
1 4 3 34 102 186
1 4 3 34 102 186
1 4 3 34 102 186
1 10 3 34 104 191 271 333 374 400 416 429
1 6 3 34 102 186 102 186
1 6 3 34 102 186 102 186
1 6 3 34 102 186 102 186
1 6 3 34 102 186 102 186
1 6 3 34 102 186 102 186
1 6 3 34 102 186 102 186
1 20 3 34 110 138 215 72 183 51 40 79 222 297 67 387 408 422 434 444 451 456
1 6 3 34 102 186 102 186
1 8 3 34 102 186 102 186 102 186
1 7 3 34 294 348 49 138 215
1 4 3 34 102 186
1 6 7 51 140 51 140 221
1 4 3 34 102 186
1 4 3 34 102 186
1 5 9 3 34 15 75
1 5 4 51 103 188 270
1 4 3 34 102 186
1 8 3 34 110 79 169 251 315 360
1 4 7 51 140 223
1 3 13 3 34
1 4 3 34 102 186
1 4 3 34 102 186
1 3 3 34 4
1 4 3 34 102 186
1 5 14 67 157 243 311
1 3 4 51 141
1 3 3 33 99
1 3 3 33 99
1 3 7 51 140
1 3 7 51 140
1 3 3 34 7
1 3 3 34 5
1 3 3 34 4
1 11 3 34 7 16 81 172 253 318 362 393 412
1 5 16 82 173 254 319
1 6 16 81 171 173 254 319
1 11 16 16 222 59 149 234 302 157 243 311 358
1 7 3 34 112 34 109 197 277
1 3 10 62 152
1 6 16 82 174 255 320 364
1 9 14 70 161 246 312 359 391 411 425
1 10 3 34 105 193 273 335 376 401 417 430
1 7 16 82 173 254 319 363 394
1 5 14 71 173 254 319
1 12 16 16 16 81 170 252 317 361 392 243 311 358
1 3 16 16 16
1 3 3 34 4
1 3 3 34 114
1 9 7 51 140 220 293 347 384 405 420
1 7 8 59 149 234 67 158 244
1 6 5 133 211 285 341 380
1 6 5 48 136 47 135 213
1 6 5 48 136 47 135 213
1 6 5 48 136 47 135 213
1 6 5 48 136 47 135 213
1 6 5 48 136 47 135 213
1 6 5 48 136 47 135 213
1 6 5 48 136 47 135 213
1 5 5 211 285 341 380
1 6 5 48 136 47 135 213
1 6 5 48 136 47 135 213
1 6 3 34 5 47 135 213
1 6 3 34 5 47 135 213
1 7 3 34 5 45 131 210 284
1 6 3 34 5 47 135 213
1 5 4 38 125 206 282
1 5 4 38 125 206 282
1 5 4 38 125 206 282
1 7 7 51 140 51 140 221 295
1 4 3 34 102 186
1 5 3 34 116 199 278
1 5 3 34 116 199 278
1 9 3 34 107 195 275 336 222 297 350
1 4 3 34 102 186
1 5 9 3 34 15 75
1 4 3 34 103 189
1 4 7 51 140 223
1 5 7 79 169 251 316
1 6 3 34 5 47 134 212
1 6 3 34 5 47 134 212
1 5 3 34 8 1 27
1 5 3 34 8 1 27
1 6 6 50 261 285 340 379
1 6 3 34 5 47 134 212
1 6 3 34 5 47 134 212
1 6 3 34 5 47 134 212
1 6 3 34 5 47 134 212
1 8 3 34 102 186 102 186 102 186
1 8 3 34 102 186 102 186 102 186
1 8 3 34 102 186 102 186 102 186
1 8 3 34 102 186 102 186 102 186
1 8 3 34 102 186 102 186 102 186
1 8 3 34 102 186 102 186 102 186
1 10 3 34 102 186 102 186 263 72 162 247
1 14 3 34 102 186 263 72 183 51 140 266 79 169 251 314
1 4 7 51 140 226
1 4 11 3 34 101
1 4 8 1 29 96
1 5 16 140 116 199 278
1 3 17 85 175
1 5 16 140 103 188 270
1 3 8 1 27
1 10 3 34 4 40 51 140 221 112 34 7
1 12 3 34 102 186 102 186 4 40 51 140 16 140
1 10 3 34 102 186 4 40 51 140 16 140
1 10 3 34 102 186 4 40 51 140 16 140
1 11 3 34 117 201 33 99 183 51 140 16 140
1 13 3 34 102 186 4 51 140 51 140 221 112 34 7
1 4 11 112 34 112
1 4 7 51 140 227
1 6 3 34 102 186 102 186
1 8 3 34 7 51 140 266 329 371
1 4 3 34 102 186
1 8 3 34 112 34 102 186 102 186
1 10 3 34 102 186 102 186 102 186 102 186
1 4 3 34 102 186
1 4 3 34 102 186
1 6 3 34 7 79 112 34
1 6 7 51 140 51 140 221
1 3 15 75 167
1 4 3 34 15 75
1 3 3 34 113
1 14 1 30 92 72 183 51 140 219 292 72 183 51 140 266
1 5 1 54 146 234 301
1 7 15 72 183 51 140 51 140
1 6 3 34 102 186 102 186
1 6 3 34 102 186 102 186
1 11 3 34 102 186 102 186 102 186 266 329 371
1 6 3 34 102 186 102 186
1 6 3 34 102 186 102 186
1 6 3 34 102 186 102 186
1 12 3 34 102 186 102 186 102 186 266 329 371 398
1 6 3 34 102 186 102 186
1 3 15 72 183
1 4 3 34 118 202
1 3 1 26 93
1 3 7 51 140
1 3 9 3 34
1 4 7 51 140 226
1 3 11 3 34
1 3 13 3 34
1 4 7 51 140 227
1 8 7 51 140 51 140 221 294 348
1 11 3 34 102 186 102 186 262 325 3 34 7
1 10 3 34 102 186 102 186 262 325 3 34
1 10 3 34 102 186 102 186 262 325 3 34
1 8 3 34 102 186 102 186 262 325
1 4 7 51 140 223
1 5 3 34 102 186 267
1 10 13 3 34 102 186 102 186 265 328 370
1 9 9 3 34 4 51 140 103 187 269
1 10 3 34 102 186 102 186 262 325 3 34
1 10 3 34 102 186 102 186 262 325 3 34
1 11 3 34 102 186 102 186 262 325 3 34 4
1 10 3 34 102 186 102 186 262 325 3 34
1 10 11 3 34 102 186 102 186 264 327 369
1 13 7 51 140 51 140 51 140 221 294 348 49 138 215
1 14 8 55 147 235 303 353 387 408 421 433 443 450 455 458
1 14 8 55 147 235 303 353 387 408 421 433 443 450 455 458
1 12 5 46 132 50 139 217 288 343 382 404 419 432
1 6 3 34 102 186 102 186
1 6 3 34 102 186 102 186
1 8 3 34 102 186 102 186 102 186
1 4 3 34 102 186
1 4 3 34 102 186
1 8 3 34 102 186 102 186 102 186
1 6 3 34 102 186 102 186
1 4 3 34 102 186
1 6 7 51 140 218 291 346
1 12 19 87 177 256 321 365 395 413 426 438 448 453
1 14 8 55 147 235 303 353 387 408 421 433 443 450 455 458
1 14 8 55 147 235 303 353 387 408 421 433 443 450 455 458
1 12 13 66 156 241 309 356 389 410 424 437 447 452
1 14 8 55 147 235 303 353 387 408 421 433 443 450 455 458
1 11 11 12 64 154 239 307 355 388 409 423 436
1 3 16 16 16
1 13 3 34 103 104 191 271 333 375 374 400 416 429 441
1 12 8 55 146 234 67 387 408 422 434 444 451 456
1 11 8 55 234 67 387 408 421 433 443 450 455
1 14 8 55 147 235 303 353 387 408 421 433 443 450 455 458
1 14 8 55 147 235 303 353 387 408 421 433 443 450 455 458
1 12 8 55 146 234 67 387 408 422 434 444 451 456
1 6 7 51 140 218 291 346
1 12 19 87 177 256 321 365 395 413 426 438 448 453
1 11 8 55 147 235 303 353 387 408 422 435 445
1 5 11 63 153 238 306
1 5 12 65 155 240 308
1 4 3 34 102 186
1 4 3 34 102 186
1 4 3 34 102 186
1 4 3 34 102 186
1 16 3 34 108 196 276 337 234 67 387 408 421 433 443 450 455 458
1 4 3 34 102 186
1 16 3 34 108 196 276 337 234 67 387 408 421 433 443 450 455 458
1 4 3 34 102 186
1 3 4 4 4
1 3 1 26 93
1 25 7 16 140 51 215 72 183 51 140 221 112 49 138 215 112 49 138 215 112 34 7 51 140 230 4
1 5 7 16 140 16 80
1 4 7 51 140 227
1 3 7 16 80
1 5 3 34 7 16 83
1 9 7 16 140 16 107 195 275 336 377
1 4 3 34 116 200
1 13 7 16 140 16 105 192 272 334 112 49 138 216 287
1 28 7 16 140 51 348 49 138 322 366 396 414 427 439 366 396 414 427 439 215 286 342 381 403 84 183 51 140 40
1 20 16 16 140 51 140 16 51 140 16 51 140 51 140 16 84 183 51 140 230 4
1 17 16 16 140 51 140 16 51 140 16 51 140 16 140 51 140 230 4
1 20 16 16 140 51 140 16 51 140 16 51 140 51 140 16 84 183 51 140 230 4
1 22 16 16 140 51 140 16 51 140 16 140 51 140 51 140 16 16 84 183 51 140 230 4
1 9 16 16 140 51 140 16 51 140 16
1 9 16 51 140 51 140 16 51 140 16
1 20 16 16 140 51 140 16 51 140 16 51 140 51 140 16 84 183 51 140 230 4
1 5 3 34 105 192 272
1 6 3 34 102 186 266 330
1 4 15 74 74 166
1 4 3 34 102 186
1 3 3 34 120
1 13 8 56 303 353 387 408 421 433 442 434 444 451 456
1 6 7 16 140 218 290 345
1 11 6 49 138 215 72 163 248 313 218 290 345
1 6 3 34 7 51 140 221
1 3 1 27 94
1 4 3 34 102 186
1 4 3 34 102 186
1 6 3 34 121 203 279 338
1 4 3 34 102 186
1 3 3 34 115
1 3 18 86 176
1 3 18 86 176
1 3 18 86 176
1 3 18 86 176
1 4 22 99 185 260
1 3 18 86 176
1 5 3 34 15 76 168
1 3 23 90 180
1 6 3 34 102 186 102 186
1 16 3 34 102 186 268 332 373 399 415 428 440 449 454 457 459 460
1 4 3 34 15 74
1 5 3 34 4 51 142
1 13 4 39 126 207 234 67 387 408 421 433 443 450 455
1 9 15 77 77 77 77 77 77 77 77
1 4 3 34 102 186
1 3 3 32 98
1 13 8 54 146 234 67 387 408 421 433 443 450 455 458
1 4 3 34 102 186
1 3 1 26 93
1 5 3 34 5 47 134
1 6 9 61 151 237 305 354
1 5 15 74 74 74 74
1 4 7 51 140 266
1 3 3 34 4
1 6 3 34 102 186 102 186
1 4 3 34 102 186
1 4 7 51 140 223
1 5 11 3 34 73 165
1 7 5 48 136 47 133 211 285
1 9 5 48 136 47 133 211 285 340 379
1 7 3 34 102 186 261 285 340
1 5 3 34 73 164 250
1 4 3 34 5 47
1 4 5 47 133 211
1 6 13 3 34 8 1 27
1 12 8 56 303 353 387 408 421 433 443 450 455 458
1 5 3 34 4 39 127
1 8 7 51 140 51 140 222 297 350
1 10 8 56 303 353 387 408 422 434 444 451
1 4 14 68 159 245
1 3 73 164 250
1 3 73 164 250
1 4 3 34 102 186
1 4 3 34 102 186
1 7 3 34 102 186 268 331 372
1 4 3 34 102 186
1 7 3 34 102 186 222 297 350
1 10 14 67 387 408 421 433 443 450 455 458
1 12 8 56 303 353 387 408 421 433 443 450 455 458
1 4 15 73 164 250
1 5 8 58 148 236 304
1 6 1 8 58 148 236 304
1 6 1 8 58 53 145 233
1 3 1 8 53
1 3 15 73 164
1 3 1 8 53
1 3 15 73 164
1 6 1 8 58 148 236 304
1 4 1 8 60 150
1 12 8 56 303 353 387 408 421 433 443 450 455 458
1 12 8 56 303 353 387 408 421 433 443 450 455 458
1 4 15 73 164 250
1 4 8 53 145 233
1 6 1 8 56 53 145 233
1 5 1 8 148 236 304
1 5 1 8 53 145 233
1 5 1 8 148 236 304
1 6 1 8 58 148 236 304
1 3 8 1 27
1 12 8 56 303 353 387 408 421 433 443 450 455 458
1 14 8 55 147 149 234 67 387 408 421 433 443 450 455 458
1 15 3 34 8 56 303 353 387 408 421 433 442 434 444 451 456
1 5 3 35 122 204 280
1 3 3 34 111
1 3 73 164 249
1 3 3 34 4
1 6 3 34 8 1 27 94
1 3 3 34 119
1 3 21 89 179
1 5 3 34 7 52 144
1 5 3 34 7 52 144
1 3 3 34 120
1 3 20 88 178
1 3 3 34 4
1 6 4 4 4 51 140 225
1 5 4 4 51 140 225
1 15 40 51 140 51 140 140 140 140 51 24 91 181 72 183 258
1 14 4 4 4 4 51 140 140 51 140 140 51 33 99 183
1 25 4 40 51 140 140 140 140 140 51 33 99 183 51 140 40 51 140 140 16 140 51 40 51 140 228
1 10 3 33 99 183 35 183 35 183 183 258
1 7 25 99 183 51 140 224 298
1 14 3 34 4 4 4 4 51 33 99 183 112 49 138 214
1 3 4 4 4
1 22 4 4 4 4 51 140 140 51 40 4 4 4 4 40 4 229 183 51 140 51 140 228
1 15 3 35 183 51 40 51 140 51 40 4 4 4 40 4 4
1 23 4 4 4 40 4 51 140 40 4 51 40 112 34 4 4 43 99 183 51 33 99 33 100
1 15 4 40 51 140 229 183 51 140 40 4 4 4 4 4 4
1 11 4 4 4 4 4 4 51 140 140 231 299
1 7 4 4 4 42 130 209 283
1 3 4 4 41
1 14 4 43 99 183 183 51 140 40 4 22 92 72 183 258
1 15 40 4 4 51 140 51 140 140 51 140 40 4 51 140 43
1 22 4 4 4 4 4 4 51 140 51 140 140 140 229 183 35 183 51 140 51 140 40 128
1 11 4 4 51 140 16 140 51 140 40 129 208
1 6 4 40 4 4 4 39
1 26 24 91 181 257 322 366 396 414 99 183 51 140 140 140 51 140 140 140 140 140 40 43 99 183 51 143
1 9 4 4 4 51 140 140 140 140 228
1 5 40 4 4 4 39
1 25 3 34 4 4 4 44 99 183 183 51 40 92 72 183 183 51 140 51 140 43 99 183 259 323 367
1 11 4 4 4 40 4 4 4 4 4 40 128
1 5 25 99 183 183 51
1 23 4 4 4 51 40 4 4 40 51 140 140 40 51 140 51 140 140 140 51 140 51 40 128
1 14 4 51 140 51 140 51 140 140 140 40 92 72 183 183
1 25 4 4 51 140 140 230 4 4 4 4 51 140 40 4 51 140 51 140 140 140 140 230 72 183 258
1 13 4 51 140 40 4 51 140 140 40 4 40 129 208
1 6 4 40 4 4 4 4
1 23 16 140 16 140 40 4 51 140 51 140 140 51 140 51 40 4 51 140 40 51 140 40 128
1 9 4 4 40 4 4 4 51 140 228
1 5 40 4 22 99 183
1 23 22 99 183 35 183 183 51 33 99 183 183 51 40 51 140 140 51 140 51 140 51 140 228
1 10 40 51 140 140 140 51 140 140 40 128
1 7 25 92 72 183 183 183 51
1 29 4 4 51 140 140 140 51 140 140 51 140 40 51 140 140 229 183 51 140 140 140 51 40 4 4 51 84 183 258
1 10 40 4 4 4 4 4 4 51 140 228
1 10 3 36 123 205 281 339 378 402 418 431
1 20 4 4 4 51 140 232 300 352 386 407 35 183 183 183 35 183 183 51 140 228
1 9 3 34 102 186 102 186 4 40 128
1 23 4 4 4 4 4 4 51 40 51 33 35 183 183 43 99 33 99 183 51 140 140 51 143
1 12 40 4 40 4 4 51 229 183 183 35 183 258
1 4 4 40 4 4
1 25 4 4 4 51 140 140 51 140 51 140 140 51 40 51 140 140 51 140 51 140 221 33 99 183 258
1 5 3 34 103 188 270
1 6 16 51 140 221 296 349
1 5 16 222 297 351 385
1 5 3 34 116 199 278
1 3 3 37 124
1 10 16 79 112 34 102 186 102 222 297 350
1 3 8 1 27
1 5 16 51 140 51 140
1 4 1 28 95 182
1 4 3 34 102 186
1 8 7 51 140 222 297 351 385 406
1 4 1 351 385 406
1 4 3 34 102 186
1 8 3 34 102 186 263 326 368 397
1 4 16 140 51 140
1 5 3 34 5 48 137
1 4 3 34 102 186
1 4 3 34 112 34
1 3 3 34 112
1 9 7 51 140 220 49 138 215 286 342
1 8 7 51 140 16 79 222 297 350
1 3 7 51 140
1 4 25 79 169 251
1 17 16 79 112 215 72 183 51 140 222 149 234 67 157 242 310 357 390
1 3 2 31 97
1 3 16 16 16
1 3 16 16 16
1 4 16 16 51 140
1 7 16 16 16 81 79 112 49
1 6 7 51 140 222 297 350
1 11 12 64 154 239 307 355 388 409 423 436 446
1 3 7 51 140
1 4 3 34 5 48
1 5 16 79 112 34 112
1 6 11 3 34 8 1 27
1 10 14 67 387 408 421 433 443 450 455 458
1 3 3 34 102
1 8 3 34 110 198 35 122 204 280
1 7 6 50 139 217 289 344 383
1 3 7 16 80
1 3 14 69 160
1 3 8 1 27
1 3 7 16 78
1 4 3 34 102 186
1 3 17 85 175
