432 470
1 6 1 32 118 229 118 229
1 8 3 51 3 306 2 119 231 306
1 6 1 32 118 229 118 229
1 6 1 32 118 229 118 229
1 8 1 32 118 229 118 229 300 353
1 6 1 32 118 229 118 229
1 9 1 32 118 229 118 229 99 206 285
1 8 1 32 118 229 118 229 118 229
1 6 1 32 118 229 118 229
1 11 1 32 118 229 7 1 32 7 99 206 285
1 3 5 6 66
1 3 7 1 32
1 6 8 1 32 123 239 314
1 4 8 1 32 5
1 6 10 93 200 99 206 285
1 13 5 57 163 258 95 396 421 436 448 456 462 466 468
1 14 1 32 5 60 258 95 396 421 436 448 456 462 466 468
1 4 1 32 118 229
1 4 1 32 118 229
1 4 1 32 118 229
1 6 1 32 118 229 118 229
1 6 1 32 118 229 118 229
1 6 1 32 118 229 118 229
1 20 1 32 126 242 72 328 371 306 358 100 99 206 95 396 421 437 461 465 467 469
1 8 1 32 118 229 118 229 118 229
1 8 1 32 118 229 118 229 118 229
1 7 1 32 119 231 306 2 7
1 4 1 32 118 229
1 4 1 32 118 229
1 6 7 1 32 118 229 7
1 4 1 32 118 229
1 4 1 32 118 229
1 5 2 40 14 87 195
1 4 1 32 118 229
1 8 1 32 126 72 328 371 400 423
1 4 7 1 32 130
1 3 1 32 7
1 3 16 93 200
1 4 1 32 118 229
1 4 1 32 118 229
1 3 1 32 2
1 4 1 32 118 229
1 5 17 95 202 281 340
1 3 1 32 7
1 3 1 31 117
1 3 1 31 117
1 3 7 1 32
1 3 1 32 4
1 3 1 32 2
1 11 1 32 7 75 182 268 327 370 397 422 438
1 5 18 104 211 289 345
1 11 18 18 99 63 168 258 324 202 281 340 378
1 7 1 32 18 98 205 284 341
1 3 20 108 216
1 3 19 107 215
1 14 1 32 7 119 232 307 360 391 418 433 445 95 203 282
1 6 18 104 212 291 347 383
1 9 17 96 204 283 211 289 346 382 411
1 13 18 18 18 18 105 213 292 348 384 412 430 443 453
1 10 1 32 122 238 313 363 392 419 434 446
1 7 18 104 211 289 345 381 410
1 5 17 97 211 289 345
1 12 18 18 18 103 209 85 104 211 290 281 340 378
1 3 18 18 18
1 3 1 32 2
1 9 7 1 32 119 230 305 357 390 417
1 7 5 63 168 258 95 203 282
1 7 12 85 104 211 289 346 382
1 6 4 1 32 119 233 308
1 6 4 56 161 54 159 256
1 6 4 56 161 54 159 256
1 6 4 56 161 54 159 256
1 6 4 56 161 54 159 256
1 6 4 56 161 54 159 256
1 5 4 52 119 233 308
1 6 4 56 161 54 159 256
1 6 4 56 161 54 159 256
1 6 1 32 4 54 159 256
1 6 1 32 4 54 159 256
1 7 1 32 4 55 160 257 323
1 4 11 82 191 275
1 6 1 32 4 54 159 256
1 3 18 106 214
1 5 2 41 119 233 308
1 5 2 41 119 233 308
1 3 6 65 170
1 7 7 1 32 118 229 7 72
1 6 1 32 122 237 311 361
1 4 1 32 118 229
1 5 1 32 124 240 315
1 9 1 32 16 93 200 279 99 206 285
1 5 14 31 117 226 297
1 4 1 32 127 245
1 3 1 32 130
1 5 7 72 328 371 404
1 6 1 32 4 54 158 255
1 5 1 32 5 6 66
1 4 5 57 164 259
1 7 4 54 158 255 99 206 285
1 5 1 32 5 6 66
1 6 3 51 154 322 368 395
1 6 1 32 4 54 158 255
1 6 1 32 4 54 158 255
1 6 1 32 4 54 158 255
1 6 1 32 4 54 158 255
1 10 1 32 118 229 118 229 7 1 37 143
1 8 1 32 118 229 118 229 118 229
1 8 1 32 118 229 118 229 118 229
1 8 1 32 118 229 118 229 118 229
1 8 1 32 118 229 118 229 118 229
1 11 1 32 118 229 7 1 32 7 1 32 7
1 8 1 32 118 229 118 229 118 229
1 8 1 32 118 229 118 229 118 229
1 10 1 32 118 229 118 229 7 1 37 143
1 14 1 32 118 229 7 1 32 118 229 128 72 328 371 399
1 4 7 1 32 132
1 4 8 1 32 125
1 4 5 6 69 174
1 5 18 98 124 240 315
1 3 21 109 217
1 5 18 98 14 87 195
1 3 5 6 66
1 5 1 32 5 6 66
1 10 1 32 118 229 118 229 7 75 32 7
1 3 5 6 66
1 5 1 32 5 6 66
1 10 1 32 2 42 40 2 7 75 32 7
1 10 1 32 118 229 32 42 40 2 45 152
1 13 1 32 118 229 32 118 229 118 229 7 75 32 7
1 10 1 32 118 229 32 42 40 2 45 152
1 10 1 32 118 229 32 42 40 2 45 152
1 10 1 32 118 229 32 42 40 2 45 152
1 11 1 32 120 234 306 2 2 40 2 45 152
1 12 1 32 118 229 32 42 2 40 146 117 269 269
1 6 7 75 32 5 6 66
1 4 8 78 186 271
1 8 1 32 7 1 32 128 31 117
1 4 1 32 118 229
1 8 1 32 18 98 40 2 40 2
1 8 1 32 18 98 40 2 40 2
1 4 1 32 118 229
1 8 1 32 7 1 32 4 56 161
1 4 1 32 18 98
1 6 7 1 32 118 229 7
1 3 13 86 194
1 3 15 91 199
1 4 1 32 128 247
1 3 1 32 132
1 14 6 70 35 306 2 40 2 41 149 306 2 40 2 43
1 6 1 32 118 229 118 229
1 6 1 32 118 229 118 229
1 6 1 32 118 229 118 229
1 6 1 32 118 229 118 229
1 6 1 32 118 229 118 229
1 6 1 32 118 229 118 229
1 12 1 32 118 229 118 229 118 229 128 31 117 226
1 6 1 32 118 229 118 229
1 3 15 89 197
1 4 1 32 135 249
1 3 6 65 170
1 3 14 31 117
1 4 7 1 32 132
1 3 16 93 200
1 4 7 1 32 136
1 8 7 1 32 118 229 7 119 231
1 11 1 32 118 229 118 229 299 4 1 37 143
1 11 1 32 118 229 118 229 299 4 1 32 7
1 14 7 1 32 118 229 118 229 302 354 389 416 126 242 72
1 10 1 32 118 229 118 229 299 4 1 32
1 4 7 1 32 130
1 4 7 71 175 265
1 10 7 1 32 118 229 118 229 7 119 231
1 9 14 31 117 269 328 371 401 424 439
1 10 1 32 118 229 118 229 299 4 1 32
1 10 1 32 118 229 118 229 299 4 1 32
1 11 1 32 118 229 118 229 299 4 1 32 2
1 13 7 1 32 118 229 118 229 7 119 231 306 2 7
1 8 1 32 118 229 118 229 299 4
1 14 5 58 165 260 325 369 396 421 436 448 456 462 466 468
1 14 5 58 165 260 325 369 396 421 436 448 456 462 466 468
1 12 4 53 156 51 155 253 320 366 393 420 435 447
1 6 1 32 118 229 118 229
1 6 1 32 118 229 118 229
1 8 1 32 118 229 118 229 118 229
1 4 1 32 118 229
1 4 1 32 118 229
1 6 1 32 118 229 118 229
1 8 1 32 118 229 118 229 118 229
1 6 1 32 118 229 118 229
1 7 1 32 118 229 118 229 301
1 4 1 32 118 229
1 6 7 1 32 121 236 310
1 12 10 81 190 274 336 375 408 428 441 451 459 463
1 14 5 58 165 260 325 369 396 421 436 448 456 462 466 468
1 14 5 58 165 260 325 369 396 421 436 448 456 462 466 468
1 12 16 94 201 280 339 377 409 429 442 452 460 464
1 14 5 58 165 260 325 369 396 421 436 448 456 462 466 468
1 11 8 9 79 188 272 334 374 407 427 440 450
1 3 18 18 18
1 13 1 32 127 25 113 221 293 350 386 413 431 444 454
1 14 5 58 165 260 325 369 396 421 436 448 456 462 466 468
1 12 5 58 163 258 95 396 421 437 461 465 467 469
1 11 5 58 258 95 396 421 436 448 456 462 466
1 14 5 58 165 260 325 369 396 421 436 448 456 462 466 468
1 14 5 58 165 260 325 369 396 421 436 448 456 462 466 468
1 12 5 58 163 258 95 396 421 437 461 465 467 469
1 11 5 58 165 260 325 369 396 421 437 449 457
1 5 8 77 185 270 333
1 5 9 80 189 273 335
1 8 1 32 127 113 221 293 349 385
1 4 26 114 222 294
1 4 1 32 118 229
1 4 1 32 118 229
1 4 1 32 118 229
1 4 1 32 118 229
1 16 1 32 131 248 317 364 258 95 396 421 436 448 456 462 466 468
1 4 1 32 118 229
1 3 2 2 2
1 25 7 75 32 118 72 328 371 306 2 7 75 179 267 210 288 344 380 100 78 186 72 328 371 405 426
1 5 7 75 32 18 102
1 4 7 1 32 136
1 3 7 75 181
1 9 7 75 32 18 16 93 200 279 338
1 11 7 75 32 118 10 93 200 278 287 343 379
1 4 1 32 124 241
1 13 7 75 32 118 72 328 371 306 2 7 1 32 7
1 28 7 75 32 118 231 306 2 351 387 414 432 306 2 41 414 432 306 2 7 380 100 78 187 27 117 306 2 42
1 9 18 18 98 14 31 117 14 87 195
1 5 1 32 127 244 316
1 19 18 40 2 40 2 45 151 98 75 179 267 151 98 75 32 118 229 304 356
1 20 18 18 98 40 2 45 151 98 75 179 267 151 98 75 183 269 328 371 405 426
1 19 18 40 2 40 2 45 151 98 75 179 267 47 269 329 117 306 2 27 117
1 20 18 18 98 40 2 45 151 98 75 179 267 151 98 75 183 269 328 371 405 426
1 22 18 18 98 40 2 45 151 98 75 32 118 229 118 229 303 355 27 117 306 2 27 117
1 9 18 18 98 40 2 45 151 98 75
1 9 18 40 2 40 2 45 151 98 75
1 20 18 18 98 40 2 45 151 98 75 179 267 151 98 75 183 269 328 371 405 426
1 20 18 18 98 40 2 45 151 98 75 179 267 151 98 75 183 269 328 371 405 426
1 5 1 32 122 237 311
1 6 1 32 118 229 128 247
1 4 15 90 198 277
1 4 1 32 118 229
1 4 1 32 118 229
1 6 7 1 32 118 229 7
1 4 1 32 2 2
1 3 1 32 138
1 13 5 62 325 369 396 421 436 448 455 461 465 467 469
1 6 7 75 32 121 235 309
1 3 6 66 171
1 11 3 306 2 7 1 39 145 252 121 235 309
1 6 8 78 186 121 235 309
1 7 1 31 117 225 121 235 309
1 3 6 66 171
1 4 1 32 118 229
1 6 1 32 139 250 318 365
1 3 1 32 133
1 4 1 32 118 229
1 3 1 32 133
1 5 1 32 121 235 309
1 3 22 110 218
1 3 22 110 218
1 3 22 110 218
1 3 22 110 218
1 4 1 32 118 229
1 4 1 32 118 229
1 4 27 117 227 298
1 3 22 110 218
1 3 28 115 223
1 6 1 32 118 229 118 229
1 6 1 32 118 229 118 229
1 8 18 98 40 2 40 2 2 2
1 7 1 32 118 229 32 118 228
1 4 1 32 118 229
1 4 1 32 128 246
1 5 1 32 2 40 148
1 13 2 7 1 33 258 95 396 421 436 448 456 462 466
1 9 15 92 92 92 92 92 92 92 92
1 4 1 32 118 229
1 3 1 34 140
1 13 5 57 163 258 95 396 421 436 448 456 462 466 468
1 4 1 32 118 229
1 6 14 88 196 276 337 376
1 3 1 32 2
1 4 1 32 118 229
1 3 1 32 2
1 5 7 1 32 118 229
1 4 7 1 32 130
1 5 8 1 32 11 84
1 7 4 56 161 54 157 254 322
1 6 1 32 4 1 32 119
1 9 4 56 161 54 157 254 322 368 395
1 5 1 32 11 83 193
1 4 1 32 4 54
1 4 4 54 157 254
1 6 16 93 200 99 206 285
1 8 8 1 32 4 54 99 206 285
1 12 5 62 325 369 396 421 436 448 456 462 466 468
1 5 1 32 2 7 72
1 10 5 62 325 369 396 421 437 461 465 467
1 3 11 83 193
1 3 11 83 193
1 4 1 32 118 229
1 4 1 32 118 229
1 4 1 32 2 40
1 4 1 32 118 229
1 7 1 32 118 229 99 206 285
1 10 17 95 396 421 436 448 456 462 466 468
1 12 5 62 325 369 396 421 436 448 456 462 466 468
1 5 5 61 167 262 326
1 6 6 5 61 167 262 326
1 3 15 11 83
1 3 6 5 59
1 6 6 5 61 167 262 326
1 4 6 5 64 169
1 12 5 62 325 369 396 421 436 448 456 462 466 468
1 4 15 11 83 193
1 4 5 59 166 261
1 6 6 5 62 59 166 261
1 5 6 5 167 262 326
1 5 6 5 59 166 261
1 5 6 5 167 262 326
1 3 5 6 66
1 12 5 62 325 369 396 421 436 448 456 462 466 468
1 3 1 32 134
1 14 5 58 165 168 258 95 396 421 436 448 456 462 466 468
1 10 25 113 221 293 350 386 413 431 444 454
1 15 1 32 5 62 325 369 396 421 436 448 455 461 465 467 469
1 5 1 35 141 251 319
1 8 1 32 118 229 118 229 118 229
1 3 1 32 42
1 6 1 32 118 229 99 207
1 3 11 83 192
1 3 1 32 2
1 6 1 32 5 6 66 171
1 5 6 65 65 65 65
1 3 1 32 137
1 3 24 112 220
1 5 1 32 7 74 178
1 5 1 32 7 74 178
1 3 1 32 138
1 3 23 111 219
1 3 1 32 2
1 3 1 32 129
1 3 7 73 176
1 3 6 65 170
1 6 2 2 2 40 2 44
1 15 42 40 2 40 2 2 2 2 40 29 116 224 306 2 46
1 25 2 42 40 2 2 2 2 2 40 31 117 269 328 371 35 306 2 2 45 152 31 35 306 2 46
1 10 1 31 117 269 35 269 35 269 269 330
1 7 30 117 269 328 371 402 425
1 28 2 40 2 42 2 2 50 117 269 328 371 306 2 42 40 2 40 42 2 27 328 35 269 328 371 306 2 46
1 14 1 32 2 2 2 2 40 31 117 269 329 31 117 269
1 3 2 2 2
1 22 2 2 2 2 40 2 2 40 42 2 2 2 2 42 2 47 269 328 371 306 2 46
1 15 1 35 269 328 35 306 2 40 42 2 2 2 42 2 2
1 23 2 2 2 42 2 40 2 42 2 40 42 146 117 269 269 48 117 269 328 31 117 306 359
1 15 2 42 40 2 47 269 328 371 35 269 269 269 269 269 269
1 21 2 2 2 40 2 2 40 2 40 42 2 2 2 40 2 42 2 2 40 2 46
1 11 2 2 2 2 2 2 40 2 2 49 153
1 4 42 40 2 2
1 3 2 2 44
1 14 2 48 117 269 269 328 371 35 269 332 35 306 2 46
1 15 42 2 2 40 2 40 2 2 40 2 42 2 40 2 48
1 22 2 2 2 2 2 2 40 2 40 2 2 2 47 269 35 269 328 371 306 2 42 150
1 6 2 42 2 2 2 7
1 26 29 116 224 295 351 387 414 432 117 269 328 371 398 117 306 2 2 2 2 2 42 48 117 269 328 372
1 9 2 2 2 40 2 2 2 2 46
1 5 42 2 2 2 7
1 25 1 32 2 2 2 50 117 269 269 328 35 35 306 2 2 40 2 40 2 48 117 269 331 373 406
1 11 2 2 2 42 2 2 2 2 2 42 150
1 23 2 2 2 40 42 2 2 42 40 2 2 42 40 2 40 2 2 2 40 2 40 42 150
1 14 2 40 2 40 2 40 2 2 2 42 35 306 2 2
1 25 2 2 40 2 2 27 117 269 269 269 328 371 35 269 328 371 306 2 2 2 2 27 328 371 403
1 6 2 42 2 2 2 2
1 23 18 98 75 32 42 2 40 2 40 2 2 40 2 40 42 2 40 2 42 40 2 42 150
1 5 42 2 27 117 269
1 23 27 117 269 35 269 269 328 31 117 269 269 328 35 306 2 2 40 2 40 2 40 2 46
1 10 42 40 2 2 2 40 2 2 42 150
1 7 30 35 306 2 2 2 40
1 10 1 36 142 48 117 226 296 352 388 415
1 6 30 117 269 328 371 398
1 23 2 2 2 2 2 2 40 42 40 31 35 269 269 48 117 306 2 2 40 2 2 40 147
1 12 42 2 42 2 2 40 47 269 269 35 269 330
1 4 2 42 2 2
1 25 2 2 2 40 2 2 40 2 40 2 2 40 42 40 2 2 40 2 40 2 7 1 32 2 46
1 19 2 42 40 31 306 2 2 42 40 42 2 45 152 269 35 269 328 31 117
1 6 18 101 208 287 343 379
1 6 18 40 2 7 76 184
1 5 18 99 206 286 342
1 10 18 100 78 186 306 2 40 99 206 285
1 3 5 6 66
1 5 18 40 2 40 2
1 4 18 99 206 285
1 7 8 1 32 122 238 312 362
1 4 6 67 172 263
1 4 1 32 118 229
1 8 7 1 32 5 6 68 173 264
1 4 6 68 173 264
1 4 15 72 328 371
1 4 1 32 118 229
1 3 1 38 144
1 8 1 32 118 229 7 74 177 266
1 4 1 32 118 229
1 4 18 98 40 2
1 5 1 32 4 56 162
1 3 1 32 18
1 4 1 32 118 229
1 4 1 32 118 229
1 4 1 32 18 98
1 3 1 32 18
1 8 7 1 32 18 100 99 206 285
1 4 30 72 328 371
1 4 18 18 40 2
1 3 18 18 18
1 3 18 18 18
1 4 18 18 40 2
1 7 18 18 18 103 210 288 344
1 11 9 79 188 272 334 374 407 427 440 450 458
1 3 7 1 32
1 4 1 32 4 56
1 5 18 100 78 186 271
1 6 8 1 32 5 6 66
1 10 17 95 396 421 436 448 456 462 466 468
1 16 1 32 7 99 168 258 95 396 421 436 448 456 462 466 468 470
1 13 5 62 325 369 396 421 436 448 455 461 465 467 469
1 12 5 163 258 95 396 421 436 448 456 462 466 468
1 3 1 32 118
1 8 1 32 126 243 35 141 251 319
1 7 3 51 155 253 321 367 394
1 3 7 75 181
1 3 5 6 66
1 3 7 75 180
