421 471
1 3 1 1 28
1 6 3 35 107 199 107 199
1 13 3 35 107 199 273 336 382 83 179 346 51 143 226
1 6 3 35 107 199 107 199
1 6 3 35 107 199 107 199
1 8 3 35 107 199 107 199 275 341
1 6 3 35 107 199 107 199
1 9 3 35 107 199 107 199 7 55 151
1 8 3 35 107 199 107 199 107 199
1 8 3 35 107 199 107 199 107 199
1 6 3 35 107 199 107 199
1 11 3 35 107 199 6 107 199 6 51 143 226
1 3 7 55 151
1 3 6 107 199
1 5 8 83 179 254 319
1 4 6 107 199 277
1 3 6 107 199
1 6 10 3 35 112 211 292
1 4 3 35 107 199
1 3 12 83 179
1 6 13 72 167 51 143 226
1 15 3 3 35 7 60 302 358 395 415 429 439 449 457 463 467
1 14 3 35 7 61 393 74 169 245 313 366 456 462 466 469
1 4 3 35 107 199
1 4 3 35 107 199
1 4 3 35 107 199
1 10 3 35 9 66 160 236 361 396 416 430
1 6 3 35 107 199 107 199
1 6 3 35 107 199 107 199
1 6 3 35 107 199 107 199
1 6 3 35 107 199 107 199
1 20 3 35 115 261 84 181 261 181 262 346 51 143 74 169 245 366 456 462 466 469
1 8 3 35 107 199 107 199 107 199
1 6 3 35 107 199 107 199
1 8 3 35 107 199 107 199 107 199
1 4 3 35 107 199
1 5 8 83 179 256 323
1 8 3 35 115 84 181 261 334 380
1 3 3 35 6
1 4 3 35 107 199
1 4 3 35 107 199
1 3 3 35 4
1 4 3 35 107 199
1 5 14 74 170 247 315
1 3 4 40 133
1 3 3 35 6
1 3 3 3 35
1 3 3 3 35
1 3 6 107 199
1 3 6 107 199
1 3 3 35 6
1 6 19 91 187 174 250 316
1 3 17 82 178
1 14 3 35 6 50 142 225 300 356 394 414 428 438 447 455
1 6 19 92 188 267 332 377
1 9 14 77 173 249 174 250 317 369 404
1 13 19 19 19 19 93 189 268 333 378 407 423 434 444
1 10 3 35 10 68 163 240 308 362 397 417
1 7 19 92 174 250 316 368 403
1 5 14 78 174 250 316
1 12 19 19 19 91 186 81 92 174 251 462 466 469
1 3 3 35 119
1 9 6 107 199 274 339 385 409 425 435
1 7 16 81 92 174 250 317 369
1 6 108 107 199 274 340 386
1 6 108 207 289 274 340 386
1 6 108 207 289 274 340 386
1 6 108 207 289 274 340 386
1 6 108 207 289 274 340 386
1 5 108 204 136 222 299
1 6 108 207 289 274 340 386
1 6 3 35 108 206 288 352
1 7 3 35 108 203 285 349 391
1 4 15 79 175 252
1 3 19 94 190
1 5 4 41 136 222 299
1 5 4 41 136 222 299
1 3 1 1 28
1 7 6 107 199 107 199 6 89
1 6 3 35 10 3 35 121
1 5 3 35 113 212 293
1 9 3 35 12 83 179 255 51 143 226
1 4 3 35 107 199
1 4 3 35 110 210
1 3 3 35 111
1 4 6 107 199 277
1 6 3 35 108 206 287 351
1 6 3 35 108 206 287 351
1 6 3 35 108 206 287 351
1 5 3 35 7 55 151
1 4 7 57 153 231
1 7 108 206 287 351 51 143 226
1 5 3 35 7 55 151
1 6 3 35 108 206 287 351
1 6 3 35 108 206 287 351
1 6 3 35 108 206 287 351
1 6 3 35 108 206 287 351
1 6 3 35 108 206 287 351
1 6 3 35 108 206 287 351
1 10 3 35 107 199 107 199 6 107 202 284
1 8 3 35 107 199 107 199 107 199
1 8 3 35 107 199 107 199 107 199
1 11 3 35 107 199 6 107 199 6 107 199 6
1 8 3 35 107 199 107 199 107 199
1 8 3 35 107 199 107 199 107 199
1 14 3 35 107 199 6 107 199 107 199 18 84 181 261 84
1 3 20 95 191
1 5 19 88 8 64 158
1 3 7 55 151
1 5 3 35 7 55 151
1 10 3 35 107 199 107 199 6 54 35 6
1 3 7 55 151
1 5 3 35 7 55 151
1 10 3 35 4 43 3 35 6 54 35 6
1 10 3 35 107 199 4 43 3 35 54 35
1 13 3 35 107 199 4 40 4 40 4 6 54 35 6
1 12 3 35 107 199 107 199 4 43 3 35 54 35
1 10 3 35 107 199 4 43 3 35 54 35
1 10 3 35 107 199 4 43 3 35 54 35
1 11 3 35 109 208 83 179 179 83 179 257 179
1 12 3 35 107 199 4 43 4 40 257 179 179 179
1 13 3 35 107 199 4 40 4 40 4 6 54 35 6
1 6 6 54 35 7 55 151
1 4 10 68 162 239
1 4 6 107 199 282
1 6 3 35 107 199 107 199
1 8 3 35 6 107 199 18 83 179
1 4 3 35 107 199
1 8 3 35 54 35 107 199 107 199
1 8 3 35 54 35 107 199 107 199
1 10 3 35 107 199 107 199 107 199 107 199
1 4 3 35 107 199
1 4 3 35 107 199
1 8 3 35 6 107 199 273 338 384
1 4 3 35 54 35
1 6 3 35 6 89 68 162
1 6 6 107 199 107 199 6
1 3 2 32 103
1 4 3 35 116 215
1 3 3 35 118
1 14 1 31 36 83 179 83 179 253 318 83 179 83 179 256
1 5 1 57 154 393 413
1 7 18 83 179 83 179 83 179
1 6 3 35 107 199 107 199
1 6 3 35 107 199 107 199
1 11 3 35 107 199 107 199 107 199 18 83 179
1 6 3 35 107 199 107 199
1 12 3 35 107 199 107 199 107 199 18 83 179 256
1 6 3 35 107 199 107 199
1 4 3 35 122 217
1 3 1 1 28
1 3 6 107 199
1 3 8 83 179
1 4 6 107 199 281
1 3 10 3 35
1 3 12 83 179
1 8 6 107 199 107 199 6 50 141
1 11 3 35 107 199 107 199 274 108 107 202 284
1 11 3 35 107 199 107 199 274 108 107 199 6
1 10 3 35 107 199 107 199 274 108 107 199
1 14 6 107 199 107 199 107 199 279 345 390 411 115 261 84
1 10 3 35 107 199 107 199 274 108 107 199
1 10 3 35 107 199 107 199 274 108 107 199
1 8 3 35 107 199 107 199 274 108
1 4 6 107 199 277
1 5 3 35 107 199 282
1 4 6 49 140 224
1 10 12 83 179 83 179 83 179 255 320 370
1 10 6 107 199 107 199 107 199 6 50 141
1 10 3 35 107 199 107 199 274 108 107 199
1 10 3 35 107 199 107 199 274 108 107 199
1 11 3 35 107 199 107 199 274 108 107 199 4
1 10 3 35 107 199 107 199 274 108 107 199
1 10 10 3 35 107 199 107 199 278 344 389
1 8 3 35 107 199 107 199 274 108
1 14 7 58 155 232 302 358 395 415 429 439 449 457 463 467
1 12 108 205 286 350 392 412 427 437 446 454 461 465
1 6 3 35 107 199 107 199
1 8 3 35 107 199 107 199 107 199
1 4 3 35 107 199
1 6 3 35 107 199 107 199
1 8 3 35 107 199 107 199 107 199
1 7 3 35 107 199 107 199 272
1 4 3 35 107 199
1 14 7 58 155 232 302 358 395 415 429 439 449 457 463 467
1 14 7 58 155 232 302 358 395 415 429 439 449 457 463 467
1 12 12 71 166 243 311 364 399 419 432 442 451 458
1 14 7 58 155 232 302 358 395 415 429 439 449 457 463 467
1 14 7 58 155 232 302 358 395 415 429 439 449 457 463 467
1 3 19 19 19
1 13 3 35 110 9 66 160 236 306 361 396 416 430 440
1 14 7 58 155 232 302 358 395 415 429 439 449 457 463 467
1 12 7 58 154 393 74 169 245 366 456 462 466 469
1 11 7 58 393 74 169 245 313 366 456 462 466
1 14 7 58 155 232 302 358 395 415 429 439 449 457 463 467
1 14 7 58 155 232 302 358 395 415 429 439 449 457 463 467
1 6 6 107 199 272 335 381
1 12 13 73 168 244 312 365 400 420 433 443 452 459
1 11 7 58 155 232 302 358 395 415 366 401 421
1 5 10 67 161 237 307
1 5 11 70 165 242 310
1 8 3 35 110 66 160 236 305 360
1 4 23 98 194 269
1 4 3 35 107 199
1 4 3 35 107 199
1 16 3 35 114 213 294 353 393 74 169 245 313 366 456 462 466 469
1 4 3 35 107 199
1 16 3 35 114 213 294 353 393 74 169 245 313 366 456 462 466 469
1 4 3 35 107 199
1 3 1 1 28
1 25 6 54 35 107 84 181 261 181 261 84 257 181 261 84 257 181 261 84 257 179 346 83 179 259 325
1 5 6 54 35 54 147
1 3 6 54 147
1 5 3 35 6 54 150
1 9 6 54 35 54 12 83 179 255 321
1 11 6 54 35 107 13 72 167 42 266 331 376
1 13 6 54 35 54 148 228 301 357 257 181 261 329 374
1 13 6 54 35 107 84 181 261 181 261 84 181 261 84
1 28 6 54 35 107 200 181 261 334 379 408 424 83 179 253 408 424 83 179 346 261 84 257 324 149 179 83 179 36
1 9 19 19 88 8 83 179 8 64 158
1 5 3 35 110 209 291
1 19 19 183 88 183 88 54 183 88 54 183 88 183 88 54 35 107 199 283 348
1 20 19 19 88 183 88 54 183 88 54 183 88 183 88 54 149 179 83 179 259 325
1 17 19 19 88 183 88 54 183 88 54 183 88 54 35 107 199 283 348
1 19 19 183 88 183 88 54 183 88 54 183 88 135 179 257 179 83 179 259 325
1 22 19 19 88 183 88 54 183 88 54 35 107 199 107 199 280 347 149 179 83 179 259 325
1 9 19 183 88 183 88 54 183 88 54
1 20 19 19 88 183 88 54 183 88 54 183 88 183 88 54 149 179 83 179 259 325
1 20 19 19 88 183 88 54 183 88 54 183 88 183 88 54 149 179 83 179 259 325
1 5 3 35 10 3 35
1 6 3 35 107 199 18 86
1 4 3 35 107 199
1 4 3 35 107 199
1 6 6 107 199 107 199 6
1 4 3 35 107 199
1 4 3 35 4 4
1 3 3 35 124
1 13 7 60 302 358 395 415 429 439 448 456 462 466 469
1 3 1 29 101
1 11 5 181 261 84 181 263 330 375 106 198 271
1 6 3 35 6 107 199 6
1 6 10 68 162 106 198 271
1 7 3 3 35 10 106 198 271
1 3 1 29 101
1 4 3 35 107 199
1 4 3 35 107 199
1 6 3 35 125 218 296 354
1 3 3 35 120
1 4 3 35 107 199
1 5 3 35 106 198 271
1 3 21 96 192
1 3 21 96 192
1 3 21 96 192
1 3 21 96 192
1 3 21 96 192
1 4 3 35 107 199
1 4 3 35 107 199
1 4 24 221 298 355
1 5 3 35 116 216 295
1 3 25 99 195
1 6 3 35 107 199 107 199
1 6 3 35 107 199 107 199
1 16 3 35 107 199 276 343 388 410 426 436 445 453 460 464 468 470
1 8 19 88 183 88 183 88 184 265
1 7 3 35 107 199 4 40 132
1 4 3 35 107 199
1 4 3 35 116 214
1 5 3 35 4 40 134
1 13 4 6 107 201 393 74 169 245 313 366 456 462 466
1 9 18 87 87 87 87 87 87 87 87
1 4 3 35 107 199
1 3 3 34 105
1 13 7 57 154 393 74 169 245 313 366 456 462 466 469
1 4 3 35 107 199
1 3 1 1 28
1 5 3 35 108 206 287
1 6 8 65 159 235 304 359
1 5 18 85 85 85 85
1 4 6 107 199 18
1 3 3 35 4
1 4 3 35 107 199
1 3 3 35 4
1 6 3 35 107 199 107 199
1 4 3 35 107 199
1 5 6 107 199 107 199
1 4 6 107 199 277
1 6 3 35 108 107 199 274
1 9 108 207 289 274 181 261 328 373 406
1 7 3 35 107 199 273 337 383
1 5 3 35 15 80 177
1 4 3 35 108 206
1 8 10 3 35 108 206 51 143 226
1 8 6 107 199 107 199 7 55 151
1 10 7 60 302 358 395 415 366 456 462 466
1 4 14 75 171 248
1 3 15 80 177
1 3 15 80 177
1 4 3 35 107 199
1 7 3 35 107 199 276 342 387
1 4 3 35 4 40
1 4 3 35 107 199
1 7 3 35 107 199 7 55 151
1 10 14 74 169 245 313 366 456 462 466 469
1 4 18 15 80 177
1 5 7 62 156 234 303
1 6 1 7 62 156 234 303
1 6 1 7 62 56 152 230
1 3 1 7 56
1 3 18 15 80
1 3 1 7 56
1 3 18 15 80
1 4 1 7 63 157
1 12 7 60 302 358 395 415 429 439 449 457 463 467
1 12 7 60 302 358 395 415 429 439 449 457 463 467
1 4 18 15 80 177
1 6 1 7 60 56 152 230
1 5 1 7 156 234 303
1 5 1 7 56 152 230
1 6 1 7 62 156 234 303
1 12 7 60 302 358 395 415 429 439 449 457 463 467
1 3 3 35 123
1 14 7 58 155 233 393 74 169 245 313 366 456 462 466 469
1 10 9 66 160 236 306 361 396 416 430 440
1 15 3 35 7 60 302 358 395 415 429 439 448 456 462 466 469
1 5 3 36 127 219 297
1 8 3 35 107 199 107 199 107 199
1 3 3 35 36
1 6 3 35 107 199 7 59
1 3 15 80 176
1 3 3 35 4
1 6 3 35 7 55 151 229
1 5 1 1 1 1 1
1 3 22 97 193
1 3 3 35 124
1 3 3 35 117
1 3 6 53 145
1 3 1 1 28
1 5 4 4 40 4 44
1 14 4 4 4 4 40 4 4 40 4 4 40 132 221 179
1 25 4 43 3 35 4 4 4 4 40 132 221 179 83 179 36 83 179 179 257 179 83 36 83 179 258
1 10 3 3 35 4 43 4 43 4 4 45
1 28 4 40 4 43 4 4 46 179 179 83 179 83 179 36 83 179 83 36 179 259 83 36 179 83 179 83 179 258
1 14 3 35 4 4 4 4 40 132 221 179 257 181 261 327
1 15 3 36 179 83 36 83 179 83 36 179 179 179 36 179 179
1 21 4 4 4 40 4 4 40 4 40 36 179 179 179 83 179 36 179 179 83 179 258
1 11 4 4 4 4 4 4 40 4 4 47 139
1 4 43 3 35 4
1 7 4 4 4 42 266 331 376
1 14 4 48 179 179 179 83 179 36 179 259 36 83 179 258
1 15 43 4 4 40 4 40 4 4 40 4 43 4 40 4 48
1 11 4 4 40 4 257 179 83 179 36 128 220
1 6 4 43 4 4 4 6
1 26 27 100 196 270 334 379 408 424 179 179 83 179 179 179 83 179 179 179 179 179 36 48 179 179 83 180
1 9 4 4 4 40 4 4 4 4 45
1 5 43 4 4 4 6
1 11 4 4 4 43 4 4 4 4 4 43 137
1 5 26 221 179 179 83
1 23 4 4 4 40 36 179 179 36 83 179 179 36 83 179 83 179 179 179 83 179 83 36 126
1 14 4 40 4 40 4 40 4 4 4 43 36 83 179 179
1 25 4 4 40 4 4 24 221 179 179 179 83 179 36 179 83 179 83 179 179 179 179 259 83 179 258
1 13 4 40 4 43 4 40 4 4 43 4 43 138 223
1 6 4 43 4 4 4 4
1 23 19 88 54 35 36 179 83 179 83 179 179 83 179 83 36 179 83 179 36 83 179 36 126
1 9 4 4 43 4 4 4 40 4 45
1 5 43 4 24 221 179
1 23 24 221 179 36 179 179 83 83 179 179 179 83 36 83 179 179 83 179 83 179 83 179 258
1 10 43 3 35 4 4 40 4 4 43 137
1 7 26 36 83 179 179 179 83
1 29 4 4 40 4 4 4 40 4 4 40 4 43 3 35 4 135 179 83 179 179 179 83 36 179 179 83 149 179 258
1 10 43 4 4 4 4 4 4 40 4 45
1 10 3 37 129 48 179 256 322 371 405 422
1 20 4 4 4 40 4 46 179 260 326 372 36 179 179 179 36 179 179 83 179 258
1 9 3 35 107 199 107 199 4 43 137
1 6 26 221 179 83 179 179
1 12 43 4 43 4 4 40 135 179 179 36 179 258
1 4 4 43 4 4
1 19 4 43 3 3 3 35 4 43 3 36 179 257 179 179 36 179 83 83 179
1 6 19 90 185 266 331 376
1 5 3 35 110 209 291
1 5 3 35 113 212 293
1 3 3 39 131
1 3 7 55 151
1 5 19 183 88 183 88
1 4 19 51 143 226
1 7 10 3 35 10 68 162 238
1 4 3 35 107 199
1 8 6 107 199 7 55 30 102 197
1 4 1 30 102 197
1 4 18 84 181 261
1 4 3 35 107 199
1 3 3 38 130
1 8 3 35 107 199 6 52 144 227
1 4 3 35 107 199
1 5 3 35 108 207 290
1 3 3 35 54
1 4 3 35 107 199
1 4 3 35 54 35
1 3 3 35 54
1 9 6 107 199 274 181 261 84 182 264
1 8 6 107 199 280 346 51 143 226
1 3 6 107 199
1 4 19 19 183 88
1 17 19 89 68 84 181 261 181 261 51 233 393 74 170 246 314 367 402
1 3 2 33 104
1 3 19 19 19
1 3 19 19 19
1 7 19 19 19 91 84 257 181
1 6 6 107 199 7 55 151
1 11 11 69 164 241 309 363 398 418 431 441 450
1 3 6 107 199
1 5 19 89 68 162 239
1 10 14 74 169 245 313 366 456 462 466 469
1 16 3 35 6 51 233 393 74 169 245 313 366 456 462 466 469 471
1 13 7 60 302 358 395 415 429 439 448 456 462 466 469
1 12 7 154 393 74 169 245 313 366 456 462 466 469
1 3 6 54 147
1 3 14 76 172
1 3 7 55 151
1 3 6 54 146
1 4 3 35 107 199
1 3 20 95 191
