427 366
1 3 1 28 85
1 13 3 37 96 37 97 43 46 167 37 99 155 176 252
1 8 6 46 132 45 37 98 169 248
1 6 3 37 96 37 96 37
1 6 3 37 96 37 96 37
1 9 3 37 96 37 96 37 100 176 252
1 8 3 37 96 37 96 37 96 37
1 3 8 176 252
1 3 7 47 37
1 5 9 53 37 102 182
1 4 7 47 37 103
1 3 7 47 37
1 6 11 56 37 105 185 256
1 4 11 56 37 100
1 4 3 37 96 37
1 3 13 62 37
1 13 8 49 205 264 293 313 326 334 341 350 360 365 366
1 15 3 36 37 100 51 142 293 313 326 334 341 350 360 365 366
1 14 3 37 100 177 254 293 313 326 334 341 350 360 365 366
1 4 3 37 96 37
1 4 3 37 96 37
1 4 3 37 96 37
1 10 3 37 102 183 255 291 310 323 332 339
1 6 3 37 96 37 96 37
1 6 3 37 96 37 96 37
1 6 3 37 96 37 96 37
1 6 3 37 96 37 96 37
1 6 3 37 96 37 96 37
1 6 3 37 96 37 96 37
1 20 3 37 109 191 99 47 37 96 210 268 155 176 293 313 326 335 350 360 365 366
1 6 3 37 96 37 96 37
1 8 3 37 96 37 96 37 96 37
1 7 3 37 98 169 248 37 99
1 4 3 37 96 37
1 6 7 47 37 96 37 99
1 4 3 37 96 37
1 4 3 37 96 37
1 5 9 53 37 110 196
1 5 4 122 208 180 196
1 4 3 37 96 37
1 8 3 37 109 193 47 37 109 193
1 4 7 47 37 103
1 3 13 62 37
1 4 3 37 96 37
1 4 3 37 96 37
1 3 3 37 40
1 4 3 37 96 37
1 5 15 64 147 237 365
1 3 4 122 209
1 3 3 36 37
1 3 3 36 37
1 3 7 47 37
1 3 7 47 37
1 3 3 37 99
1 3 3 37 97
1 3 3 37 40
1 11 3 37 99 48 156 242 142 232 279 189 366
1 5 18 75 157 335 342
1 6 18 156 64 147 335 342
1 11 18 74 73 52 156 142 233 157 237 365 366
1 7 3 37 266 130 224 274 302
1 3 10 55 144
1 6 18 75 158 244 342 351
1 9 15 67 149 238 284 335 343 353 365
1 10 3 37 104 59 156 241 285 142 253 290
1 7 18 75 157 335 342 352 361
1 5 15 68 150 335 342
1 12 18 74 74 156 142 234 280 157 243 286 365 366
1 3 18 74 74
1 3 3 37 40
1 3 3 37 112
1 9 7 47 37 98 168 98 167 231 278
1 7 8 52 156 142 293 314 327
1 6 5 248 37 98 171 249
1 6 5 44 130 98 171 249
1 6 5 44 130 98 171 249
1 6 5 44 130 98 171 249
1 6 5 44 130 98 171 249
1 6 5 44 130 98 171 249
1 6 5 44 130 98 171 249
1 6 5 44 130 98 171 249
1 5 5 42 98 171 249
1 6 5 44 130 98 171 249
1 6 5 44 130 98 171 249
1 6 3 37 97 166 171 249
1 6 3 37 97 166 171 249
1 7 3 37 97 165 246 288 249
1 6 3 37 97 166 171 249
1 5 4 97 166 171 249
1 5 4 97 166 171 249
1 5 4 97 166 171 249
1 7 7 47 37 96 37 99 173
1 4 3 37 96 37
1 5 3 37 113 198 196
1 5 3 37 113 198 196
1 9 3 37 106 62 37 106 187 176 252
1 4 3 37 96 37
1 5 9 53 37 110 196
1 4 3 37 101 181
1 4 7 47 37 103
1 5 7 173 47 37 114
1 6 3 37 97 166 247 169
1 6 3 37 97 166 247 169
1 5 3 37 100 176 252
1 5 3 37 100 176 252
1 6 6 46 169 166 247 169
1 6 3 37 97 166 247 169
1 6 3 37 97 166 247 169
1 6 3 37 97 166 247 169
1 6 3 37 97 166 247 169
1 8 3 37 96 37 96 37 96 37
1 8 3 37 96 37 96 37 96 37
1 8 3 37 96 37 96 37 96 37
1 8 3 37 96 37 96 37 96 37
1 8 3 37 96 37 96 37 96 37
1 8 3 37 96 37 96 37 96 37
1 10 3 37 96 37 96 37 99 47 231 240
1 14 3 37 96 37 99 47 37 96 37 110 195 47 37 99
1 4 7 47 37 111
1 4 11 56 37 95
1 4 8 176 253 289
1 5 18 130 113 198 196
1 3 19 76 76
1 5 18 130 101 180 196
1 3 8 176 252
1 10 3 37 40 123 216 37 99 48 130 99
1 12 3 37 96 37 96 37 40 123 216 37 266 130
1 10 3 37 96 37 40 123 216 37 266 130
1 10 3 37 96 37 40 123 216 37 266 130
1 11 3 37 115 201 261 37 40 122 205 266 130
1 13 3 37 96 37 40 122 205 96 37 99 48 130 99
1 4 11 59 130 266
1 4 7 47 37 112
1 6 3 37 96 37 96 37
1 8 3 37 99 47 37 110 194 37
1 4 3 37 96 37
1 8 3 37 266 130 122 205 96 37
1 10 3 37 96 37 96 37 96 37 96 37
1 4 3 37 96 37
1 4 3 37 96 37
1 6 3 37 99 173 48 130
1 6 7 47 37 96 37 99
1 3 17 196 258
1 4 3 37 110 196
1 3 3 37 111
1 14 1 33 92 216 37 96 37 97 165 29 37 96 37 110
1 5 1 29 37 264 28
1 7 17 194 37 96 37 96 37
1 6 3 37 96 37 96 37
1 6 3 37 96 37 96 37
1 11 3 37 96 37 96 37 96 37 110 194 37
1 6 3 37 96 37 96 37
1 6 3 37 96 37 96 37
1 6 3 37 96 37 96 37
1 12 3 37 96 37 96 37 96 37 110 194 37 110
1 6 3 37 96 37 96 37
1 3 17 194 37
1 4 3 37 116 203
1 3 1 28 85
1 3 7 47 37
1 3 9 53 37
1 4 7 47 37 111
1 3 11 56 37
1 3 13 62 37
1 4 7 47 37 112
1 8 7 47 37 96 37 99 172 169
1 11 3 37 96 37 96 37 98 169 248 37 99
1 10 3 37 96 37 96 37 98 169 248 37
1 10 3 37 96 37 96 37 98 169 248 37
1 8 3 37 96 37 96 37 98 169
1 4 7 47 37 103
1 5 3 37 96 37 112
1 10 13 62 37 96 37 96 37 106 186 169
1 9 9 53 37 40 122 205 101 178 169
1 10 3 37 96 37 96 37 98 169 248 37
1 10 3 37 96 37 96 37 98 169 248 37
1 11 3 37 96 37 96 37 98 169 248 37 40
1 10 3 37 96 37 96 37 98 169 248 37
1 10 11 56 37 96 37 96 37 104 184 169
1 13 7 47 37 96 37 96 37 99 172 169 248 37 99
1 14 8 50 140 205 264 293 313 326 334 341 350 360 365 366
1 14 8 50 140 205 264 293 313 326 334 341 350 360 365 366
1 12 5 43 129 223 133 228 275 303 304 317 316 328
1 6 3 37 96 37 96 37
1 6 3 37 96 37 96 37
1 8 3 37 96 37 96 37 96 37
1 4 3 37 96 37
1 4 3 37 96 37
1 8 3 37 96 37 96 37 96 37
1 6 3 37 96 37 96 37
1 4 3 37 96 37
1 6 7 47 37 264 294 239
1 12 21 78 159 245 287 309 322 331 338 346 356 363
1 14 8 50 140 205 264 293 313 326 334 341 350 360 365 366
1 14 8 50 140 205 264 293 313 326 334 341 350 360 365 366
1 12 13 63 146 236 283 308 321 330 337 345 355 362
1 14 8 50 140 205 264 293 313 326 334 341 350 360 365 366
1 11 11 57 60 145 235 282 307 319 329 336 344
1 3 18 74 74
1 13 3 37 101 179 183 255 291 311 324 323 332 339 347
1 12 8 50 141 264 293 313 326 335 350 360 365 366
1 11 8 50 139 293 313 326 334 341 350 360 365
1 14 8 50 140 205 264 293 313 326 334 341 350 360 365 366
1 14 8 50 140 205 264 293 313 326 334 341 350 360 365 366
1 12 8 50 141 264 293 313 326 335 350 360 365 366
1 6 7 47 37 264 294 239
1 12 21 78 159 245 287 309 322 331 338 346 356 363
1 11 8 50 140 205 264 293 313 326 335 342 365
1 5 11 58 235 281 306
1 5 12 61 307 320 336
1 4 3 37 96 37
1 4 3 37 96 37
1 4 3 37 96 37
1 4 3 37 96 37
1 16 3 37 108 190 50 140 230 293 313 326 334 341 350 360 365 366
1 4 3 37 96 37
1 16 3 37 108 190 50 140 230 293 313 326 334 341 350 360 365 366
1 4 3 37 96 37
1 3 4 40 40
1 3 1 28 85
1 25 7 48 130 122 207 47 37 96 37 99 48 295 205 99 48 295 205 99 48 130 99 47 37 267 315
1 5 7 48 130 266 137
1 4 7 47 37 112
1 3 7 48 137
1 5 3 37 99 48 138
1 9 7 48 130 266 297 62 37 106 188
1 4 3 37 113 199
1 13 7 48 130 266 296 56 37 104 59 295 205 104 59
1 28 7 48 130 122 206 248 37 109 192 44 131 225 37 97 44 131 225 37 99 141 99 48 131 227 315 122 205 123
1 20 18 74 130 122 205 266 295 205 266 295 205 96 37 266 298 315 122 205 267 315
1 17 18 74 130 122 205 266 295 205 266 295 205 266 130 122 205 267 315
1 20 18 74 130 122 205 266 295 205 266 295 205 96 37 266 298 315 122 205 267 315
1 22 18 74 130 122 205 266 295 205 266 130 122 205 96 37 266 74 298 315 122 205 267 315
1 9 18 74 130 122 205 266 295 205 266
1 9 18 295 205 96 37 266 295 205 266
1 20 18 74 130 122 205 266 295 205 266 295 205 96 37 266 298 315 122 205 267 315
1 5 3 37 104 56 37
1 6 3 37 96 37 110 196
1 4 17 70 70 153
1 4 3 37 96 37
1 3 3 37 118
1 13 8 51 142 293 313 326 334 341 349 358 360 365 366
1 6 7 48 130 264 252 358
1 11 6 45 37 99 47 135 229 277 305 252 358
1 6 3 37 99 47 37 99
1 3 1 252 358
1 4 3 37 96 37
1 4 3 37 96 37
1 6 3 37 119 204 80 160
1 4 3 37 96 37
1 3 3 37 124
1 3 20 77 37
1 3 20 77 37
1 3 20 77 37
1 3 20 77 37
1 4 24 315 125 222
1 3 20 77 37
1 5 3 37 110 197 259
1 3 25 80 80
1 6 3 37 96 37 96 37
1 16 3 37 96 37 115 202 263 262 292 312 325 333 340 348 357 364
1 4 3 37 110 70
1 5 3 37 40 122 211
1 13 4 99 47 134 176 293 313 326 334 341 350 360 365
1 9 17 71 154 154 154 154 154 154 154
1 4 3 37 96 37
1 3 3 35 94
1 13 8 49 205 264 293 313 326 334 341 350 360 365 366
1 4 3 37 96 37
1 3 1 28 85
1 5 3 37 97 166 247
1 6 9 54 222 98 170 196
1 5 17 70 70 70 70
1 4 7 47 37 110
1 3 3 37 40
1 6 3 37 96 37 96 37
1 4 3 37 96 37
1 4 7 47 37 103
1 5 11 56 37 107 189
1 7 5 44 130 98 167 37 98
1 9 5 44 130 98 167 37 98 247 169
1 7 3 37 96 37 97 166 247
1 5 3 37 107 152 239
1 4 3 37 97 166
1 4 5 166 167 37
1 6 13 62 37 100 176 252
1 12 8 51 142 293 313 326 334 341 350 360 365 366
1 5 3 37 40 99 173
1 8 7 47 37 96 37 100 176 252
1 10 8 51 142 293 313 326 335 350 360 365
1 4 15 65 148 360
1 3 14 152 239
1 3 14 152 239
1 4 3 37 96 37
1 4 3 37 96 37
1 7 3 37 96 37 115 201 262
1 4 3 37 96 37
1 7 3 37 96 37 100 176 252
1 10 15 64 313 326 334 341 350 360 365 366
1 12 8 51 142 293 313 326 334 341 350 360 365 366
1 4 17 69 152 239
1 5 8 88 69 151 341
1 6 1 30 88 69 151 341
1 6 1 30 88 162 161 152
1 3 1 30 86
1 3 17 69 152
1 3 1 30 86
1 3 17 69 152
1 6 1 30 88 69 151 341
1 4 1 30 89 163
1 12 8 51 142 293 313 326 334 341 350 360 365 366
1 12 8 51 142 293 313 326 334 341 350 360 365 366
1 4 17 69 152 239
1 4 8 86 161 152
1 6 1 30 51 143 161 152
1 5 1 30 87 151 341
1 5 1 30 86 161 152
1 5 1 30 87 151 341
1 6 1 30 88 69 151 341
1 3 8 176 252
1 12 8 51 142 293 313 326 334 341 350 360 365 366
1 14 8 50 140 231 142 293 313 326 334 341 350 360 365 366
1 15 3 37 100 51 142 293 313 326 334 341 349 358 360 365 366
1 5 3 210 271 301 316
1 3 3 37 123
1 3 14 152 350
1 3 3 37 40
1 6 3 37 100 176 252 358
1 3 3 37 117
1 3 23 79 37
1 5 3 37 99 174 250
1 5 3 37 99 174 250
1 3 3 37 118
1 3 22 222 99
1 3 3 37 40
1 6 4 40 40 122 205 265
1 5 4 40 122 205 265
1 15 16 216 37 96 37 40 40 40 122 215 81 123 216 37 124
1 14 4 40 40 40 122 205 40 122 205 40 122 36 37 40
1 25 4 123 216 37 40 40 40 40 122 36 37 40 122 205 123 216 37 40 266 130 122 210 216 37 124
1 10 3 36 37 40 123 217 123 217 40 124
1 7 27 82 40 122 205 108 240
1 14 3 37 40 40 40 40 122 36 37 40 266 295 205 40
1 3 4 40 40
1 22 4 40 40 40 122 205 40 122 210 217 40 40 40 123 217 125 222 96 37 96 37 124
1 15 3 210 217 122 210 216 37 96 210 217 40 40 123 217 40
1 23 4 40 40 123 217 122 205 123 217 122 210 270 130 40 40 41 81 40 122 36 37 96 212
1 15 4 123 216 37 125 222 96 37 123 217 40 40 40 40 40
1 11 4 40 40 40 40 40 122 205 40 126 273
1 7 4 40 40 113 200 260 196
1 3 4 40 265
1 14 4 41 81 40 40 122 205 123 217 267 300 216 37 124
1 15 16 217 40 122 205 96 37 40 122 205 123 217 122 205 41
1 22 4 40 40 40 40 40 122 205 96 37 40 40 125 222 123 217 122 205 96 37 123 219
1 11 4 40 122 205 266 130 122 205 123 221 273
1 6 4 123 217 40 40 99
1 26 26 81 123 218 272 192 44 131 226 40 122 205 40 40 122 205 40 40 40 40 123 220 81 40 122 212
1 9 4 40 40 122 205 40 40 40 124
1 5 16 217 40 40 99
1 25 3 37 40 40 40 127 121 40 40 122 210 269 216 37 40 122 205 96 37 41 81 40 125 92 219
1 11 4 40 40 123 217 40 40 40 40 123 219
1 5 27 82 40 40 122
1 23 4 40 40 122 210 217 40 123 216 37 40 123 216 37 96 37 40 40 122 205 96 210 219
1 14 4 122 205 96 37 96 37 40 40 123 269 216 37 40
1 25 4 40 122 205 40 267 315 40 40 40 122 205 123 217 122 205 96 37 40 40 40 267 299 37 124
1 13 4 122 205 123 217 122 205 40 123 217 123 221 273
1 6 4 123 217 40 40 40
1 23 18 130 266 130 123 217 122 205 96 37 40 122 205 96 210 217 122 205 123 216 37 123 219
1 9 4 40 123 217 40 40 122 205 124
1 5 16 217 267 315 40
1 23 24 315 40 123 217 40 122 36 37 40 40 122 210 216 37 40 122 205 96 37 96 37 124
1 10 16 216 37 40 40 122 205 40 123 219
1 7 27 84 216 37 40 40 122
1 29 4 40 122 205 40 40 122 205 40 122 205 123 216 37 40 125 222 96 37 40 40 122 210 217 40 122 214 315 124
1 10 16 217 40 40 40 40 40 122 205 124
1 10 3 38 120 41 81 110 70 120 99 174
1 20 4 40 40 122 205 127 121 41 128 210 269 217 40 40 123 217 40 122 205 124
1 9 3 37 96 37 96 37 40 123 219
1 23 4 40 40 40 40 40 122 210 216 36 210 217 40 41 81 96 37 40 122 205 40 122 212
1 12 16 217 123 217 40 122 213 222 40 123 217 124
1 4 4 123 217 40
1 25 4 40 40 122 205 40 122 205 96 37 40 122 210 216 37 40 122 205 96 37 99 47 37 40 124
1 5 3 37 101 180 196
1 6 18 295 205 99 175 251
1 5 18 73 176 32 91
1 5 3 37 113 198 196
1 3 3 39 121
1 10 18 72 48 130 122 205 96 134 176 252
1 3 8 176 252
1 5 18 295 205 96 37
1 4 1 31 90 222
1 4 3 37 96 37
1 8 7 47 37 100 176 32 91 164
1 4 1 32 91 164
1 4 3 37 96 37
1 8 3 37 96 37 99 174 142 252
1 4 18 130 122 205
1 5 3 37 97 44 131
1 4 3 37 96 37
1 4 3 37 266 130
1 3 3 37 266
1 9 7 47 37 98 167 37 99 141 99
1 8 7 47 37 266 72 155 176 252
1 3 7 47 37
1 4 27 83 47 37
1 17 18 72 48 72 47 37 96 37 100 51 142 293 147 335 349 359 365
1 3 2 34 93
1 3 18 74 74
1 3 18 74 74
1 4 18 74 295 205
1 7 18 74 74 156 240 48 295
1 6 7 47 37 100 176 252
1 11 12 60 145 235 282 307 319 329 336 344 354
1 3 7 47 37
1 4 3 37 97 44
1 5 18 72 48 130 266
1 6 11 56 37 100 176 252
1 10 15 64 313 326 334 341 350 360 365 366
1 3 3 37 96
1 8 3 37 109 192 257 271 301 316
1 7 6 46 133 228 276 304 318
1 3 7 48 137
1 3 15 66 365
1 3 8 176 252
1 3 7 48 136
1 4 3 37 96 37
1 3 19 76 76
