421 376
1 3 1 30 94
1 6 3 39 103 39 103 39
1 13 3 39 103 39 105 46 136 185 39 107 192 194 280
1 6 3 39 103 39 103 39
1 6 3 39 103 39 103 39
1 8 3 39 103 39 103 39 109 197
1 6 3 39 103 39 103 39
1 9 3 39 103 39 103 39 108 194 280
1 8 3 39 103 39 103 39 103 39
1 8 3 39 103 39 103 39 103 39
1 6 3 39 103 39 103 39
1 11 3 39 103 39 107 49 39 107 192 194 280
1 3 8 194 280
1 3 7 49 39
1 5 9 57 39 112 204
1 4 7 49 39 113
1 3 7 49 39
1 6 11 60 39 115 207 285
1 4 3 39 103 39
1 3 13 65 39
1 6 14 67 39 108 194 280
1 15 3 38 39 108 56 149 326 337 344 349 355 362 371 374 375
1 14 3 39 108 196 281 326 337 344 349 355 362 371 374 375
1 4 3 39 103 39
1 4 3 39 103 39
1 4 3 39 103 39
1 10 3 39 112 59 152 236 293 164 245 303
1 6 3 39 103 39 103 39
1 6 3 39 103 39 103 39
1 6 3 39 103 39 103 39
1 6 3 39 103 39 103 39
1 20 3 39 120 214 107 49 39 103 40 131 192 194 326 337 344 350 362 371 374 375
1 8 3 39 103 39 103 39 103 39
1 6 3 39 103 39 103 39
1 8 3 39 103 39 103 39 103 39
1 4 3 39 103 39
1 5 9 57 39 121 217
1 8 3 39 120 215 49 39 120 215
1 3 3 39 107
1 4 3 39 103 39
1 4 3 39 103 39
1 3 3 39 104
1 4 3 39 103 39
1 5 15 69 158 243 374
1 3 4 179 258
1 3 3 39 107
1 3 3 38 39
1 3 3 38 39
1 3 7 49 39
1 3 7 49 39
1 3 3 39 107
1 6 21 169 69 158 350 356
1 3 18 75 164
1 14 3 39 107 190 279 169 72 81 196 242 300 323 335 342
1 6 21 84 172 253 356 363
1 9 15 72 160 74 162 350 357 366 374
1 13 21 83 83 83 170 251 326 338 162 244 302 356 364
1 10 3 39 114 62 169 250 306 149 235 292
1 7 21 84 171 350 356 365 372
1 5 15 73 161 350 356
1 12 21 83 83 169 149 234 163 171 252 307 374 375
1 3 3 39 125
1 9 7 49 39 106 186 106 185 233 291
1 7 17 74 163 171 350 357 366
1 6 5 275 39 106 189 278
1 6 5 47 143 106 189 278
1 6 5 47 143 106 189 278
1 6 5 47 143 106 189 278
1 6 5 47 143 106 189 278
1 5 5 45 106 189 278
1 6 5 47 143 106 189 278
1 6 3 39 105 184 189 278
1 7 3 39 105 183 271 313 278
1 4 16 165 246 304
1 3 21 85 86
1 5 4 105 184 189 278
1 5 4 105 184 189 278
1 3 1 30 94
1 7 7 49 39 103 39 107 191
1 6 3 39 114 60 39 126
1 5 3 39 117 211 217
1 9 3 39 116 65 39 116 209 194 280
1 4 3 39 103 39
1 4 3 39 111 203
1 3 3 39 113
1 4 7 49 39 113
1 6 3 39 105 184 272 187
1 6 3 39 105 184 272 187
1 6 3 39 105 184 272 187
1 5 3 39 108 194 280
1 4 8 53 232 280
1 7 5 184 272 187 276 194 280
1 5 3 39 108 194 280
1 6 3 39 105 184 272 187
1 6 3 39 105 184 272 187
1 6 3 39 105 184 272 187
1 6 3 39 105 184 272 187
1 6 3 39 105 184 272 187
1 6 3 39 105 184 272 187
1 10 3 39 103 39 103 39 107 49 233 249
1 8 3 39 103 39 103 39 103 39
1 8 3 39 103 39 103 39 103 39
1 11 3 39 103 39 107 49 39 107 49 39 107
1 8 3 39 103 39 103 39 103 39
1 8 3 39 103 39 103 39 103 39
1 14 3 39 103 39 107 49 39 103 39 121 76 49 39 107
1 3 22 86 86
1 5 21 143 111 202 217
1 3 8 194 280
1 5 3 39 108 194 280
1 10 3 39 103 39 103 39 107 52 143 107
1 3 8 194 280
1 5 3 39 108 194 280
1 10 3 39 104 180 264 39 107 52 143 107
1 10 3 39 103 39 104 180 264 39 123 143
1 13 3 39 103 39 104 179 255 103 39 107 52 143 107
1 12 3 39 103 39 103 39 104 180 264 39 123 143
1 10 3 39 103 39 104 180 264 39 123 143
1 10 3 39 103 39 104 180 264 39 123 143
1 11 3 39 110 198 282 39 104 179 255 123 143
1 12 3 39 103 39 104 180 265 103 42 143 104 104
1 13 3 39 103 39 104 179 255 103 39 107 52 143 107
1 6 7 52 143 108 194 280
1 4 11 62 143 123
1 4 7 49 39 125
1 6 3 39 103 39 103 39
1 8 3 39 107 49 39 121 216 39
1 4 3 39 103 39
1 8 3 39 123 143 179 255 103 39
1 8 3 39 123 143 179 255 103 39
1 10 3 39 103 39 103 39 103 39 103 39
1 4 3 39 103 39
1 4 3 39 103 39
1 8 3 39 107 49 39 105 47 143
1 4 3 39 123 143
1 6 3 39 107 191 52 143
1 6 7 49 39 103 39 107
1 3 2 35 35
1 4 3 39 121 217
1 3 3 39 124
1 14 1 34 100 264 39 103 39 105 183 31 39 103 39 121
1 5 1 31 39 308 30
1 7 20 216 39 103 39 103 39
1 6 3 39 103 39 103 39
1 6 3 39 103 39 103 39
1 11 3 39 103 39 103 39 103 39 121 216 39
1 6 3 39 103 39 103 39
1 12 3 39 103 39 103 39 103 39 121 216 39 121
1 6 3 39 103 39 103 39
1 4 3 39 127 223
1 3 1 30 94
1 3 7 49 39
1 3 9 57 39
1 4 7 49 39 124
1 3 11 60 39
1 3 13 65 39
1 8 7 49 39 103 39 107 190 187
1 11 3 39 103 39 103 39 106 187 275 233 249
1 11 3 39 103 39 103 39 106 187 275 39 107
1 10 3 39 103 39 103 39 106 187 275 39
1 14 7 49 39 103 39 103 39 120 215 190 187 277 214 107
1 10 3 39 103 39 103 39 106 187 275 39
1 10 3 39 103 39 103 39 106 187 275 39
1 8 3 39 103 39 103 39 106 187
1 4 7 49 39 113
1 5 3 39 103 39 125
1 4 7 50 184 274
1 10 13 65 39 103 39 103 39 116 208 187
1 10 7 49 39 103 39 103 39 107 190 187
1 10 3 39 103 39 103 39 106 187 275 39
1 10 3 39 103 39 103 39 106 187 275 39
1 11 3 39 103 39 103 39 106 187 275 39 104
1 10 3 39 103 39 103 39 106 187 275 39
1 10 11 60 39 103 39 103 39 114 206 187
1 8 3 39 103 39 103 39 106 187
1 14 8 55 147 255 308 326 337 344 349 355 362 371 374 375
1 12 5 46 137 226 289 318 332 340 346 352 288 317
1 6 3 39 103 39 103 39
1 8 3 39 103 39 103 39 103 39
1 4 3 39 103 39
1 6 3 39 103 39 103 39
1 8 3 39 103 39 103 39 103 39
1 7 3 39 103 39 103 39 308
1 4 3 39 103 39
1 14 8 55 147 255 308 326 337 344 349 355 362 371 374 375
1 14 8 55 147 255 308 326 337 344 349 355 362 371 374 375
1 12 13 66 156 241 299 322 334 341 347 353 359 368
1 14 8 55 147 255 308 326 337 344 349 355 362 371 374 375
1 14 8 55 147 255 308 326 337 344 349 355 362 371 374 375
1 3 21 83 83
1 13 3 39 111 200 59 152 236 295 89 164 245 303 325
1 14 8 55 147 255 308 326 337 344 349 355 362 371 374 375
1 12 8 55 148 308 326 337 344 350 362 371 374 375
1 11 8 55 146 326 337 344 349 355 362 371 374
1 14 8 55 147 255 308 326 337 344 349 355 362 371 374 375
1 14 8 55 147 255 308 326 337 344 349 355 362 371 374 375
1 6 7 49 39 308 327 247
1 12 14 68 157 242 301 324 336 343 348 354 360 369
1 11 8 55 147 255 308 326 337 344 350 356 374
1 5 11 61 153 237 296
1 5 12 64 155 240 298
1 8 3 39 111 201 152 236 294 320
1 4 25 89 173 254
1 4 3 39 103 39
1 4 3 39 103 39
1 16 3 39 118 213 55 147 232 326 337 344 349 355 362 371 374 375
1 4 3 39 103 39
1 16 3 39 118 213 55 147 232 326 337 344 349 355 362 371 374 375
1 4 3 39 103 39
1 3 1 30 94
1 25 7 52 143 179 257 49 39 103 39 107 52 219 255 107 52 219 255 107 52 143 107 49 39 309 287
1 5 7 52 143 123 144
1 3 7 52 144
1 5 3 39 107 52 145
1 9 7 52 143 123 221 65 39 116 210
1 11 7 52 143 179 259 67 39 117 212 305 217
1 13 7 52 143 123 220 60 39 114 62 219 255 114 62
1 13 7 52 143 179 257 49 39 103 39 107 49 39 107
1 28 7 52 143 179 256 275 39 120 330 47 138 227 39 105 47 138 227 39 107 148 107 52 138 229 287 179 255 180
1 9 21 83 143 111 57 39 111 202 217
1 5 3 39 111 202 217
1 19 21 219 255 103 39 123 219 255 123 219 255 103 39 123 143 179 255 309 287
1 20 21 83 143 179 255 123 219 255 123 219 255 103 39 123 222 287 179 255 309 287
1 17 21 83 143 179 255 123 219 255 123 219 255 123 143 179 255 309 287
1 19 21 219 255 103 39 123 219 255 123 219 255 316 151 123 143 179 255 309 287
1 22 21 83 143 179 255 123 219 255 123 143 179 255 103 39 123 83 222 287 179 255 309 287
1 9 21 219 255 103 39 123 219 255 123
1 20 21 83 143 179 255 123 219 255 123 219 255 103 39 123 222 287 179 255 309 287
1 20 21 83 143 179 255 123 219 255 123 219 255 103 39 123 222 287 179 255 309 287
1 5 3 39 114 60 39
1 6 3 39 103 39 121 217
1 4 3 39 103 39
1 4 3 39 103 39
1 6 7 49 39 103 39 107
1 4 3 39 103 39
1 4 3 39 104 104
1 3 3 39 129
1 13 8 56 149 326 337 344 349 355 361 314 371 374 375
1 3 1 280 314
1 11 6 48 39 107 49 140 230 290 319 280 314
1 6 3 39 107 49 39 107
1 6 11 62 143 308 280 314
1 7 3 38 39 114 205 280 314
1 3 1 280 314
1 4 3 39 103 39
1 4 3 39 103 39
1 6 3 39 130 224 90 174
1 3 3 39 181
1 4 3 39 103 39
1 5 3 39 308 280 314
1 3 23 87 39
1 3 23 87 39
1 3 23 87 39
1 3 23 87 39
1 3 23 87 39
1 4 3 39 103 39
1 4 3 39 103 39
1 4 26 287 316 151
1 5 3 39 121 218 286
1 3 27 90 90
1 6 3 39 103 39 103 39
1 6 3 39 103 39 103 39
1 16 3 39 103 39 110 199 284 283 315 331 339 345 351 358 367 373
1 8 21 143 179 255 103 39 104 104
1 7 3 39 103 39 104 179 38
1 4 3 39 103 39
1 4 3 39 121 78
1 5 3 39 104 179 260
1 13 4 107 49 139 194 326 337 344 349 355 362 371 374
1 9 20 79 167 167 167 167 167 167 167
1 4 3 39 103 39
1 3 3 37 102
1 13 8 53 39 308 326 337 344 349 355 362 371 374 375
1 4 3 39 103 39
1 3 1 30 94
1 5 3 39 105 184 272
1 6 9 58 151 106 188 217
1 5 20 78 78 78 78
1 4 7 49 39 121
1 3 3 39 104
1 4 3 39 103 39
1 3 3 39 104
1 6 3 39 103 39 103 39
1 4 3 39 103 39
1 5 7 49 39 103 39
1 4 7 49 39 113
1 6 3 39 105 275 39 106
1 9 5 47 143 106 185 39 106 272 187
1 7 3 39 103 39 105 184 272
1 5 3 39 119 166 247
1 4 3 39 105 184
1 8 11 60 39 105 184 273 194 280
1 8 7 49 39 103 39 108 194 280
1 10 8 56 149 326 337 344 350 362 371 374
1 4 15 70 159 371
1 3 16 166 247
1 3 16 166 247
1 4 3 39 103 39
1 7 3 39 103 39 110 198 283
1 4 3 39 104 179
1 4 3 39 103 39
1 7 3 39 103 39 108 194 280
1 10 15 69 337 344 349 355 362 371 374 375
1 4 20 77 166 247
1 5 8 97 77 165 355
1 6 1 32 97 77 165 355
1 6 1 32 97 176 175 166
1 3 1 32 95
1 3 20 77 166
1 3 1 32 95
1 3 20 77 166
1 4 1 32 98 177
1 12 8 56 149 326 337 344 349 355 362 371 374 375
1 12 8 56 149 326 337 344 349 355 362 371 374 375
1 4 20 77 166 247
1 6 1 32 56 150 175 166
1 5 1 32 96 165 355
1 5 1 32 95 175 166
1 6 1 32 97 77 165 355
1 12 8 56 149 326 337 344 349 355 362 371 374 375
1 3 3 39 128
1 14 8 55 147 233 149 326 337 344 349 355 362 371 374 375
1 10 10 59 152 236 295 89 164 245 303 325
1 15 3 39 108 56 149 326 337 344 349 355 361 314 371 374 375
1 5 3 40 132 225 288
1 8 3 39 103 39 103 39 103 39
1 3 3 39 180
1 6 3 39 103 39 108 195
1 3 16 166 362
1 3 3 39 104
1 6 3 39 108 194 280 314
1 5 1 30 30 30 30
1 3 24 88 39
1 3 3 39 129
1 3 3 39 122
1 3 7 51 141
1 3 1 30 94
1 5 4 104 179 255 122
1 14 4 104 104 104 179 255 104 179 255 104 179 38 39 104
1 25 4 180 264 39 104 104 104 104 179 38 39 104 179 255 180 264 39 104 123 143 179 40 264 39 181
1 10 3 38 39 104 180 265 180 265 104 181
1 28 4 179 255 180 265 104 310 134 104 179 255 103 39 180 264 39 103 40 265 309 328 40 265 103 39 103 39 181
1 14 3 39 104 104 104 104 179 38 39 104 123 219 255 104
1 15 3 40 265 103 40 264 39 103 40 265 104 104 180 265 104
1 21 4 104 104 179 255 104 179 255 103 40 265 104 104 179 255 180 265 104 179 255 181
1 11 4 104 104 104 104 104 179 255 104 182 312
1 4 19 264 39 104
1 7 4 104 104 117 212 305 217
1 14 4 44 93 104 104 179 255 180 265 309 329 264 39 181
1 15 19 265 104 179 255 103 39 104 179 255 180 265 103 39 44
1 11 4 104 179 255 123 143 179 255 180 269 312
1 6 4 180 265 104 104 107
1 26 29 93 180 266 311 330 47 138 228 104 179 255 104 104 179 255 104 104 104 104 180 270 93 104 179 261
1 9 4 104 104 179 255 104 104 104 181
1 5 19 265 104 104 107
1 11 4 104 104 180 265 104 104 104 104 180 268
1 5 28 91 104 104 179
1 23 4 104 104 179 40 265 104 180 264 39 104 180 264 39 103 39 104 104 179 255 103 40 268
1 14 4 179 255 103 39 103 39 104 104 180 267 264 39 104
1 25 4 104 179 255 104 309 287 104 104 104 179 255 180 265 103 39 103 39 104 104 104 309 328 39 181
1 13 4 179 255 180 265 103 39 104 180 265 180 269 312
1 6 4 180 265 104 104 104
1 23 21 143 123 143 180 265 103 39 103 39 104 179 255 103 40 265 103 39 180 264 39 180 268
1 9 4 104 180 265 104 104 179 255 181
1 5 19 265 309 287 104
1 23 26 287 104 180 265 104 179 38 39 104 104 179 40 264 39 104 179 255 103 39 103 39 181
1 10 19 264 39 104 104 179 255 104 180 268
1 7 28 92 264 39 104 104 179
1 29 4 104 179 255 104 104 179 255 104 179 255 180 264 39 104 316 151 103 39 104 104 179 40 265 104 179 263 287 181
1 10 19 265 104 104 104 104 104 179 255 181
1 10 3 41 133 44 93 121 78 133 107 193
1 20 4 104 104 179 255 310 134 44 135 40 267 265 104 104 180 265 104 179 255 181
1 9 3 39 103 39 103 39 104 180 268
1 6 28 91 104 179 255 104
1 12 19 265 180 265 104 179 262 151 104 180 265 181
1 4 4 180 265 104
1 19 4 180 264 38 38 39 104 180 264 40 265 123 143 104 180 265 103 38 39
1 6 21 82 168 248 305 217
1 5 3 39 111 202 217
1 5 3 39 117 211 217
1 3 3 43 134
1 3 8 194 280
1 5 21 219 255 103 39
1 4 21 81 194 280
1 7 11 60 39 114 62 143 231
1 4 3 39 103 39
1 8 7 49 39 108 194 33 99 178
1 4 1 33 99 178
1 4 20 76 49 39
1 4 3 39 103 39
1 3 3 42 143
1 8 3 39 103 39 107 193 149 280
1 4 3 39 103 39
1 5 3 39 105 47 138
1 3 3 39 123
1 4 3 39 103 39
1 4 3 39 123 143
1 3 3 39 123
1 9 7 49 39 106 185 39 107 148 107
1 8 7 49 39 123 80 192 194 280
1 3 7 49 39
1 4 21 83 219 255
1 17 21 80 52 80 49 39 103 39 108 56 149 326 158 350 361 370 374
1 3 2 36 101
1 3 21 83 83
1 3 21 83 83
1 7 21 83 83 169 249 52 219
1 6 7 49 39 108 194 280
1 11 12 63 154 153 238 155 239 297 298 321 333
1 3 7 49 39
1 5 21 80 52 143 123
1 10 15 69 337 344 349 355 362 371 374 375
1 16 3 39 107 192 56 149 326 337 344 349 355 362 371 374 375 376
1 13 8 56 149 326 337 344 349 355 361 314 371 374 375
1 12 8 54 308 326 337 344 349 355 362 371 374 375
1 3 7 52 144
1 3 15 71 374
1 3 8 194 280
1 3 7 52 142
1 4 3 39 103 39
1 3 22 86 86
