443 362
1 3 1 29 91
1 6 3 37 100 168 100 168
1 13 3 37 100 168 101 41 44 283 37 102 173 49 138
1 8 6 44 131 43 37 241 285 307
1 6 3 37 100 168 100 168
1 8 3 37 100 168 100 168 242 288
1 6 3 37 100 168 100 168
1 8 3 37 100 168 100 168 100 168
1 8 3 37 100 168 100 168 100 168
1 6 3 37 100 168 100 168
1 11 3 37 100 168 102 45 37 102 173 49 138
1 3 8 49 138
1 5 9 55 37 105 181
1 4 7 45 37 106
1 3 7 45 37
1 6 12 59 37 108 184 251
1 4 12 59 37 103
1 4 3 37 100 168
1 3 14 65 37
1 6 15 66 37 103 49 138
1 13 8 50 37 270 298 317 325 331 337 345 354 358 360
1 15 3 36 37 103 53 144 298 317 325 331 337 345 354 358 360
1 14 3 37 103 177 250 298 317 325 331 337 345 354 358 360
1 4 3 37 100 168
1 10 3 37 105 57 146 231 273 154 234 280
1 6 3 37 100 168 100 168
1 6 3 37 100 168 100 168
1 6 3 37 100 168 100 168
1 6 3 37 100 168 100 168
1 6 3 37 100 168 100 168
1 20 3 37 113 192 102 45 37 100 205 257 173 49 298 317 325 332 345 354 358 360
1 8 3 37 100 168 100 168 100 168
1 6 3 37 100 168 100 168
1 7 3 37 241 285 307 37 102
1 4 3 37 100 168
1 4 3 37 100 168
1 6 7 45 37 100 168 102
1 4 3 37 100 168
1 4 3 37 100 168
1 5 9 55 37 114 195
1 5 4 125 203 180 195
1 4 3 37 100 168
1 8 3 37 113 194 45 37 113 194
1 4 7 45 37 106
1 3 3 37 102
1 3 14 65 37
1 4 3 37 100 168
1 4 3 37 100 168
1 3 3 37 40
1 4 3 37 100 168
1 3 4 125 204
1 3 3 37 102
1 3 3 36 37
1 3 7 45 37
1 3 7 45 37
1 3 3 37 102
1 3 3 37 101
1 3 3 37 40
1 11 3 37 102 48 82 159 144 229 272 190 360
1 5 22 84 162 332 338
1 6 22 82 70 152 332 338
1 11 22 83 80 54 82 144 230 162 238 358 360
1 7 3 37 116 130 220 266 294
1 3 11 58 147
1 3 19 73 154
1 14 3 37 102 171 247 82 160 80 177 233 278 304 318 326
1 6 22 84 163 239 338 346
1 13 22 83 83 83 161 237 298 319 327 333 340 338 347
1 7 22 84 162 332 338 348 355
1 3 22 83 83
1 3 3 37 40
1 3 3 37 117
1 9 7 45 37 241 284 241 283 133 223
1 7 8 54 82 144 298 318 326
1 7 17 69 151 162 332 339 349
1 6 5 42 130 241 287 310
1 6 5 42 130 241 287 310
1 6 5 42 130 241 287 310
1 6 5 42 130 241 287 310
1 6 5 42 130 241 287 310
1 6 5 42 130 241 287 310
1 6 5 42 130 241 287 310
1 6 5 42 130 241 287 310
1 6 3 37 101 170 287 310
1 6 3 37 101 170 287 310
1 4 16 155 235 281
1 6 3 37 101 170 287 310
1 3 22 85 87
1 5 4 101 170 287 310
1 5 4 101 170 287 310
1 3 1 29 91
1 7 7 45 37 100 168 102 172
1 6 3 37 107 59 37 120
1 4 3 37 100 168
1 5 3 37 110 187 195
1 5 3 37 110 187 195
1 9 3 37 109 65 37 109 186 49 138
1 4 3 37 100 168
1 5 9 55 37 114 195
1 3 3 37 106
1 4 7 45 37 106
1 5 7 172 45 37 121
1 6 3 37 101 170 244 285
1 6 3 37 101 170 244 285
1 6 3 37 101 170 244 285
1 4 8 50 141 138
1 7 5 170 244 285 308 49 138
1 5 3 37 103 49 138
1 6 6 44 285 170 244 285
1 6 3 37 101 170 244 285
1 6 3 37 101 170 244 285
1 6 3 37 101 170 244 285
1 6 3 37 101 170 244 285
1 6 3 37 101 170 244 285
1 6 3 37 101 170 244 285
1 10 3 37 100 168 100 168 102 45 133 222
1 8 3 37 100 168 100 168 100 168
1 8 3 37 100 168 100 168 100 168
1 8 3 37 100 168 100 168 100 168
1 11 3 37 100 168 102 45 37 102 45 37 102
1 8 3 37 100 168 100 168 100 168
1 8 3 37 100 168 100 168 100 168
1 8 3 37 100 168 100 168 100 168
1 10 3 37 100 168 100 168 102 45 133 222
1 14 3 37 100 168 102 45 37 100 168 114 75 45 37 102
1 4 7 45 37 119
1 4 12 59 37 99
1 4 8 49 140 227
1 5 22 130 110 187 195
1 3 24 87 87
1 5 22 130 104 180 195
1 3 8 49 138
1 5 3 37 103 49 138
1 10 3 37 100 168 100 168 102 48 130 102
1 3 8 49 138
1 5 3 37 103 49 138
1 10 3 37 40 126 211 37 102 48 130 102
1 10 3 37 100 168 40 126 211 37 116 130
1 13 3 37 100 168 40 125 37 100 168 102 48 130 102
1 12 3 37 100 168 100 168 40 126 211 37 116 130
1 10 3 37 100 168 40 126 211 37 116 130
1 10 3 37 100 168 40 126 211 37 116 130
1 11 3 37 243 289 311 37 40 125 37 116 130
1 12 3 37 100 168 40 126 212 125 38 130 40 40
1 13 3 37 100 168 40 125 37 100 168 102 48 130 102
1 6 7 48 130 103 49 138
1 4 12 62 130 116
1 4 7 45 37 117
1 6 3 37 100 168 100 168
1 8 3 37 102 45 37 114 74 37
1 8 3 37 116 130 218 228 125 37
1 8 3 37 116 130 218 228 125 37
1 10 3 37 100 168 100 168 100 168 100 168
1 4 3 37 100 168
1 8 3 37 102 45 37 101 42 130
1 4 3 37 116 130
1 6 3 37 102 172 48 130
1 3 2 34 34
1 3 21 195 253
1 4 3 37 114 195
1 3 3 37 119
1 14 1 33 97 211 37 100 168 101 169 30 37 100 168 114
1 5 1 30 37 270 29
1 7 21 74 37 100 168 100 168
1 6 3 37 100 168 100 168
1 6 3 37 100 168 100 168
1 11 3 37 100 168 100 168 100 168 114 74 37
1 6 3 37 100 168 100 168
1 6 3 37 100 168 100 168
1 6 3 37 100 168 100 168
1 3 21 74 37
1 3 7 45 37
1 3 9 55 37
1 4 7 45 37 119
1 3 12 59 37
1 3 14 65 37
1 4 7 45 37 117
1 11 3 37 100 168 100 168 241 285 307 133 222
1 11 3 37 100 168 100 168 241 285 307 37 102
1 10 3 37 100 168 100 168 241 285 307 37
1 14 7 45 37 100 168 100 168 113 194 171 285 309 192 102
1 10 3 37 100 168 100 168 241 285 307 37
1 10 3 37 100 168 100 168 241 285 307 37
1 8 3 37 100 168 100 168 241 285
1 5 3 37 100 168 117
1 4 7 46 170 246
1 10 14 65 37 100 168 100 168 109 185 285
1 10 7 45 37 100 168 100 168 102 171 285
1 9 9 55 37 40 125 37 104 178 285
1 10 3 37 100 168 100 168 241 285 307 37
1 11 3 37 100 168 100 168 241 285 307 37 40
1 10 3 37 100 168 100 168 241 285 307 37
1 10 12 59 37 100 168 100 168 107 183 285
1 13 7 45 37 100 168 100 168 102 171 285 307 37 102
1 8 3 37 100 168 100 168 241 285
1 14 8 52 142 228 270 298 317 325 331 337 345 354 358 360
1 14 8 52 142 228 270 298 317 325 331 337 345 354 358 360
1 12 5 41 129 217 132 221 267 295 296 315 314 324
1 6 3 37 100 168 100 168
1 6 3 37 100 168 100 168
1 4 3 37 100 168
1 4 3 37 100 168
1 6 3 37 100 168 100 168
1 8 3 37 100 168 100 168 100 168
1 6 3 37 100 168 100 168
1 7 3 37 100 168 100 168 270
1 6 7 45 37 270 299 150
1 12 15 67 149 233 279 305 322 329 335 342 351 356
1 14 8 52 142 228 270 298 317 325 331 337 345 354 358 360
1 14 8 52 142 228 270 298 317 325 331 337 345 354 358 360
1 14 8 52 142 228 270 298 317 325 331 337 345 354 358 360
1 11 12 60 63 148 232 276 302 320 328 334 341
1 3 22 83 83
1 14 8 52 142 228 270 298 317 325 331 337 345 354 358 360
1 12 8 52 143 270 298 317 325 332 345 354 358 360
1 14 8 52 142 228 270 298 317 325 331 337 345 354 358 360
1 14 8 52 142 228 270 298 317 325 331 337 345 354 358 360
1 12 8 52 143 270 298 317 325 332 345 354 358 360
1 6 7 45 37 270 299 150
1 12 15 67 149 233 279 305 322 329 335 342 351 356
1 5 12 61 232 277 303
1 5 13 64 302 321 334
1 8 3 37 104 179 146 231 274 301
1 4 26 88 164 240
1 4 3 37 100 168
1 4 3 37 100 168
1 4 3 37 100 168
1 4 3 37 100 168
1 4 3 37 100 168
1 16 3 37 112 191 52 142 141 298 317 325 331 337 345 354 358 360
1 4 3 37 100 168
1 4 3 37 100 168
1 3 4 40 40
1 3 1 29 91
1 25 7 48 130 218 264 45 37 100 168 102 48 197 228 102 48 197 228 102 48 130 102 45 37 271 255
1 5 7 48 130 116 198
1 4 7 45 37 117
1 5 3 37 102 48 137
1 11 7 48 130 218 265 66 37 110 189 282 195
1 4 3 37 110 188
1 13 7 48 130 116 199 59 37 107 62 197 228 107 62
1 13 7 48 130 218 264 45 37 100 168 102 45 37 102
1 9 22 83 130 104 55 37 104 180 195
1 5 3 37 104 180 195
1 19 22 197 228 125 37 116 197 228 116 197 228 125 37 116 130 218 228 271 255
1 20 22 83 130 218 228 116 197 228 116 197 228 125 37 116 200 255 218 228 271 255
1 17 22 83 130 218 228 116 197 228 116 197 228 116 130 218 228 271 255
1 19 22 197 228 125 37 116 197 228 116 197 228 127 215 116 130 218 228 271 255
1 20 22 83 130 218 228 116 197 228 116 197 228 125 37 116 200 255 218 228 271 255
1 22 22 83 130 218 228 116 197 228 116 130 218 228 125 37 116 83 200 255 218 228 271 255
1 9 22 83 130 218 228 116 197 228 116
1 20 22 83 130 218 228 116 197 228 116 197 228 125 37 116 200 255 218 228 271 255
1 20 22 83 130 218 228 116 197 228 116 197 228 125 37 116 200 255 218 228 271 255
1 6 3 37 100 168 114 195
1 4 21 77 77 156
1 4 3 37 100 168
1 4 3 37 100 168
1 6 7 45 37 100 168 102
1 4 3 37 100 168
1 4 3 37 40 40
1 3 3 37 123
1 13 8 53 144 298 317 325 331 337 344 225 354 358 360
1 6 7 48 130 270 138 225
1 3 1 138 225
1 11 6 43 37 102 45 134 224 269 297 138 225
1 6 3 37 102 45 37 102
1 6 12 62 130 270 138 225
1 7 3 36 37 107 182 138 225
1 3 1 138 225
1 4 3 37 100 168
1 4 3 37 100 168
1 6 3 37 124 201 256 291
1 3 3 37 118
1 4 3 37 100 168
1 3 3 37 118
1 5 3 37 270 138 225
1 3 23 86 37
1 3 23 86 37
1 3 23 86 37
1 4 3 37 100 168
1 4 3 37 100 168
1 4 27 255 127 215
1 3 23 86 37
1 5 3 37 114 196 254
1 6 3 37 100 168 100 168
1 16 3 37 100 168 243 290 313 312 323 330 336 343 352 357 359 361
1 8 22 130 218 228 125 37 40 40
1 7 3 37 100 168 40 125 36
1 4 3 37 100 168
1 4 3 37 114 77
1 5 3 37 40 125 206
1 9 21 78 157 157 157 157 157 157 157
1 3 1 29 91
1 5 3 37 101 170 244
1 6 9 56 215 241 286 195
1 5 21 77 77 77 77
1 4 7 45 37 114
1 3 3 37 40
1 4 3 37 100 168
1 3 3 37 40
1 6 3 37 100 168 100 168
1 4 3 37 100 168
1 5 7 45 37 100 168
1 4 7 45 37 106
1 5 12 59 37 111 190
1 7 5 42 130 241 283 37 241
1 6 3 37 101 307 37 241
1 7 3 37 100 168 101 170 244
1 5 3 37 111 68 150
1 4 3 37 101 170
1 4 5 170 283 37
1 6 14 65 37 103 49 138
1 8 12 59 37 101 170 245 49 138
1 12 8 53 144 298 317 325 331 337 345 354 358 360
1 5 3 37 40 102 172
1 8 7 45 37 100 168 103 49 138
1 10 8 53 144 298 317 325 332 345 354 358
1 4 18 71 153 354
1 3 16 68 150
1 4 3 37 100 168
1 4 3 37 100 168
1 7 3 37 100 168 243 289 312
1 4 3 37 40 125
1 4 3 37 100 168
1 10 18 70 317 325 331 337 345 354 358 360
1 12 8 53 144 298 317 325 331 337 345 354 358 360
1 4 21 76 68 150
1 6 1 31 94 166 165 68
1 3 1 31 92
1 3 1 31 92
1 3 21 76 68
1 6 1 31 94 76 155 337
1 4 1 31 95 167
1 12 8 53 144 298 317 325 331 337 345 354 358 360
1 12 8 53 144 298 317 325 331 337 345 354 358 360
1 4 8 92 165 68
1 6 1 31 53 145 165 68
1 5 1 31 92 165 68
1 5 1 31 93 155 337
1 6 1 31 94 76 155 337
1 3 8 49 138
1 3 3 37 121
1 10 10 57 146 231 275 88 154 234 280 306
1 5 3 205 260 292 314
1 8 3 37 100 168 100 168 100 168
1 6 3 37 100 168 103 176
1 3 16 68 345
1 3 3 37 40
1 6 3 37 103 49 138 225
1 5 1 29 29 29 29
1 3 3 37 122
1 5 3 37 102 174 248
1 5 3 37 102 174 248
1 3 3 37 123
1 3 25 215 102
1 3 3 37 40
1 3 3 37 115
1 3 7 47 135
1 3 1 29 91
1 6 4 40 40 125 37 115
1 5 4 40 125 37 115
1 15 20 211 37 100 168 40 40 40 125 210 261 126 211 37 118
1 14 4 40 40 40 125 37 40 125 37 40 125 36 37 40
1 7 28 89 40 125 37 112 222
1 28 4 125 37 126 212 40 128 216 40 125 37 100 168 126 211 37 100 205 212 271 300 205 212 125 37 100 168 118
1 14 3 37 40 40 40 40 125 36 37 40 116 197 228 40
1 3 4 40 40
1 22 4 40 40 40 125 37 40 125 205 212 40 40 40 126 212 127 215 125 37 100 168 118
1 15 3 205 212 125 205 211 37 100 205 212 40 40 126 212 40
1 23 4 40 40 126 212 125 37 126 212 125 205 259 130 40 40 263 261 40 125 36 37 100 207
1 15 4 126 211 37 127 215 125 37 126 212 40 40 40 40 40
1 21 4 40 40 125 37 40 125 37 100 205 212 40 40 125 37 126 212 40 125 37 118
1 4 20 211 37 40
1 7 4 40 40 110 189 282 195
1 3 4 40 115
1 22 4 40 40 40 40 40 125 37 100 168 40 40 127 215 126 212 125 37 100 168 126 213
1 11 4 40 125 37 116 130 218 228 126 214 262
1 6 4 126 212 40 40 102
1 25 3 37 40 40 40 128 216 40 40 125 205 258 211 37 40 125 37 100 168 263 261 40 127 97 213
1 5 28 89 40 40 125
1 13 4 125 37 126 212 125 37 40 126 212 126 214 262
1 6 4 126 212 40 40 40
1 23 22 130 116 130 126 212 125 37 100 168 40 125 37 100 205 212 125 37 126 211 37 126 213
1 9 4 40 126 212 40 40 125 37 118
1 10 20 211 37 40 40 125 37 40 126 213
1 29 4 40 125 37 40 40 125 37 40 125 37 126 211 37 40 127 215 125 37 40 40 125 205 212 40 125 209 255 118
1 10 20 212 40 40 40 40 40 125 37 118
1 20 4 40 40 125 37 128 216 263 293 205 258 212 40 40 126 212 40 125 37 118
1 9 3 37 100 168 100 168 40 126 213
1 6 28 89 40 125 37 40
1 23 4 40 40 40 40 40 125 205 211 36 205 212 40 263 261 100 168 40 125 37 40 125 207
1 12 20 212 126 212 40 125 208 215 40 126 212 118
1 4 4 126 212 40
1 25 4 40 40 125 37 40 125 37 100 168 40 125 205 211 37 40 125 37 100 168 102 45 37 40 118
1 19 4 126 211 36 36 37 40 126 211 205 212 116 130 40 126 212 125 36 37
1 6 22 81 158 236 282 195
1 5 3 37 104 180 195
1 6 22 197 228 102 175 249
1 5 22 80 49 139 226
1 5 3 37 110 187 195
1 3 3 39 216
1 10 22 79 48 130 218 228 125 202 49 138
1 3 8 49 138
1 5 22 197 228 125 37
1 4 22 80 49 138
1 7 12 59 37 107 62 130 219
1 4 1 32 96 215
1 4 3 37 100 168
1 4 21 75 45 37
1 4 3 37 100 168
1 3 3 38 130
1 4 3 37 100 168
1 4 22 130 218 228
1 3 3 37 116
1 4 3 37 100 168
1 4 3 37 100 168
1 4 3 37 116 130
1 9 7 45 37 241 283 37 102 143 102
1 8 7 45 37 116 79 173 49 138
1 3 7 45 37
1 4 28 90 45 37
1 4 22 83 197 228
1 17 22 79 48 79 45 37 100 168 103 53 144 298 152 332 344 353 358
1 3 2 35 98
1 3 22 83 83
1 3 22 83 83
1 4 22 83 197 228
1 7 22 83 83 82 222 48 197
1 6 7 45 37 103 49 138
1 11 13 63 148 232 276 302 320 328 334 341 350
1 3 7 45 37
1 4 3 37 101 42
1 6 12 59 37 103 49 138
1 16 3 37 102 173 53 144 298 317 325 331 337 345 354 358 360 362
1 13 8 53 144 298 317 325 331 337 344 225 354 358 360
1 12 8 51 270 298 317 325 331 337 345 354 358 360
1 3 3 37 100
1 8 3 37 113 193 252 260 292 314
1 7 6 44 132 221 268 296 316
1 3 18 72 358
1 3 7 48 136
1 4 3 37 100 168
1 3 24 87 87
