421 365
1 3 1 31 96
1 6 3 39 103 170 103 170
1 13 3 39 103 170 104 174 47 273 39 105 178 181 260
1 8 6 47 134 228 39 222 274 302
1 6 3 39 103 170 103 170
1 6 3 39 103 170 103 170
1 8 3 39 103 170 103 170 251 291
1 9 3 39 103 170 103 170 106 181 260
1 8 3 39 103 170 103 170 103 170
1 8 3 39 103 170 103 170 103 170
1 6 3 39 103 170 103 170
1 11 3 39 103 170 105 48 39 105 178 181 260
1 3 7 48 39
1 5 9 58 39 108 188
1 4 7 48 39 109
1 3 7 48 39
1 4 12 61 39 106
1 4 3 39 103 170
1 3 13 63 39
1 6 14 65 39 106 181 260
1 13 8 53 39 267 300 318 328 334 340 348 357 361 363
1 15 3 38 39 106 56 145 300 318 328 334 340 348 357 361 363
1 4 3 39 103 170
1 4 3 39 103 170
1 10 3 39 108 59 146 235 279 157 241 287
1 6 3 39 103 170 103 170
1 6 3 39 103 170 103 170
1 6 3 39 103 170 103 170
1 6 3 39 103 170 103 170
1 6 3 39 103 170 103 170
1 6 3 39 103 170 103 170
1 8 3 39 103 170 103 170 103 170
1 6 3 39 103 170 103 170
1 8 3 39 103 170 103 170 103 170
1 7 3 39 222 274 302 39 105
1 4 3 39 103 170
1 4 3 39 103 170
1 6 7 48 39 103 170 105
1 4 3 39 103 170
1 4 3 39 103 170
1 5 9 58 39 115 263
1 5 4 103 171 186 263
1 4 3 39 103 170
1 4 7 48 39 109
1 3 3 39 105
1 3 13 63 39
1 5 17 68 153 240 361
1 3 4 103 172
1 3 3 39 105
1 3 3 38 39
1 3 7 48 39
1 3 3 39 105
1 3 3 39 104
1 3 3 39 43
1 11 3 39 105 50 82 163 145 232 278 197 363
1 5 20 84 166 335 341
1 6 20 82 68 153 335 341
1 11 20 83 80 57 82 145 233 166 240 361 363
1 7 3 39 116 132 224 276 306
1 3 11 60 147
1 3 18 73 157
1 14 3 39 105 176 257 82 71 80 161 238 284 311 319 329
1 9 17 71 155 67 151 335 342 350 361
1 13 20 83 83 83 165 246 300 320 151 239 286 341 349
1 10 3 39 110 191 82 164 245 145 262 297
1 5 17 72 156 335 341
1 12 20 83 83 82 145 234 152 166 247 290 361 363
1 3 20 83 83
1 3 3 39 43
1 3 3 39 118
1 7 8 57 82 145 300 319 329
1 7 16 67 152 166 335 342 350
1 6 5 302 39 222 275 305
1 6 5 46 132 222 275 305
1 6 5 46 132 222 275 305
1 6 5 46 132 222 275 305
1 6 5 46 132 222 275 305
1 6 5 46 132 222 275 305
1 6 5 46 132 222 275 305
1 5 5 45 222 275 305
1 6 5 46 132 222 275 305
1 6 3 39 104 175 275 305
1 7 3 39 104 173 253 294 305
1 4 15 158 242 288
1 6 3 39 104 175 275 305
1 3 20 85 86
1 5 4 104 175 275 305
1 5 4 104 175 275 305
1 5 4 104 175 275 305
1 3 1 31 96
1 6 3 39 110 61 39 120
1 4 3 39 103 170
1 5 3 39 112 194 263
1 5 3 39 112 194 263
1 4 3 39 103 170
1 5 9 58 39 115 263
1 4 3 39 107 187
1 3 3 39 109
1 4 7 48 39 109
1 5 7 177 48 39 121
1 6 3 39 104 175 254 274
1 6 3 39 104 175 254 274
1 6 3 39 104 175 254 274
1 5 3 39 106 181 260
1 4 8 53 231 260
1 7 5 175 254 274 303 181 260
1 6 6 47 274 175 254 274
1 6 3 39 104 175 254 274
1 6 3 39 104 175 254 274
1 6 3 39 104 175 254 274
1 6 3 39 104 175 254 274
1 10 3 39 103 170 103 170 105 48 137 230
1 8 3 39 103 170 103 170 103 170
1 8 3 39 103 170 103 170 103 170
1 8 3 39 103 170 103 170 103 170
1 11 3 39 103 170 105 48 39 105 48 39 105
1 8 3 39 103 170 103 170 103 170
1 8 3 39 103 170 103 170 103 170
1 8 3 39 103 170 103 170 103 170
1 10 3 39 103 170 103 170 105 48 137 230
1 4 7 48 39 117
1 4 12 61 39 102
1 4 8 181 262 296
1 5 20 132 112 194 263
1 5 3 39 106 181 260
1 10 3 39 103 170 103 170 105 50 132 105
1 3 8 181 260
1 5 3 39 106 181 260
1 10 3 39 103 170 43 127 214 206 116 132
1 13 3 39 103 170 43 126 206 103 170 105 50 132 105
1 12 3 39 103 170 103 170 43 127 214 206 116 132
1 10 3 39 103 170 43 127 214 206 116 132
1 10 3 39 103 170 43 127 214 206 116 132
1 10 3 39 103 170 43 127 214 206 116 132
1 12 3 39 103 170 43 127 88 126 41 132 43 43
1 13 3 39 103 170 43 126 206 103 170 105 50 132 105
1 6 7 50 132 106 181 260
1 4 7 48 39 118
1 6 3 39 103 170 103 170
1 4 3 39 103 170
1 8 3 39 116 132 126 206 103 170
1 10 3 39 103 170 103 170 103 170 103 170
1 4 3 39 103 170
1 4 3 39 103 170
1 8 3 39 105 48 39 104 46 132
1 4 3 39 116 132
1 6 3 39 105 177 50 132
1 6 7 48 39 103 170 105
1 3 2 35 35
1 3 19 263 298
1 5 1 32 39 267 31
1 7 19 74 39 103 170 103 170
1 6 3 39 103 170 103 170
1 6 3 39 103 170 103 170
1 6 3 39 103 170 103 170
1 11 3 39 103 170 103 170 103 170 115 74 39
1 6 3 39 103 170 103 170
1 6 3 39 103 170 103 170
1 12 3 39 103 170 103 170 103 170 115 74 39 115
1 6 3 39 103 170 103 170
1 3 19 74 39
1 4 3 39 122 203
1 3 1 31 96
1 3 7 48 39
1 3 12 61 39
1 4 7 48 39 118
1 8 7 48 39 103 170 105 176 274
1 11 3 39 103 170 103 170 222 274 302 137 230
1 10 3 39 103 170 103 170 222 274 302 39
1 14 7 48 39 103 170 103 170 123 205 176 274 304 321 105
1 10 3 39 103 170 103 170 222 274 302 39
1 10 3 39 103 170 103 170 222 274 302 39
1 8 3 39 103 170 103 170 222 274
1 4 7 48 39 109
1 5 3 39 103 170 118
1 4 7 49 175 256
1 10 13 63 39 103 170 103 170 111 192 274
1 10 7 48 39 103 170 103 170 105 176 274
1 9 9 58 39 43 126 206 107 183 274
1 10 3 39 103 170 103 170 222 274 302 39
1 10 3 39 103 170 103 170 222 274 302 39
1 10 12 61 39 103 170 103 170 110 190 274
1 13 7 48 39 103 170 103 170 105 176 274 302 39 105
1 8 3 39 103 170 103 170 222 274
1 14 8 55 143 206 267 300 318 328 334 340 348 357 361 363
1 6 3 39 103 170 103 170
1 8 3 39 103 170 103 170 103 170
1 4 3 39 103 170
1 6 3 39 103 170 103 170
1 6 3 39 103 170 103 170
1 7 3 39 103 170 103 170 267
1 4 3 39 103 170
1 6 7 48 39 267 301 243
1 12 14 66 150 238 285 312 325 332 338 345 353 359
1 14 8 55 143 206 267 300 318 328 334 340 348 357 361 363
1 12 13 64 149 237 283 310 324 331 337 344 352 358
1 14 8 55 143 206 267 300 318 328 334 340 348 357 361 363
1 14 8 55 143 206 267 300 318 328 334 340 348 357 361 363
1 11 12 62 148 236 282 309 323 330 336 343 351
1 13 3 39 107 184 59 146 235 281 89 157 241 287 313
1 14 8 55 143 206 267 300 318 328 334 340 348 357 361 363
1 11 8 55 142 300 318 328 334 340 348 357 361
1 12 8 55 144 267 300 318 328 335 348 357 361 363
1 6 7 48 39 267 301 243
1 12 14 66 150 238 285 312 325 332 338 345 353 359
1 11 8 55 143 206 267 300 318 328 335 341 361
1 8 3 39 107 185 146 235 280 308
1 4 24 89 168 250
1 4 3 39 103 170
1 4 3 39 103 170
1 4 3 39 103 170
1 4 3 39 103 170
1 4 3 39 103 170
1 16 3 39 114 198 55 143 231 300 318 328 334 340 348 357 361 363
1 4 3 39 103 170
1 16 3 39 114 198 55 143 231 300 318 328 334 340 348 357 361 363
1 3 4 43 43
1 3 1 31 96
1 4 7 48 39 118
1 3 7 50 138
1 5 3 39 105 50 139
1 9 7 50 132 116 201 63 39 111 193
1 11 7 50 132 126 209 65 39 112 196 289 263
1 4 3 39 112 195
1 13 7 50 132 116 200 61 39 110 191 78 39 110 191
1 13 7 50 132 126 208 48 39 103 170 105 48 39 105
1 28 7 50 132 126 207 302 39 123 204 46 133 225 39 104 46 133 225 39 105 144 105 50 133 227 265 126 206 127
1 9 20 83 132 107 58 39 107 186 263
1 5 3 39 107 186 263
1 19 20 78 39 103 170 116 78 39 116 78 39 103 170 116 132 126 206 167 265
1 17 20 83 132 126 206 116 78 39 116 78 39 116 132 126 206 167 265
1 19 20 78 39 103 170 116 78 39 116 78 39 128 219 116 132 126 206 167 265
1 20 20 83 132 126 206 116 78 39 116 78 39 103 170 116 202 265 126 206 167 265
1 9 20 83 132 126 206 116 78 39 116
1 9 20 78 39 103 170 116 78 39 116
1 20 20 83 132 126 206 116 78 39 116 78 39 103 170 116 202 265 126 206 167 265
1 5 3 39 110 61 39
1 4 19 77 77 160
1 4 3 39 103 170
1 4 3 39 103 170
1 6 7 48 39 103 170 105
1 4 3 39 103 170
1 4 3 39 43 43
1 6 7 50 132 267 260 355
1 3 1 260 355
1 6 3 39 105 48 39 105
1 6 12 191 132 267 260 355
1 7 3 38 39 110 189 260 355
1 4 3 39 103 170
1 3 3 39 119
1 3 3 39 119
1 5 3 39 267 260 355
1 3 22 87 39
1 3 22 87 39
1 3 22 87 39
1 3 22 87 39
1 4 3 39 103 170
1 4 3 39 103 170
1 3 22 87 39
1 5 3 39 115 199 264
1 3 27 90 90
1 6 3 39 103 170 103 170
1 6 3 39 103 170 103 170
1 16 3 39 103 170 252 293 315 314 326 333 339 346 354 360 362 364
1 8 20 132 126 206 103 170 43 43
1 7 3 39 103 170 43 126 38
1 4 3 39 103 170
1 13 4 105 48 136 181 300 318 328 334 340 348 357 361
1 4 3 39 103 170
1 3 3 37 101
1 13 8 53 39 267 300 318 328 334 340 348 357 361 363
1 4 3 39 103 170
1 3 1 31 96
1 5 3 39 104 175 254
1 5 19 77 77 77 77
1 4 7 48 39 115
1 3 3 39 43
1 4 3 39 103 170
1 6 3 39 103 170 103 170
1 4 3 39 103 170
1 5 7 48 39 103 170
1 5 12 61 39 113 197
1 7 5 46 132 222 273 39 222
1 6 3 39 104 302 39 222
1 9 5 46 132 222 273 39 222 254 274
1 7 3 39 103 170 104 175 254
1 4 5 175 273 39
1 6 13 63 39 106 181 260
1 8 12 61 39 104 175 255 181 260
1 12 8 56 145 300 318 328 334 340 348 357 361 363
1 5 3 39 43 105 177
1 8 7 48 39 103 170 106 181 260
1 4 17 69 154 357
1 3 15 159 243
1 4 3 39 103 170
1 7 3 39 103 170 252 292 314
1 4 3 39 43 126
1 7 3 39 103 170 106 181 260
1 12 8 56 145 300 318 328 334 340 348 357 361 363
1 4 19 76 159 243
1 5 8 98 76 158 340
1 6 1 33 98 76 158 340
1 6 1 33 98 169 141 159
1 3 1 33 52
1 3 19 76 159
1 3 19 76 159
1 6 1 33 98 76 158 340
1 12 8 56 145 300 318 328 334 340 348 357 361 363
1 4 19 76 159 243
1 4 8 52 141 159
1 5 1 33 97 158 340
1 5 1 33 97 158 340
1 6 1 33 98 76 158 340
1 3 8 181 260
1 12 8 56 145 300 318 328 334 340 348 357 361 363
1 3 3 39 121
1 14 8 55 143 137 145 300 318 328 334 340 348 357 361 363
1 10 10 59 146 235 281 89 157 241 287 313
1 15 3 39 106 56 145 300 318 328 334 340 347 355 357 361 363
1 8 3 39 103 170 103 170 103 170
1 3 3 39 127
1 6 3 39 103 170 106 182
1 5 1 31 31 31 31
1 3 3 39 124
1 3 28 91 39
1 5 3 39 105 179 258
1 5 3 39 105 179 258
1 3 26 219 105
1 3 3 39 43
1 3 3 39 268
1 3 7 51 140
1 3 1 31 96
1 6 4 43 43 126 206 268
1 5 4 43 126 206 268
1 15 23 214 206 103 170 43 43 43 126 213 92 127 214 206 119
1 14 4 43 43 43 126 206 43 126 206 43 126 38 39 43
1 25 4 127 214 206 43 43 43 43 126 38 39 43 126 206 127 214 206 43 116 132 126 211 214 206 119
1 10 3 38 39 43 127 88 127 88 43 119
1 7 30 93 43 126 206 114 230
1 28 4 103 170 127 88 43 130 221 43 126 206 103 170 127 214 206 103 211 88 167 248 211 88 126 206 103 170 119
1 3 4 43 43
1 22 4 43 43 43 126 206 43 126 211 88 43 43 43 127 88 128 219 103 170 103 170 119
1 23 4 43 43 127 88 126 206 127 88 126 211 269 132 43 43 44 92 43 126 38 39 103 210
1 15 4 127 214 206 128 219 103 170 127 88 43 43 43 43 43
1 21 4 43 43 126 206 43 126 206 103 211 88 43 43 126 206 127 88 43 126 206 119
1 11 4 43 43 43 43 43 126 206 43 129 272
1 4 23 214 206 43
1 7 4 43 43 112 196 289 263
1 3 4 43 268
1 14 4 44 92 43 43 126 206 127 88 167 249 214 206 119
1 15 23 88 43 126 206 103 170 43 126 206 127 88 126 206 44
1 22 4 43 43 43 43 43 126 206 103 170 43 43 128 219 127 88 126 206 103 170 127 215
1 11 4 43 126 206 116 132 126 206 127 218 272
1 26 29 92 127 216 271 204 46 133 226 43 126 206 43 43 126 206 43 43 43 43 127 217 92 43 126 210
1 9 4 43 43 126 206 43 43 43 119
1 5 23 88 43 43 105
1 25 3 39 43 43 43 130 221 43 43 126 211 270 214 206 43 126 206 103 170 44 92 43 128 220 215
1 11 4 43 43 127 88 43 43 43 43 127 215
1 5 30 93 43 43 126
1 23 4 43 43 126 211 88 43 127 214 206 43 127 214 206 103 170 43 43 126 206 103 211 215
1 14 4 103 170 103 170 103 170 43 43 127 270 214 206 43
1 25 4 43 126 206 43 167 265 43 43 43 126 206 127 88 126 206 103 170 43 43 43 167 248 39 119
1 13 4 103 170 127 88 126 206 43 127 88 127 218 272
1 9 4 43 127 88 43 43 126 206 119
1 5 23 88 167 265 43
1 23 25 265 43 127 88 43 126 38 39 43 43 126 211 214 206 43 126 206 103 170 103 170 119
1 7 30 95 214 206 43 43 126
1 29 4 43 126 206 43 43 126 206 43 126 206 127 214 206 43 128 219 103 170 43 43 126 211 88 43 126 212 265 119
1 10 23 88 43 43 43 43 43 126 206 119
1 10 3 40 125 44 92 115 77 125 105 179
1 20 4 43 43 126 206 130 221 44 131 211 270 88 43 43 127 88 43 126 206 119
1 9 3 39 103 170 103 170 43 127 215
1 6 30 93 43 126 206 43
1 23 4 43 43 43 43 43 126 211 214 38 211 88 43 44 92 103 170 43 126 206 43 126 210
1 25 4 43 43 126 206 43 126 206 103 170 43 126 211 214 206 43 126 206 103 170 105 48 39 43 119
1 19 4 127 214 38 38 39 43 127 214 211 88 116 132 43 127 88 126 38 39
1 6 20 81 162 244 289 263
1 5 3 39 107 186 263
1 6 20 78 39 105 180 259
1 5 20 80 181 261 295
1 5 3 39 112 194 263
1 3 3 42 221
1 10 20 79 50 132 126 206 103 136 181 260
1 4 20 80 181 260
1 7 12 61 39 110 191 132 223
1 4 1 34 99 219
1 8 7 48 39 106 181 261 295 316
1 4 1 261 295 316
1 4 19 75 48 39
1 3 3 41 132
1 8 3 39 103 170 105 179 145 260
1 4 3 39 103 170
1 4 20 132 126 206
1 5 3 39 104 46 133
1 3 3 39 116
1 4 3 39 103 170
1 4 3 39 103 170
1 3 3 39 116
1 9 7 48 39 222 273 39 105 144 105
1 3 7 48 39
1 4 30 94 48 39
1 4 20 83 78 39
1 17 20 79 50 79 48 39 103 170 106 56 145 300 153 335 347 356 361
1 3 2 36 100
1 4 20 83 78 39
1 6 7 48 39 106 181 260
1 4 3 39 104 46
1 5 20 79 50 132 116
1 6 12 61 39 106 181 260
1 10 17 68 318 328 334 340 348 357 361 363
1 16 3 39 105 178 56 145 300 318 328 334 340 348 357 361 363 365
1 13 8 56 145 300 318 328 334 340 347 355 357 361 363
1 12 8 54 267 300 318 328 334 340 348 357 361 363
1 3 3 39 103
1 8 3 39 123 204 266 299 317 327
1 7 6 47 135 229 277 307 322
1 3 7 50 138
1 3 17 70 361
1 3 8 181 260
1 4 3 39 103 170
1 3 21 86 86
