432 378
1 6 1 33 97 33 97 33
1 8 3 39 129 38 33 99 185 267
1 6 1 33 97 33 97 33
1 6 1 33 97 33 97 33
1 8 1 33 97 33 97 33 101 190
1 6 1 33 97 33 97 33
1 9 1 33 97 33 97 33 103 192 277
1 8 1 33 97 33 97 33 97 33
1 6 1 33 97 33 97 33
1 11 1 33 97 33 104 52 33 104 196 192 277
1 3 5 192 277
1 3 7 52 33
1 6 8 56 33 106 201 284
1 4 8 56 33 103
1 6 10 62 33 103 192 277
1 13 5 43 33 294 322 339 347 352 357 364 372 376 377
1 14 1 33 103 194 280 322 339 347 352 357 364 372 376 377
1 4 1 33 97 33
1 4 1 33 97 33
1 4 1 33 97 33
1 6 1 33 97 33 97 33
1 6 1 33 97 33 97 33
1 6 1 33 97 33 97 33
1 20 1 33 110 206 104 52 33 97 174 256 196 192 322 339 347 353 364 372 376 377
1 8 1 33 97 33 97 33 97 33
1 8 1 33 97 33 97 33 97 33
1 7 1 33 99 185 267 33 104
1 4 1 33 97 33
1 4 1 33 97 33
1 6 7 52 33 97 33 104
1 4 1 33 97 33
1 4 1 33 97 33
1 5 2 97 175 210 215
1 4 1 33 97 33
1 8 1 33 110 208 52 33 110 208
1 4 7 52 33 114
1 3 1 33 104
1 3 17 73 33
1 4 1 33 97 33
1 4 1 33 97 33
1 3 1 33 98
1 4 1 33 97 33
1 5 18 75 161 246 376
1 3 1 33 104
1 3 1 32 33
1 3 1 32 33
1 3 7 52 33
1 3 1 33 100
1 3 1 33 98
1 11 1 33 104 55 165 249 138 233 296 205 377
1 5 19 82 167 353 358
1 11 19 81 78 47 165 138 234 167 246 376 377
1 7 1 33 117 132 228 293 321
1 3 21 85 170
1 3 20 84 169
1 14 1 33 104 195 281 165 76 78 194 243 301 330 340 348
1 6 19 82 168 252 358 365
1 9 18 76 162 65 156 353 359 368 376
1 13 19 81 81 81 166 250 322 341 156 244 303 358 366
1 10 1 33 105 59 165 248 306 138 279 317
1 7 19 82 167 353 358 367 373
1 5 18 77 163 353 358
1 12 19 81 81 165 138 235 157 167 251 307 376 377
1 3 19 81 81
1 3 1 33 98
1 9 7 52 33 99 184 99 183 148 240
1 7 5 47 165 138 322 340 348
1 7 12 65 157 167 353 359 368
1 6 4 267 33 99 187 270
1 6 4 42 132 99 187 270
1 6 4 42 132 99 187 270
1 6 4 42 132 99 187 270
1 6 4 42 132 99 187 270
1 6 4 42 132 99 187 270
1 5 4 40 99 187 270
1 6 4 42 132 99 187 270
1 6 4 42 132 99 187 270
1 6 1 33 100 188 187 270
1 6 1 33 100 188 187 270
1 7 1 33 100 189 275 313 270
1 4 11 236 297 326
1 6 1 33 100 188 187 270
1 3 19 83 86
1 5 2 100 188 187 270
1 5 2 100 188 187 270
1 3 6 49 144
1 7 7 52 33 97 33 104 197
1 6 1 33 105 56 33 120
1 4 1 33 97 33
1 5 1 33 107 202 215
1 9 1 33 115 73 33 115 216 192 277
1 5 15 67 33 112 215
1 4 1 33 111 211
1 3 1 33 114
1 5 7 197 52 33 121
1 6 1 33 100 188 271 185
1 5 1 33 103 192 277
1 4 5 43 134 277
1 7 4 188 271 185 268 192 277
1 5 1 33 103 192 277
1 6 3 39 185 188 271 185
1 6 1 33 100 188 271 185
1 6 1 33 100 188 271 185
1 6 1 33 100 188 271 185
1 6 1 33 100 188 271 185
1 10 1 33 97 33 97 33 104 52 148 239
1 8 1 33 97 33 97 33 97 33
1 8 1 33 97 33 97 33 97 33
1 8 1 33 97 33 97 33 97 33
1 8 1 33 97 33 97 33 97 33
1 11 1 33 97 33 104 52 33 104 52 33 104
1 8 1 33 97 33 97 33 97 33
1 8 1 33 97 33 97 33 97 33
1 10 1 33 97 33 97 33 104 52 148 239
1 14 1 33 97 33 104 52 33 97 33 112 69 52 33 104
1 4 7 52 33 118
1 4 8 56 33 109
1 4 5 192 279 316
1 5 19 132 107 202 215
1 3 22 86 86
1 5 19 132 111 210 215
1 3 5 192 277
1 5 1 33 103 192 277
1 10 1 33 97 33 97 33 104 55 132 104
1 3 5 192 277
1 5 1 33 103 192 277
1 10 1 33 98 180 259 33 104 55 132 104
1 10 1 33 97 33 98 180 259 33 117 132
1 13 1 33 97 33 98 97 33 97 33 104 55 132 104
1 10 1 33 97 33 98 180 259 33 117 132
1 10 1 33 97 33 98 180 259 33 117 132
1 10 1 33 97 33 98 180 259 33 117 132
1 11 1 33 102 191 276 33 98 97 33 117 132
1 12 1 33 97 33 98 180 260 97 36 132 98 98
1 6 7 55 132 103 192 277
1 4 8 59 132 117
1 8 1 33 104 52 33 112 214 33
1 4 1 33 97 33
1 8 1 33 117 132 226 232 97 33
1 8 1 33 117 132 226 232 97 33
1 4 1 33 97 33
1 8 1 33 104 52 33 100 42 132
1 4 1 33 117 132
1 6 7 52 33 97 33 104
1 3 13 66 66
1 3 16 215 286
1 4 1 33 112 215
1 3 1 33 118
1 14 6 51 146 259 33 97 33 100 189 274 33 97 33 112
1 6 1 33 97 33 97 33
1 6 1 33 97 33 97 33
1 6 1 33 97 33 97 33
1 6 1 33 97 33 97 33
1 6 1 33 97 33 97 33
1 6 1 33 97 33 97 33
1 12 1 33 97 33 97 33 97 33 112 214 33 112
1 6 1 33 97 33 97 33
1 3 16 214 33
1 4 1 33 122 222
1 3 6 49 144
1 3 15 67 33
1 4 7 52 33 118
1 3 17 73 33
1 4 7 52 33 123
1 8 7 52 33 97 33 104 195 185
1 11 1 33 97 33 97 33 99 185 267 148 239
1 11 1 33 97 33 97 33 99 185 267 33 104
1 14 7 52 33 97 33 97 33 110 208 195 185 269 206 104
1 10 1 33 97 33 97 33 99 185 267 33
1 4 7 52 33 114
1 4 7 53 188 273
1 10 7 52 33 97 33 97 33 104 195 185
1 9 15 67 33 98 97 33 111 209 185
1 10 1 33 97 33 97 33 99 185 267 33
1 10 1 33 97 33 97 33 99 185 267 33
1 11 1 33 97 33 97 33 99 185 267 33 98
1 13 7 52 33 97 33 97 33 104 195 185 267 33 104
1 8 1 33 97 33 97 33 99 185
1 14 5 45 135 232 294 322 339 347 352 357 364 372 376 377
1 14 5 45 135 232 294 322 339 347 352 357 364 372 376 377
1 12 4 41 131 225 130 224 288 319 320 337 335 346
1 6 1 33 97 33 97 33
1 6 1 33 97 33 97 33
1 8 1 33 97 33 97 33 97 33
1 4 1 33 97 33
1 4 1 33 97 33
1 6 1 33 97 33 97 33
1 8 1 33 97 33 97 33 97 33
1 6 1 33 97 33 97 33
1 7 1 33 97 33 97 33 294
1 4 1 33 97 33
1 6 7 52 33 294 323 155
1 12 10 63 154 243 302 331 344 350 355 361 370 374
1 14 5 45 135 232 294 322 339 347 352 357 364 372 376 377
1 14 5 45 135 232 294 322 339 347 352 357 364 372 376 377
1 12 17 74 160 245 304 332 345 351 356 362 371 375
1 14 5 45 135 232 294 322 339 347 352 357 364 372 376 377
1 11 8 57 60 153 242 300 329 342 349 354 360
1 3 19 81 81
1 13 1 33 111 213 90 171 254 310 91 169 253 308 333
1 14 5 45 135 232 294 322 339 347 352 357 364 372 376 377
1 12 5 45 136 294 322 339 347 353 364 372 376 377
1 11 5 45 137 322 339 347 352 357 364 372 376
1 14 5 45 135 232 294 322 339 347 352 357 364 372 376 377
1 14 5 45 135 232 294 322 339 347 352 357 364 372 376 377
1 12 5 45 136 294 322 339 347 353 364 372 376 377
1 11 5 45 135 232 294 322 339 347 353 358 376
1 5 8 58 242 299 328
1 5 9 61 329 343 354
1 8 1 33 111 212 171 254 309 334
1 4 27 91 172 255
1 4 1 33 97 33
1 4 1 33 97 33
1 4 1 33 97 33
1 4 1 33 97 33
1 16 1 33 116 218 45 135 134 322 339 347 352 357 364 372 376 377
1 4 1 33 97 33
1 3 2 98 98
1 25 7 55 132 226 291 52 33 97 33 104 55 219 232 104 55 219 232 104 55 132 104 52 33 295 287
1 5 7 55 132 117 152
1 4 7 52 33 123
1 3 7 55 152
1 9 7 55 132 117 220 73 33 115 217
1 11 7 55 132 226 292 62 33 107 204 305 215
1 4 1 33 107 203
1 13 7 55 132 226 291 52 33 97 33 104 52 33 104
1 28 7 55 132 226 290 267 33 110 207 42 133 229 33 100 42 133 229 33 104 136 104 55 133 231 287 226 232 180
1 9 19 81 132 111 67 33 111 210 215
1 5 1 33 111 210 215
1 19 19 219 232 97 33 117 219 232 117 219 232 97 33 117 132 226 232 295 287
1 20 19 81 132 226 232 117 219 232 117 219 232 97 33 117 221 287 226 232 295 287
1 19 19 219 232 97 33 117 219 232 117 219 232 318 88 117 132 226 232 295 287
1 20 19 81 132 226 232 117 219 232 117 219 232 97 33 117 221 287 226 232 295 287
1 22 19 81 132 226 232 117 219 232 117 132 226 232 97 33 117 81 221 287 226 232 295 287
1 9 19 81 132 226 232 117 219 232 117
1 9 19 219 232 97 33 117 219 232 117
1 20 19 81 132 226 232 117 219 232 117 219 232 97 33 117 221 287 226 232 295 287
1 20 19 81 132 226 232 117 219 232 117 219 232 97 33 117 221 287 226 232 295 287
1 5 1 33 105 56 33
1 6 1 33 97 33 112 215
1 4 16 71 71 158
1 4 1 33 97 33
1 4 1 33 97 33
1 6 7 52 33 97 33 104
1 4 1 33 98 98
1 3 1 33 125
1 13 5 46 138 322 339 347 352 357 363 314 372 376 377
1 6 7 55 132 294 277 314
1 3 6 277 314
1 11 3 38 33 104 52 149 241 298 327 277 314
1 6 8 59 132 294 277 314
1 7 1 32 33 105 200 277 314
1 3 6 277 314
1 4 1 33 97 33
1 6 1 33 126 223 92 173
1 3 1 33 119
1 4 1 33 97 33
1 3 1 33 119
1 5 1 33 294 277 314
1 3 23 87 33
1 3 23 87 33
1 3 23 87 33
1 3 23 87 33
1 4 1 33 97 33
1 4 1 33 97 33
1 4 28 287 318 88
1 3 23 87 33
1 3 29 92 92
1 6 1 33 97 33 97 33
1 6 1 33 97 33 97 33
1 8 19 132 226 232 97 33 98 98
1 7 1 33 97 33 98 97 32
1 4 1 33 97 33
1 4 1 33 112 71
1 5 1 33 98 97 178
1 13 2 104 52 147 192 322 339 347 352 357 364 372 376
1 9 16 72 159 159 159 159 159 159 159
1 4 1 33 97 33
1 3 1 34 127
1 13 5 43 33 294 322 339 347 352 357 364 372 376 377
1 4 1 33 97 33
1 6 15 68 88 99 186 215
1 3 1 33 98
1 4 1 33 97 33
1 3 1 33 98
1 5 7 52 33 97 33
1 4 7 52 33 114
1 5 8 56 33 108 205
1 7 4 42 132 99 183 33 99
1 6 1 33 100 267 33 99
1 9 4 42 132 99 183 33 99 271 185
1 5 1 33 108 64 155
1 4 1 33 100 188
1 4 4 188 183 33
1 6 17 73 33 103 192 277
1 8 8 56 33 100 188 272 192 277
1 12 5 46 138 322 339 347 352 357 364 372 376 377
1 5 1 33 98 104 197
1 10 5 46 138 322 339 347 353 364 372 376
1 3 11 64 155
1 3 11 64 155
1 4 1 33 97 33
1 4 1 33 97 33
1 4 1 33 98 97
1 4 1 33 97 33
1 7 1 33 97 33 103 192 277
1 10 18 75 339 347 352 357 364 372 376 377
1 12 5 46 138 322 339 347 352 357 364 372 376 377
1 5 5 142 70 236 357
1 6 6 48 142 70 236 357
1 3 16 70 64
1 3 6 48 141
1 6 6 48 142 70 236 357
1 4 6 48 143 238
1 12 5 46 138 322 339 347 352 357 364 372 376 377
1 4 16 70 64 155
1 4 5 141 237 64
1 6 6 48 46 139 237 64
1 5 6 48 140 236 357
1 5 6 48 141 237 64
1 5 6 48 140 236 357
1 3 5 192 277
1 12 5 46 138 322 339 347 352 357 364 372 376 377
1 3 1 33 121
1 14 5 45 135 148 138 322 339 347 352 357 364 372 376 377
1 10 26 90 171 254 310 91 169 253 308 333
1 15 1 33 103 46 138 322 339 347 352 357 363 314 372 376 377
1 5 1 174 258 311 335
1 8 1 33 97 33 97 33 97 33
1 3 1 33 180
1 6 1 33 97 33 103 193
1 3 11 64 364
1 3 1 33 98
1 6 1 33 103 192 277 314
1 5 6 49 49 49 49
1 3 1 33 124
1 3 25 89 33
1 5 1 33 104 198 282
1 5 1 33 104 198 282
1 3 1 33 125
1 3 24 88 104
1 3 1 33 98
1 3 1 33 113
1 3 7 54 150
1 3 6 49 144
1 6 2 98 98 97 33 113
1 15 14 259 33 97 33 98 98 98 97 179 93 180 259 33 119
1 25 2 180 259 33 98 98 98 98 97 32 33 98 97 33 180 259 33 98 117 132 226 174 259 33 119
1 10 1 32 33 98 180 260 180 260 98 119
1 7 31 94 98 97 33 116 239
1 28 2 97 33 180 260 98 182 266 98 97 33 97 33 180 259 33 97 174 260 295 324 174 260 97 33 97 33 119
1 14 1 33 98 98 98 98 97 32 33 98 117 219 232 98
1 3 2 98 98
1 22 2 98 98 98 97 33 98 97 174 260 98 98 98 180 260 318 88 97 33 97 33 119
1 15 1 174 260 97 174 259 33 97 174 260 98 98 180 260 98
1 23 2 98 98 180 260 97 33 180 260 97 174 257 132 98 98 37 93 98 97 32 33 97 176
1 15 2 180 259 33 318 88 97 33 180 260 98 98 98 98 98
1 21 2 98 98 97 33 98 97 33 97 174 260 98 98 97 33 180 260 98 97 33 119
1 11 2 98 98 98 98 98 97 33 98 181 265
1 4 14 259 33 98
1 3 2 98 113
1 14 2 37 93 98 98 97 33 180 260 295 325 259 33 119
1 15 14 260 98 97 33 97 33 98 97 33 180 260 97 33 37
1 22 2 98 98 98 98 98 97 33 97 33 98 98 318 88 180 260 97 33 97 33 180 263
1 6 2 180 260 98 98 104
1 26 30 93 180 261 312 207 42 133 230 98 97 33 98 98 97 33 98 98 98 98 180 264 93 98 97 176
1 9 2 98 98 97 33 98 98 98 119
1 5 14 260 98 98 104
1 25 1 33 98 98 98 182 266 98 98 97 174 262 259 33 98 97 33 97 33 37 93 98 318 146 263
1 11 2 98 98 180 260 98 98 98 98 180 263
1 23 2 98 98 97 174 260 98 180 259 33 98 180 259 33 97 33 98 98 97 33 97 174 263
1 14 2 97 33 97 33 97 33 98 98 180 262 259 33 98
1 25 2 98 97 33 98 295 287 98 98 98 97 33 180 260 97 33 97 33 98 98 98 295 324 33 119
1 6 2 180 260 98 98 98
1 23 19 132 117 132 180 260 97 33 97 33 98 97 33 97 174 260 97 33 180 259 33 180 263
1 5 14 260 295 287 98
1 23 28 287 98 180 260 98 97 32 33 98 98 97 174 259 33 98 97 33 97 33 97 33 119
1 10 14 259 33 98 98 97 33 98 180 263
1 7 31 96 259 33 98 98 97
1 10 1 35 128 37 93 112 71 128 104 198
1 6 31 94 98 97 33 98
1 23 2 98 98 98 98 98 97 174 259 32 174 260 98 37 93 97 33 98 97 33 98 97 176
1 12 14 260 180 260 98 97 177 88 98 180 260 119
1 4 2 180 260 98
1 25 2 98 98 97 33 98 97 33 97 33 98 97 174 259 33 98 97 33 97 33 104 52 33 98 119
1 19 2 180 259 32 32 33 98 180 259 174 260 117 132 98 180 260 97 32 33
1 6 19 80 164 247 305 215
1 6 19 219 232 104 199 283
1 5 19 78 192 278 315
1 10 19 79 55 132 226 232 97 147 192 277
1 3 5 192 277
1 5 19 219 232 97 33
1 4 19 78 192 277
1 7 8 56 33 105 59 132 227
1 4 6 50 145 88
1 4 1 33 97 33
1 8 7 52 33 103 192 278 315 336
1 4 6 278 315 336
1 4 16 69 52 33
1 4 1 33 97 33
1 3 1 36 132
1 8 1 33 97 33 104 198 138 277
1 4 1 33 97 33
1 4 19 132 226 232
1 5 1 33 100 42 133
1 3 1 33 117
1 4 1 33 97 33
1 4 1 33 97 33
1 4 1 33 117 132
1 3 1 33 117
1 8 7 52 33 117 79 196 192 277
1 4 31 95 52 33
1 4 19 81 219 232
1 3 19 81 81
1 3 19 81 81
1 4 19 81 219 232
1 7 19 81 81 165 239 55 219
1 11 9 60 153 242 300 329 342 349 354 360 369
1 3 7 52 33
1 4 1 33 100 42
1 5 19 79 55 132 117
1 6 8 56 33 103 192 277
1 10 18 75 339 347 352 357 364 372 376 377
1 16 1 33 104 196 46 138 322 339 347 352 357 364 372 376 377 378
1 13 5 46 138 322 339 347 352 357 363 314 372 376 377
1 12 5 44 294 322 339 347 352 357 364 372 376 377
1 3 1 33 97
1 8 1 33 110 207 285 258 311 335
1 7 3 39 130 224 289 320 338
1 3 7 55 152
1 3 5 192 277
1 3 7 55 151
