771 271
1 3 1 59 2
1 4 1 59 1 32
1 5 1 1 59 1 1
1 6 3 59 59 2 3 60
1 5 1 59 59 213 435
1 4 3 59 213 436
1 2 214 441
1 6 59 212 2 1 59 2
1 7 3 59 59 212 3 59 59
1 5 2 1 59 215 654
1 4 2 5 59 6
1 3 6 3 59
1 3 6 6 88
1 9 6 59 212 3 65 3 59 2 45
1 9 1 59 212 59 212 59 65 243 3
1 4 2 3 59 217
1 6 3 6 3 59 212 422
1 4 3 59 2 46
1 4 3 59 2 6
1 5 3 59 2 6 89
1 4 3 59 212 59
1 4 2 3 59 219
1 2 9 102
1 3 59 222 457
1 3 3 59 457
1 3 59 222 457
1 2 213 435
1 5 2 5 59 212 421
1 3 3 59 224
1 4 5 59 225 471
1 3 15 59 214
1 3 59 5 59
1 7 14 59 1 3 59 59 224
1 3 3 59 224
1 5 59 14 59 59 2
1 5 1 59 1 59 2
1 6 2 1 1 1 59 2
1 6 2 5 59 59 1 2
1 3 3 59 224
1 3 3 59 225
1 2 225 469
1 5 1 59 212 2 59
1 2 3 68
1 2 10 106
1 2 10 105
1 4 3 59 59 228
1 4 13 59 59 2
1 5 59 59 59 2 59
1 4 3 59 5 81
1 4 59 212 59 2
1 3 3 59 59
1 2 14 127
1 1 8
1 2 14 124
1 5 3 3 59 1 2
1 4 3 59 230 480
1 2 214 442
1 4 3 59 457 660
1 4 3 59 222 457
1 3 3 59 224
1 7 15 59 212 3 3 59 2
1 4 15 59 212 428
1 5 1 1 59 2 3
1 3 3 59 1
1 3 3 59 59
1 3 59 212 2
1 4 1 3 59 2
1 3 59 2 46
1 3 59 1 222
1 3 3 59 2
1 4 3 59 59 59
1 3 1 3 59
1 3 1 1 59
1 3 3 1 33
1 4 1 59 213 438
1 3 59 225 59
1 5 1 2 3 6 6
1 3 3 59 1
1 3 5 59 2
1 3 1 59 59
1 2 13 118
1 3 59 65 250
1 2 59 226
1 2 13 121
1 2 1 35
1 2 13 121
1 5 3 59 2 1 1
1 3 3 59 212
1 4 6 59 212 1
1 2 6 87
1 2 6 91
1 2 6 93
1 5 6 6 59 1 38
1 3 1 1 3
1 3 15 59 457
1 3 59 212 1
1 2 15 136
1 5 1 59 1 59 59
1 6 3 59 1 59 212 2
1 8 3 59 212 59 212 59 212 59
1 3 59 59 224
1 7 2 3 59 59 212 2 59
1 5 2 3 59 212 2
1 4 3 59 212 423
1 3 59 212 429
1 3 59 224 464
1 4 3 59 212 429
1 3 5 59 214
1 5 3 59 212 3 74
1 2 14 130
1 5 3 59 212 3 222
1 4 3 59 59 2
1 4 3 59 1 2
1 2 11 110
1 8 59 1 59 2 6 59 6 90
1 3 2 3 59
1 8 14 59 212 59 212 59 212 425
1 3 3 59 222
1 2 2 48
1 7 2 59 2 3 59 2 53
1 3 59 59 1
1 4 3 59 213 434
1 4 3 59 1 36
1 5 1 59 2 1 36
1 3 59 2 59
1 3 2 53 205
1 2 15 139
1 3 3 222 458
1 3 59 212 423
1 2 13 117
1 3 3 222 457
1 2 222 458
1 3 1 2 43
1 6 1 59 2 59 2 1
1 3 3 59 212
1 4 14 3 222 458
1 2 3 73
1 9 3 59 2 1 59 212 2 53 204
1 4 6 2 215 447
1 2 2 52
1 3 2 3 62
1 4 3 59 2 53
1 1 19
1 2 2 42
1 3 1 59 212
1 6 3 59 1 1 1 59
1 3 225 59 214
1 4 3 59 225 59
1 3 3 59 227
1 5 6 53 215 448 654
1 4 3 3 59 6
1 5 6 59 215 448 654
1 7 6 2 3 59 215 448 654
1 4 3 59 1 59
1 7 6 2 3 59 212 59 222
1 8 3 59 6 6 53 215 448 654
1 1 12
1 2 6 88
1 3 59 59 59
1 3 3 59 224
1 2 14 126
1 4 24 372 161 377
1 3 24 160 372
1 3 59 215 449
1 2 14 124
1 3 24 161 376
1 1 20
1 1 4
1 4 1 59 59 25
1 2 6 95
1 2 3 74
1 3 6 654 807
1 1 4
1 3 59 59 25
1 3 24 372 161
1 2 1 35
1 3 24 160 372
1 3 6 53 207
1 10 3 59 212 59 212 59 24 160 372 161
1 3 24 160 372
1 8 3 3 3 59 212 59 24 156
1 4 59 59 24 156
1 1 21
1 2 14 129
1 5 3 59 59 230 481
1 2 14 134
1 2 24 162
1 2 59 229
1 2 3 67
1 3 3 59 229
1 4 3 59 14 131
1 2 24 162
1 2 230 482
1 5 3 59 59 230 482
1 5 24 160 372 222 460
1 2 14 130
1 4 14 59 212 430
1 2 65 252
1 3 3 59 235
1 6 59 1 59 24 372 592
1 2 25 165
1 3 59 222 457
1 3 59 212 427
1 6 24 160 372 222 457 662
1 1 26
1 5 13 59 24 372 593
1 2 25 165
1 2 14 132
1 6 6 2 59 215 25 167
1 1 17
1 2 6 93
1 5 59 1 59 25 166
1 1 22
1 4 3 59 224 465
1 6 24 160 372 222 457 662
1 3 13 59 230
1 2 14 133
1 4 13 59 25 166
1 5 24 372 222 457 661
1 3 59 222 459
1 6 24 160 372 222 457 662
1 3 3 59 230
1 4 24 160 372 591
1 4 59 59 212 430
1 6 24 160 372 222 457 662
1 1 26
1 3 1 65 247
1 5 24 160 372 222 459
1 4 5 59 161 378
1 2 5 85
1 2 3 75
1 3 24 160 372
1 3 6 654 807
1 4 3 59 161 378
1 7 5 59 24 160 372 161 378
1 3 6 654 807
1 3 3 59 233
1 5 59 24 372 161 374
1 4 3 59 24 156
1 4 6 654 807 924
1 8 3 59 212 59 24 160 372 161
1 1 21
1 3 59 224 467
1 3 24 160 372
1 2 27 172
1 4 24 160 372 161
1 1 28
1 2 27 173
1 8 59 212 59 59 212 1 65 251
1 4 3 59 24 157
1 2 6 96
1 3 3 59 224
1 4 59 24 160 372
1 2 6 94
1 2 6 94
1 6 3 59 24 160 372 161
1 2 25 169
1 3 24 160 372
1 3 3 59 224
1 2 65 251
1 2 27 173
1 5 59 24 372 161 377
1 5 3 59 24 161 378
1 4 59 59 212 431
1 4 24 160 372 161
1 3 59 24 157
1 4 59 1 59 25
1 3 24 372 593
1 5 1 59 24 372 593
1 4 3 59 65 251
1 2 11 113
1 2 14 124
1 3 6 654 807
1 2 25 168
1 4 59 59 224 466
1 5 24 160 372 161 379
1 4 3 59 59 161
1 2 24 156
1 6 3 59 212 59 161 377
1 3 3 59 161
1 5 3 59 59 224 467
1 3 24 160 372
1 3 6 654 807
1 8 1 59 24 160 372 161 378 599
1 2 1 34
1 4 1 59 218 452
1 2 65 246
1 3 59 218 453
1 3 25 25 25
1 2 13 123
1 3 25 25 25
1 3 25 25 163
1 3 25 25 25
1 2 214 445
1 3 25 25 25
1 3 25 25 25
1 3 25 25 25
1 3 25 25 25
1 3 25 25 25
1 3 25 25 25
1 3 25 25 25
1 5 3 59 24 161 378
1 3 3 59 161
1 2 24 154
1 2 59 226
1 5 1 59 24 161 378
1 3 25 25 25
1 2 9 101
1 2 24 159
1 3 59 24 161
1 2 9 104
1 5 1 59 24 160 373
1 3 59 215 449
1 5 1 59 24 161 375
1 1 7
1 3 1 59 161
1 3 59 212 421
1 4 1 59 24 157
1 1 7
1 3 24 161 380
1 2 11 108
1 1 21
1 2 11 112
1 2 11 109
1 3 59 24 161
1 2 14 126
1 5 14 3 59 161 375
1 2 214 445
1 3 59 24 153
1 2 6 95
1 2 6 94
1 4 1 59 24 161
1 3 6 654 807
1 2 25 163
1 2 13 123
1 3 14 3 59
1 4 3 59 212 59
1 3 3 59 457
1 7 1 59 59 212 59 2 3
1 2 214 441
1 5 14 3 59 212 425
1 5 59 59 212 59 222
1 2 10 105
1 5 5 59 212 59 212
1 4 59 1 2 3
1 3 3 59 232
1 5 15 59 225 3 66
1 5 3 59 212 59 59
1 3 1 59 2
1 4 3 59 214 443
1 4 3 5 59 227
1 3 59 213 437
1 3 3 59 222
1 5 59 59 212 59 2
1 3 5 59 2
1 4 3 3 59 233
1 3 15 59 2
1 3 1 59 2
1 3 59 222 455
1 4 3 59 212 2
1 2 59 227
1 3 2 3 74
1 4 1 3 59 225
1 4 1 1 222 461
1 3 1 222 461
1 1 16
1 4 1 59 212 59
1 2 222 461
1 5 3 59 2 59 59
1 7 59 2 3 59 1 3 59
1 2 213 434
1 2 225 468
1 5 1 59 59 59 212
1 2 3 62
1 3 15 59 212
1 3 1 3 59
1 2 214 442
1 3 15 59 212
1 4 1 3 59 214
1 3 2 3 68
1 2 15 139
1 5 3 59 222 457 660
1 3 225 3 69
1 3 3 59 212
1 2 2 47
1 3 1 222 457
1 3 222 457 457
1 3 2 1 36
1 4 3 59 59 212
1 5 2 59 59 2 55
1 4 2 59 2 1
1 4 2 1 2 1
1 3 3 59 214
1 5 2 3 59 2 46
1 2 2 42
1 4 2 1 2 55
1 4 2 1 2 55
1 2 225 470
1 5 1 1 1 1 41
1 4 3 59 222 457
1 4 3 59 222 457
1 5 2 3 59 222 457
1 5 3 59 212 59 457
1 4 3 59 457 457
1 3 3 59 457
1 4 3 59 457 457
1 3 3 59 59
1 4 3 59 212 3
1 3 3 59 1
1 2 13 118
1 4 3 59 59 212
1 3 59 5 3
1 4 59 212 3 1
1 6 3 3 1 59 1 59
1 5 1 59 212 59 1
1 5 3 59 212 59 212
1 3 59 212 59
1 7 2 3 59 59 2 3 59
1 1 23
1 5 6 2 215 448 654
1 2 14 125
1 3 3 59 236
1 2 1 37
1 2 65 249
1 2 27 171
1 2 11 112
1 2 9 103
1 2 27 171
1 5 6 2 215 448 654
1 2 59 236
1 5 6 2 53 215 446
1 3 24 160 371
1 5 65 3 59 14 125
1 2 213 439
1 4 3 59 218 452
1 1 26
1 1 26
1 2 11 110
1 4 3 59 59 1
1 7 6 2 1 59 215 448 654
1 7 6 2 3 59 215 448 654
1 5 2 59 6 3 63
1 3 6 2 57
1 4 6 2 1 34
1 9 3 59 212 59 6 2 215 448 654
1 2 11 110
1 5 1 3 59 213 437
1 3 59 59 223
1 3 3 59 223
1 3 2 6 92
1 5 3 6 53 215 446
1 6 6 2 59 215 448 654
1 3 2 3 59
1 4 6 2 215 654
1 2 3 61
1 4 6 2 215 654
1 6 3 59 6 2 59 234
1 5 6 2 1 59 216
1 4 6 2 215 654
1 6 3 6 2 59 215 654
1 5 6 2 215 448 654
1 6 2 59 6 215 448 654
1 7 59 6 2 59 215 448 654
1 8 3 59 6 2 3 59 215 654
1 6 6 2 53 215 448 654
1 3 6 2 54
1 1 20
1 2 65 245
1 7 2 3 59 6 2 53 206
1 4 59 212 59 232
1 1 19
1 5 1 59 212 59 232
1 4 3 59 218 452
1 6 2 6 59 215 448 654
1 6 6 2 59 215 448 654
1 2 59 233
1 7 15 59 1 2 3 59 212
1 3 3 59 224
1 2 15 135
1 3 14 59 214
1 4 3 59 212 59
1 2 59 226
1 4 3 59 457 457
1 10 59 59 212 59 212 59 1 59 212 59
1 2 3 62
1 4 59 212 59 222
1 6 3 59 212 59 457 457
1 7 3 59 212 59 2 3 59
1 2 3 71
1 11 13 59 212 3 59 2 3 59 212 59 2
1 4 1 59 14 128
1 4 59 59 212 424
1 7 59 212 59 212 59 59 224
1 4 59 59 5 59
1 6 1 1 59 59 2 3
1 4 59 212 59 59
1 5 5 59 1 59 214
1 5 59 2 3 1 59
1 8 3 59 2 3 59 212 59 2
1 7 59 212 59 2 3 59 2
1 3 3 59 212
1 3 3 59 224
1 4 2 3 59 14
1 3 225 3 59
1 9 2 3 59 212 59 6 215 448 654
1 7 6 2 3 59 215 25 167
1 7 6 2 3 59 215 448 654
1 2 2 45
1 6 2 3 59 6 3 63
1 4 2 3 59 59
1 1 18
1 3 5 59 231
1 4 3 59 212 59
1 3 3 59 223
1 3 3 59 214
1 3 3 59 1
1 5 2 3 59 218 451
1 6 3 59 212 2 59 212
1 1 20
1 2 213 435
1 6 225 3 59 225 3 59
1 3 3 59 212
1 6 225 59 212 59 212 59
1 4 2 3 59 212
1 5 2 3 59 212 59
1 2 213 433
1 4 3 59 222 456
1 5 1 59 65 243 496
1 6 1 3 59 212 1 59
1 3 3 59 59
1 3 1 59 212
1 3 1 59 211
1 4 59 212 3 59
1 1 12
1 3 1 59 457
1 3 14 3 59
1 2 1 33
1 3 59 212 418
1 8 59 1 59 2 59 2 5 86
1 5 6 53 215 448 654
1 5 1 59 59 212 59
1 3 59 212 1
1 3 59 214 441
1 3 3 59 226
1 3 3 59 214
1 7 59 59 5 59 6 2 43
1 3 1 59 212
1 2 10 107
1 3 3 59 24
1 2 11 110
1 1 30
1 2 214 440
1 5 3 59 5 59 59
1 2 214 444
1 4 1 3 59 1
1 4 3 59 222 457
1 5 2 5 59 222 457
1 2 13 120
1 3 5 59 457
1 3 59 222 457
1 1 12
1 4 3 3 59 2
1 3 1 59 225
1 5 2 3 59 212 59
1 8 2 3 59 6 53 215 448 654
1 1 19
1 8 14 3 59 225 3 59 24 158
1 4 3 1 59 24
1 10 1 59 2 3 59 2 3 59 212 420
1 4 3 59 59 24
1 4 3 59 24 155
1 9 3 59 2 3 59 212 59 1 39
1 11 1 59 212 59 1 59 1 59 59 212 59
1 8 59 6 2 3 59 215 448 654
1 5 59 6 215 448 654
1 3 59 212 430
1 8 3 59 1 59 212 59 1 39
1 3 3 59 24
1 4 14 59 212 430
1 3 59 212 59
1 2 15 136
1 3 3 59 24
1 3 3 59 24
1 2 3 70
1 3 3 59 457
1 3 14 59 225
1 3 59 59 232
1 3 15 59 2
1 4 3 59 212 59
1 6 1 59 212 59 59 2
1 3 3 59 59
1 4 59 212 59 2
1 1 12
1 4 13 59 1 1
1 4 3 59 212 426
1 5 15 59 59 2 59
1 4 3 59 59 59
1 3 6 215 654
1 3 3 59 222
1 3 3 59 2
1 3 59 2 47
1 5 6 53 215 448 654
1 5 2 1 59 222 457
1 7 59 2 6 53 215 448 654
1 7 59 2 6 53 215 448 654
1 3 3 59 59
1 2 11 111
1 3 3 59 213
1 14 3 59 212 65 3 59 5 3 59 59 59 59 59 59
1 3 14 59 238
1 9 59 65 3 59 212 3 59 59 5
1 7 59 212 3 3 3 3 68
1 4 59 59 59 59
1 8 65 3 59 59 212 3 59 237
1 3 3 59 59
1 2 15 135
1 6 2 1 2 59 2 50
1 17 3 59 59 212 59 1 59 1 3 59 1 1 1 59 212 1 59
1 8 1 59 225 59 225 3 59 220
1 14 3 59 2 3 59 2 1 59 2 6 53 215 448 654
1 8 3 59 2 3 3 59 2 51
1 4 3 59 213 433
1 2 213 437
1 2 15 137
1 4 15 59 2 50
1 11 3 59 59 212 59 212 59 212 1 59 59
1 8 5 59 212 3 59 1 59 212
1 3 3 59 1
1 4 1 2 3 3
1 5 5 59 59 5 84
1 5 59 212 59 213 434
1 4 59 212 3 1
1 5 3 59 212 59 212
1 3 3 59 1
1 7 59 59 59 212 59 212 432
1 9 1 59 212 3 3 3 3 222 456
1 16 3 59 212 65 243 3 3 3 65 243 3 59 212 59 212 423
1 8 1 1 59 212 3 3 3 77
1 3 59 225 468
1 7 14 3 65 3 59 212 419
1 8 3 59 212 59 5 3 59 222
1 3 59 2 58
1 5 3 1 65 243 497
1 8 65 3 59 212 3 65 243 496
1 5 3 3 65 243 3
1 2 222 462
1 4 3 59 212 59
1 2 222 462
1 6 3 3 65 3 3 59
1 4 3 3 59 212
1 11 1 3 1 65 3 3 59 212 59 212 65
1 8 3 3 65 3 59 212 59 222
1 7 3 3 59 212 59 212 65
1 3 3 3 71
1 5 65 3 59 212 419
1 4 3 65 3 59
1 4 3 3 3 71
1 2 222 456
1 8 14 3 65 3 59 59 212 419
1 3 3 59 212
1 8 3 65 243 3 3 5 3 76
1 3 59 1 59
1 2 59 216
1 3 3 59 216
1 2 230 483
1 2 230 483
1 2 230 483
1 2 230 483
1 1 8
1 4 6 2 53 206
1 9 3 65 243 3 59 212 3 3 3
1 5 6 2 215 448 654
1 6 6 2 59 215 25 164
1 2 3 76
1 3 6 2 56
1 13 3 3 65 3 59 59 5 3 3 3 3 5 82
1 8 3 3 65 3 59 212 3 3
1 4 6 2 215 654
1 5 1 3 3 65 243
1 4 2 59 212 420
1 7 3 3 65 243 3 3 66
1 3 6 2 44
1 14 59 59 212 3 3 65 243 3 3 5 3 3 3 3
1 2 15 138
1 3 6 2 49
1 1 29
1 6 6 2 53 215 25 167
1 12 3 65 3 59 5 3 3 3 3 5 59 212
1 2 15 139
1 2 13 122
1 4 3 59 212 426
1 4 3 59 59 237
1 3 14 3 76
1 2 3 76
1 7 65 243 3 3 3 3 70
1 3 1 3 71
1 10 3 3 65 243 3 5 3 3 3 3
1 5 3 65 243 3 3
1 10 3 3 3 65 243 3 3 3 3 3
1 3 6 2 44
1 4 6 2 1 40
1 3 59 59 65
1 3 5 59 237
1 2 9 103
1 3 3 65 3
1 3 3 59 65
1 3 3 59 214
1 2 65 248
1 1 29
1 1 31
1 4 6 2 3 78
1 3 2 6 654
1 13 3 1 65 3 3 59 212 3 5 3 59 212 419
1 3 59 212 418
1 2 1 35
1 3 3 3 65
1 5 3 1 222 457 660
1 5 59 212 65 3 3
1 7 14 3 6 2 215 448 654
1 5 3 5 3 65 3
1 4 3 59 5 83
1 3 6 2 49
1 4 6 2 215 654
1 9 59 212 59 59 212 3 65 3 3
1 5 3 3 59 212 65
1 5 13 59 212 65 3
1 5 1 59 65 3 6
1 4 6 2 215 654
1 7 3 3 59 212 3 65 244
1 2 13 119
1 3 3 59 25
1 4 59 212 65 3
1 2 59 227
1 7 2 3 59 6 215 448 654
1 4 6 2 3 64
1 4 6 2 3 63
1 8 3 59 1 3 3 5 3 3
1 6 13 59 1 3 3 65
1 8 14 3 59 5 3 3 65 3
1 5 6 2 215 25 167
1 4 59 212 3 65
1 6 6 2 59 215 25 164
1 4 3 3 3 65
1 4 3 5 3 65
1 3 3 5 83
1 4 1 59 1 59
1 2 14 124
1 5 59 212 3 59 220
1 1 16
1 4 3 59 457 660
1 2 59 228
1 6 3 59 222 457 660 813
1 4 59 14 3 72
1 2 2 47
1 4 3 59 212 420
1 3 1 59 59
1 4 14 59 59 212
1 2 1 32
1 5 3 59 222 457 660
1 3 6 6 6
1 6 3 59 222 457 660 814
1 5 2 5 59 222 457
1 2 6 93
1 5 3 5 3 3 65
1 4 225 59 59 221
1 2 9 102
1 4 6 3 59 457
1 5 2 3 59 222 457
1 5 3 59 222 457 660
1 2 14 127
1 4 1 1 1 3
