789 269
1 6 1 35 2 1 3 70
1 5 4 4 35 4 4
1 5 35 4 35 194 414
1 6 1 35 35 3 1 3
1 6 4 35 35 5 1 39
1 3 1 35 1
1 3 1 35 35
1 3 193 35 1
1 6 1 35 1 35 1 38
1 5 3 1 35 6 35
1 4 3 7 35 6
1 2 6 100
1 2 6 103
1 9 4 35 1 35 1 35 40 224 463
1 4 3 1 35 196
1 4 1 35 3 72
1 4 1 35 3 6
1 5 1 35 3 6 104
1 2 9 131
1 3 35 200 424
1 4 5 1 35 201
1 5 3 7 35 1 43
1 4 4 35 1 35
1 3 1 35 202
1 3 3 4 86
1 5 35 35 4 35 3
1 4 7 35 194 417
1 3 14 35 193
1 3 35 7 35
1 7 2 35 4 1 35 35 202
1 3 1 35 202
1 5 35 2 35 35 3
1 5 4 35 4 35 3
1 5 3 35 35 1 3
1 3 4 35 35
1 6 3 7 35 35 4 3
1 3 1 35 202
1 3 1 35 194
1 2 194 416
1 2 1 44
1 2 424 610
1 2 424 611
1 4 4 1 35 202
1 4 1 35 35 203
1 4 13 35 35 3
1 4 1 35 7 112
1 4 35 1 35 3
1 3 1 35 35
1 6 2 1 35 200 424 613
1 2 2 61
1 3 7 35 3
1 2 2 59
1 5 1 1 35 4 3
1 3 193 35 1
1 4 1 35 204 437
1 3 1 35 424
1 4 4 1 35 3
1 4 7 1 35 200
1 4 1 35 424 613
1 4 1 35 1 200
1 4 1 35 200 424
1 3 1 35 202
1 7 14 35 1 1 1 35 3
1 4 14 35 1 47
1 5 4 4 35 3 1
1 3 1 35 4
1 3 1 35 35
1 3 35 1 3
1 4 1 35 35 1
1 4 4 1 35 3
1 3 1 35 3
1 3 35 4 88
1 3 1 35 3
1 3 1 35 3
1 3 1 4 86
1 4 4 35 5 98
1 3 35 194 35
1 5 4 3 1 6 103
1 3 1 35 4
1 3 7 35 3
1 3 4 35 35
1 3 4 4 1
1 2 13 143
1 3 35 40 229
1 3 35 13 148
1 3 35 35 13
1 2 13 148
1 3 4 6 101
1 1 15
1 2 13 148
1 5 1 35 3 4 4
1 3 1 35 1
1 4 6 35 1 4
1 2 6 101
1 3 6 35 1
1 2 6 106
1 2 6 107
1 2 6 101
1 2 6 103
1 3 4 4 1
1 3 35 1 4
1 6 1 35 4 35 1 3
1 8 1 35 1 35 1 35 1 35
1 3 35 35 202
1 7 3 1 35 35 1 3 35
1 5 3 1 35 1 3
1 4 1 35 1 200
1 3 1 35 202
1 3 7 35 193
1 5 14 35 1 1 3
1 2 2 62
1 5 1 35 1 1 200
1 2 13 149
1 4 1 35 35 3
1 4 1 35 4 3
1 5 1 14 35 1 3
1 4 4 35 35 195
1 2 10 134
1 6 4 35 5 1 35 195
1 8 35 4 35 3 6 35 6 105
1 8 1 35 35 6 78 79 282 507
1 3 3 1 35
1 8 2 35 1 35 1 35 1 37
1 2 6 100
1 2 3 71
1 7 3 35 3 1 35 3 78
1 3 35 35 4
1 3 35 35 202
1 2 4 87
1 3 35 3 35
1 3 3 78 276
1 7 3 1 3 35 35 35 206
1 3 2 35 424
1 2 14 156
1 4 35 1 200 425
1 2 13 144
1 3 1 200 424
1 2 200 425
1 3 4 3 70
1 6 4 35 3 35 3 4
1 3 1 35 1
1 4 2 1 200 425
1 2 1 51
1 9 1 35 3 4 35 1 3 78 277
1 4 6 3 79 283
1 3 1 35 200
1 2 3 77
1 7 4 35 3 4 35 3 78
1 3 3 1 36
1 4 1 35 3 78
1 1 23
1 3 4 35 1
1 6 1 35 4 4 4 35
1 3 194 35 193
1 4 1 35 194 35
1 3 1 35 14
1 5 6 78 79 282 507
1 4 1 1 35 6
1 1 25
1 7 6 3 1 35 79 282 507
1 6 5 1 35 6 35 5
1 4 1 35 4 35
1 4 1 35 6 103
1 4 2 1 35 424
1 2 12 142
1 3 35 2 59
1 3 35 35 35
1 3 1 35 202
1 2 2 60
1 4 6 3 1 48
1 5 211 643 789 26 180
1 3 211 453 643
1 4 4 35 35 453
1 2 6 110
1 2 1 48
1 3 6 507 686
1 1 22
1 3 35 35 453
1 3 4 6 104
1 1 21
1 3 211 453 643
1 6 1 35 211 643 789 26
1 2 6 109
1 10 1 35 1 35 1 35 211 453 643 789
1 3 211 453 643
1 8 1 1 1 35 1 35 211 448
1 4 35 35 211 448
1 2 2 57
1 5 1 35 35 204 438
1 2 2 66
1 2 35 212
1 2 1 42
1 2 8 128
1 3 1 35 212
1 4 1 35 2 63
1 2 211 454
1 1 16
1 1 18
1 5 1 35 35 204 439
1 5 211 453 643 200 428
1 2 2 67
1 2 2 62
1 5 211 453 643 789 903
1 2 8 127
1 2 26 178
1 3 35 200 424
1 6 211 453 643 200 424 615
1 5 13 35 211 643 790
1 2 26 178
1 4 35 13 35 214
1 2 2 64
1 7 6 3 35 79 453 282 507
1 3 35 40 228
1 2 6 111
1 3 13 35 789
1 2 6 107
1 2 13 151
1 1 20
1 4 1 35 202 433
1 6 211 453 643 200 424 615
1 3 13 35 204
1 2 2 65
1 4 13 35 453 641
1 5 211 643 200 424 614
1 3 35 200 426
1 3 1 35 204
1 6 211 453 643 200 424 615
1 1 28
1 4 211 453 643 787
1 4 35 35 1 52
1 2 8 125
1 6 211 453 643 200 424 615
1 3 4 40 227
1 4 7 35 789 903
1 3 211 453 643
1 2 7 116
1 2 1 52
1 4 4 35 789 903
1 3 211 453 643
1 3 6 507 686
1 4 1 35 789 903
1 4 211 453 643 788
1 7 7 35 211 453 643 789 903
1 3 6 507 686
1 3 1 35 206
1 5 35 211 643 789 900
1 4 1 35 211 448
1 4 6 507 686 825
1 8 1 35 1 35 211 453 643 789
1 1 19
1 3 35 202 435
1 3 211 453 643
1 1 29
1 4 211 453 643 789
1 1 30
1 1 29
1 4 1 35 211 450
1 2 8 126
1 3 1 35 202
1 4 35 211 453 643
1 2 6 109
1 3 211 643 789
1 2 6 109
1 4 35 211 643 792
1 2 26 181
1 2 35 210
1 3 211 453 643
1 1 25
1 3 1 35 202
1 3 211 643 791
1 2 8 126
1 1 29
1 6 35 211 643 789 26 26
1 5 1 35 211 789 903
1 4 35 35 1 53
1 4 211 453 643 789
1 3 35 211 450
1 5 4 35 211 789 26
1 4 35 4 35 453
1 3 211 643 790
1 5 4 35 211 643 790
1 4 4 35 453 645
1 2 10 136
1 2 2 59
1 3 6 507 686
1 2 6 108
1 2 26 180
1 4 35 35 202 434
1 1 22
1 1 31
1 4 1 35 35 789
1 4 35 453 643 789
1 5 35 211 643 789 902
1 6 1 35 1 35 789 26
1 3 1 35 789
1 5 1 35 35 202 435
1 3 211 453 643
1 3 6 507 686
1 5 35 79 453 643 789
1 3 6 507 686
1 2 8 120
1 8 35 4 35 211 453 643 789 901
1 7 4 35 211 643 789 26 179
1 8 4 35 211 453 643 789 903 980
1 2 4 91
1 3 4 35 197
1 2 8 123
1 2 13 150
1 3 26 26 26
1 3 26 26 177
1 3 26 26 26
1 2 193 413
1 3 26 26 26
1 3 26 26 26
1 3 26 26 26
1 3 26 26 26
1 3 26 26 26
1 2 26 177
1 3 26 26 26
1 3 26 26 26
1 5 1 35 211 789 903
1 3 1 35 789
1 2 211 447
1 3 26 26 26
1 2 9 129
1 2 211 452
1 3 35 211 789
1 2 9 132
1 5 4 35 211 453 644
1 5 4 35 211 789 901
1 2 4 93
1 1 11
1 1 11
1 3 35 1 43
1 4 4 35 211 450
1 1 11
1 3 211 789 904
1 1 19
1 2 10 133
1 2 2 60
1 5 2 1 35 789 901
1 2 193 413
1 3 35 211 789
1 3 35 211 449
1 2 6 110
1 2 6 109
1 4 4 35 211 789
1 3 6 507 686
1 2 26 177
1 2 13 150
1 3 2 1 35
1 4 1 35 1 35
1 4 7 35 424 613
1 3 193 35 1
1 5 2 1 35 1 37
1 5 35 35 1 35 200
1 2 424 611
1 7 13 35 35 1 35 209 443
1 3 1 35 209
1 5 14 35 194 1 41
1 5 1 35 1 35 35
1 3 4 35 3
1 12 35 3 4 1 35 14 35 6 78 79 282 507
1 4 1 35 193 411
1 11 1 7 35 14 35 3 6 78 79 282 507
1 3 1 35 200
1 5 35 35 1 35 3
1 3 14 35 3
1 3 1 35 35
1 3 4 35 3
1 3 35 200 422
1 4 35 14 35 3
1 3 3 1 48
1 4 4 1 35 194
1 2 4 88
1 4 4 35 1 35
1 1 15
1 4 4 35 1 35
1 2 200 429
1 9 1 35 4 35 4 4 40 224 466
1 7 35 3 1 35 4 1 35
1 2 5 95
1 2 194 414
1 5 4 35 35 35 1
1 3 1 35 1
1 2 1 36
1 2 193 410
1 3 14 35 1
1 3 14 35 1
1 4 4 1 35 193
1 3 3 1 44
1 2 14 156
1 5 1 35 200 424 613
1 3 194 1 37
1 2 3 73
1 2 4 88
1 2 3 75
1 3 200 424 424
1 3 3 4 89
1 4 1 35 35 1
1 5 3 35 35 3 81
1 4 3 35 3 4
1 3 1 35 193
1 5 3 1 35 3 72
1 2 3 69
1 4 3 4 3 81
1 4 3 4 3 81
1 2 194 415
1 5 4 4 4 4 92
1 4 1 35 200 424
1 4 1 35 200 424
1 4 1 35 200 424
1 5 3 1 35 200 424
1 5 1 35 1 35 424
1 4 1 35 424 424
1 3 1 35 424
1 4 1 35 424 424
1 3 1 35 35
1 4 1 35 1 1
1 3 1 35 4
1 2 13 143
1 4 1 35 35 1
1 6 35 1 35 35 35 193
1 3 35 7 1
1 3 13 35 1
1 4 35 1 1 4
1 3 1 35 4
1 5 4 35 1 35 4
1 5 1 35 1 35 1
1 3 35 1 35
1 7 3 1 35 35 3 1 35
1 1 24
1 2 2 58
1 3 1 35 213
1 2 4 87
1 2 8 121
1 1 29
1 2 10 135
1 2 9 130
1 5 6 3 79 282 507
1 2 35 213
1 2 10 134
1 5 6 3 78 79 281
1 4 3 1 35 200
1 2 8 118
1 2 5 99
1 1 28
1 1 28
1 4 1 35 35 4
1 7 6 3 4 35 79 282 507
1 7 6 3 1 35 79 282 507
1 3 6 3 83
1 4 3 35 6 101
1 9 1 35 1 35 6 3 79 282 507
1 2 10 134
1 5 4 1 35 5 97
1 3 1 35 201
1 3 3 6 102
1 5 1 6 78 79 281
1 6 6 3 35 79 282 507
1 3 3 1 35
1 3 6 3 80
1 6 35 6 3 35 79 507
1 4 6 3 79 507
1 4 6 3 78 279
1 2 1 38
1 4 6 3 79 507
1 6 1 35 6 3 35 207
1 5 6 3 4 35 208
1 6 3 6 78 79 282 507
1 4 6 3 79 507
1 6 1 6 3 35 79 507
1 5 6 3 79 282 507
1 7 35 6 3 35 79 282 507
1 8 1 35 6 3 1 35 79 507
1 1 21
1 3 1 35 4
1 5 6 3 35 79 507
1 2 8 122
1 5 35 1 35 209 444
1 1 23
1 6 4 35 1 35 209 444
1 3 1 35 197
1 5 6 3 4 35 208
1 6 6 3 35 79 282 507
1 2 35 206
1 4 35 35 35 35
1 7 14 35 4 3 1 35 1
1 3 1 35 202
1 3 2 35 193
1 4 1 35 1 35
1 3 35 13 147
1 6 4 35 1 35 3 70
1 4 1 35 424 424
1 10 35 35 1 35 1 35 4 35 1 35
1 4 35 1 35 200
1 6 1 35 1 35 424 424
1 4 14 35 1 45
1 7 1 35 1 35 3 1 35
1 4 1 14 35 424
1 7 2 1 35 200 424 613 764
1 11 13 35 1 1 35 3 1 35 1 35 3
1 5 1 35 35 14 35
1 7 35 1 35 1 35 35 202
1 4 35 35 7 35
1 6 4 4 35 35 3 1
1 5 35 1 35 3 72
1 4 35 1 35 35
1 5 7 35 4 35 193
1 5 35 3 1 4 35
1 8 1 35 3 1 35 1 35 3
1 7 35 1 35 3 1 35 3
1 3 1 35 1
1 3 1 35 202
1 4 3 1 35 2
1 3 194 1 35
1 7 3 1 35 1 35 6 108
1 2 3 74
1 5 3 1 35 6 100
1 4 3 1 35 35
1 1 17
1 3 7 35 205
1 4 2 1 35 212
1 4 1 35 1 35
1 3 1 35 201
1 7 1 35 6 3 79 282 507
1 3 1 35 193
1 3 1 35 4
1 4 3 1 35 197
1 6 1 35 1 3 35 1
1 1 21
1 5 5 1 35 1 39
1 6 194 1 35 194 1 35
1 6 35 1 1 35 35 35
1 4 1 35 3 4
1 3 1 35 1
1 6 194 35 1 35 1 35
1 4 3 1 35 1
1 5 3 1 35 1 35
1 2 5 96
1 4 1 35 200 423
1 5 4 35 40 224 464
1 6 4 1 35 1 4 35
1 3 1 35 35
1 3 4 35 1
1 3 35 5 95
1 3 4 35 216
1 2 12 140
1 3 4 35 424
1 3 2 1 35
1 3 35 1 36
1 8 35 4 35 3 35 3 7 117
1 5 6 78 79 282 507
1 5 4 35 35 1 35
1 5 13 35 1 14 157
1 3 35 193 35
1 3 1 35 13
1 3 1 35 193
1 3 193 35 193
1 7 35 35 7 35 6 3 70
1 2 424 612
1 3 1 35 211
1 1 28
1 2 10 134
1 5 1 35 7 35 35
1 2 193 412
1 4 14 35 200 424
1 4 4 35 200 424
1 4 2 35 7 35
1 4 4 1 35 4
1 4 1 35 200 424
1 4 4 3 1 35
1 5 3 7 35 200 424
1 2 13 146
1 3 7 35 424
1 3 35 200 424
1 2 12 141
1 8 1 14 35 1 35 4 1 4
1 3 35 1 35
1 4 1 1 35 3
1 3 1 35 193
1 3 4 35 194
1 4 2 1 35 3
1 3 1 1 35
1 5 3 1 35 1 35
1 1 23
1 8 2 1 35 194 1 35 211 451
1 4 1 4 35 211
1 14 4 35 3 1 35 3 1 35 1 6 78 79 282 507
1 4 1 35 35 211
1 4 1 35 211 446
1 13 4 35 1 35 1 35 4 35 1 1 35 4 35
1 9 1 35 3 1 35 1 35 4 85
1 11 4 35 1 35 4 35 4 35 35 1 35
1 8 35 6 3 1 35 79 282 507
1 3 35 6 108
1 3 35 1 52
1 3 1 35 211
1 2 13 143
1 4 2 35 1 52
1 3 35 1 35
1 2 14 152
1 3 1 35 211
1 3 1 35 211
1 8 1 2 1 2 35 35 2 61
1 3 1 35 424
1 3 2 35 194
1 3 35 35 209
1 3 1 35 35
1 4 35 1 35 3
1 2 12 141
1 4 35 35 3 4
1 4 13 35 4 4
1 5 14 35 35 3 35
1 4 1 35 35 35
1 7 35 1 35 35 3 78 278
1 3 1 35 194
1 3 2 35 209
1 5 6 78 79 282 507
1 5 3 4 35 200 424
1 7 35 3 6 78 79 282 507
1 7 35 3 6 78 79 282 507
1 4 1 35 35 3
1 3 1 35 35
1 3 2 35 217
1 9 4 40 1 1 1 35 1 7 35
1 9 35 40 1 35 1 1 35 35 7
1 4 35 35 35 35
1 5 35 40 1 2 35
1 8 1 40 1 35 1 35 1 35
1 6 4 6 78 79 282 507
1 3 1 35 35
1 2 14 153
1 6 3 4 3 35 3 68
1 17 1 35 35 1 35 4 35 4 1 35 4 4 4 35 1 4 35
1 8 4 35 194 35 194 1 35 198
1 18 4 35 194 1 4 35 194 1 4 35 194 35 194 1 1 35 194 415
1 14 1 35 3 1 35 3 4 35 3 6 78 79 282 507
1 8 1 35 3 1 1 35 3 76
1 2 5 97
1 2 14 154
1 2 2 59
1 9 4 35 3 1 6 78 79 282 507
1 11 1 35 35 1 35 1 35 1 4 35 35
1 3 1 35 4
1 4 4 3 1 1
1 5 7 35 35 7 113
1 5 35 35 4 1 35
1 2 424 611
1 3 13 35 1
1 3 35 1 1
1 4 35 1 1 4
1 4 194 35 202 432
1 3 1 35 4
1 2 3 76
1 7 35 35 35 1 35 1 56
1 2 5 95
1 10 1 1 1 40 224 463 1 35 35 3
1 3 35 3 84
1 2 14 155
1 3 1 3 35
1 5 1 4 40 224 465
1 4 3 1 35 35
1 2 8 118
1 5 1 1 40 224 463
1 2 200 430
1 6 1 1 1 1 35 217
1 4 1 35 1 35
1 15 1 1 40 1 35 40 1 1 35 1 1 1 1 35 1
1 4 1 40 224 464
1 3 1 14 155
1 8 1 1 40 1 35 1 35 200
1 7 1 1 35 1 35 1 40
1 4 1 40 1 35
1 9 2 1 40 1 35 35 1 7 1
1 4 1 1 14 155
1 9 1 40 1 1 35 1 35 1 1
1 3 1 35 1
1 3 35 4 35
1 3 1 35 208
1 1 16
1 1 16
1 1 16
1 1 33
1 4 6 3 78 279
1 9 1 1 40 224 463 1 1 1 1
1 6 6 3 79 453 282 507
1 5 1 40 224 463 654
1 5 6 3 79 282 507
1 13 1 1 1 1 1 40 224 463 1 7 1 1 35
1 6 6 3 35 79 453 642
1 3 6 3 82
1 13 1 1 40 1 35 35 7 1 1 1 1 7 114
1 4 6 3 79 507
1 4 6 3 79 507
1 5 4 1 1 40 224
1 7 1 1 40 224 463 1 41
1 3 6 3 80
1 14 35 35 1 1 1 40 224 463 1 7 1 1 1 1
1 6 6 3 79 453 282 507
1 2 14 155
1 6 6 3 79 453 282 507
1 4 35 1 14 152
1 1 32
1 7 6 3 78 79 453 282 507
1 12 1 40 1 35 7 1 1 1 1 7 35 1
1 2 14 156
1 11 1 40 1 35 1 1 1 1 1 1 2
1 8 1 1 40 224 463 1 1 2
1 3 2 1 55
1 2 1 55
1 2 194 418
1 4 4 1 14 152
1 6 1 1 40 224 463 655
1 5 1 40 224 463 1
1 2 8 119
1 10 1 1 1 40 224 463 1 1 1 1
1 3 6 3 80
1 4 6 3 1 49
1 4 35 1 40 1
1 4 6 3 4 90
1 3 35 35 40
1 3 7 35 215
1 3 1 40 1
1 3 1 35 40
1 3 1 35 193
1 2 8 124
1 11 1 1 1 1 1 40 224 463 1 1 2
1 1 32
1 1 27
1 14 1 1 1 40 1 1 35 1 1 7 1 1 35 1
1 1 34
1 4 6 3 1 54
1 3 3 6 507
1 13 1 4 40 1 1 35 1 1 7 1 35 1 7
1 9 1 35 35 35 35 7 1 40 1
1 2 1 37
1 3 35 1 36
1 5 4 6 3 78 280
1 3 1 4 88
1 5 35 1 40 1 1
1 7 2 1 6 3 79 282 507
1 3 35 200 424
1 3 6 3 75
1 5 13 35 1 40 1
1 5 4 6 3 79 507
1 5 4 35 40 1 6
1 4 6 3 79 507
1 7 1 1 35 1 1 40 226
1 2 13 145
1 3 1 35 453
1 3 35 14 158
1 3 1 7 115
1 5 3 1 35 6 108
1 4 194 1 40 225
1 4 6 3 1 50
1 4 6 3 1 49
1 8 1 35 4 1 1 7 1 1
1 6 13 35 4 1 1 40
1 6 6 3 79 453 282 507
1 4 35 1 1 40
1 4 1 1 1 40
1 3 35 1 40
1 4 1 7 1 40
1 4 4 35 4 35
1 5 35 1 1 35 198
1 2 35 203
1 4 35 2 1 46
1 2 3 73
1 4 1 35 1 6
1 3 1 35 193
1 2 200 427
1 4 35 1 35 4
1 3 4 35 35
1 4 2 35 35 1
1 5 1 35 1 35 35
1 2 4 94
1 5 1 35 200 424 613
1 6 1 35 200 424 613 765
1 2 6 107
1 5 1 7 1 1 40
1 4 194 35 35 199
1 2 9 131
1 5 5 1 35 1 35
1 2 6 100
1 5 3 1 35 200 424
1 5 1 35 200 424 613
1 2 2 61
1 4 4 4 4 1
