748 255
1 5 1 34 2 1 36
1 3 5 34 3
1 4 5 34 5 78
1 5 5 5 34 5 5
1 5 34 5 34 163 378
1 6 1 34 34 3 162 3
1 5 5 34 34 164 382
1 4 1 34 164 385
1 3 1 34 162
1 3 1 34 34
1 2 4 72
1 6 34 162 3 5 34 3
1 6 1 34 162 34 162 360
1 7 1 34 34 162 162 34 34
1 5 3 162 34 6 34
1 5 3 5 34 166 388
1 2 6 89
1 9 6 34 162 162 41 1 34 3 61
1 9 5 34 162 34 162 34 41 197 433
1 2 1 40
1 4 1 34 3 6
1 4 1 34 162 34
1 4 3 162 34 168
1 3 34 169 394
1 3 1 34 394
1 3 34 169 394
1 2 3 63
1 4 5 34 162 34
1 3 1 34 170
1 3 3 5 77
1 5 34 34 5 34 3
1 4 11 34 163 380
1 3 14 34 4
1 3 34 11 34
1 7 2 34 5 1 34 34 170
1 5 34 2 34 34 3
1 6 3 5 5 5 34 3
1 5 3 34 34 162 3
1 3 5 34 34
1 2 3 63
1 5 5 34 162 3 34
1 1 10
1 4 5 1 34 170
1 4 1 34 34 172
1 4 13 34 34 3
1 4 1 34 11 105
1 5 34 34 34 3 34
1 4 1 34 11 105
1 4 34 162 34 3
1 3 1 34 34
1 6 2 1 34 169 394 590
1 1 9
1 3 11 34 3
1 3 2 5 83
1 5 1 1 34 5 3
1 2 4 72
1 3 1 34 174
1 3 1 34 394
1 2 4 71
1 4 5 1 34 3
1 4 11 162 34 169
1 4 1 34 394 590
1 4 1 34 162 169
1 3 1 34 170
1 7 14 34 162 162 162 34 3
1 3 1 34 5
1 3 1 34 34
1 3 34 162 3
1 4 1 34 34 162
1 4 5 1 34 3
1 3 34 3 66
1 3 1 34 3
1 3 34 5 82
1 3 1 34 3
1 3 1 34 3
1 4 1 34 34 34
1 3 5 1 34
1 3 5 5 34
1 3 1 5 77
1 4 5 3 162 361
1 3 5 34 34
1 3 5 5 1
1 2 13 111
1 3 34 41 204
1 3 34 34 171
1 2 13 114
1 2 5 80
1 1 15
1 2 13 114
1 5 1 34 3 5 5
1 3 1 34 162
1 4 6 34 162 5
1 2 6 88
1 3 6 34 162
1 2 6 92
1 2 6 94
1 2 6 88
1 2 6 89
1 3 5 5 1
1 3 14 34 394
1 2 14 119
1 5 5 34 5 34 34
1 8 1 34 162 34 162 34 162 34
1 7 3 162 34 34 162 3 34
1 5 3 162 34 162 3
1 4 1 34 162 169
1 3 34 162 368
1 3 34 170 400
1 3 1 34 170
1 4 1 34 162 368
1 5 1 34 162 162 369
1 5 14 34 162 162 3
1 2 2 51
1 5 1 34 162 162 169
1 2 13 115
1 4 1 34 34 3
1 5 1 14 34 162 3
1 4 5 34 34 165
1 4 5 34 164 382
1 8 1 34 34 6 67 166 390 388
1 3 3 162 34
1 3 1 34 169
1 2 6 87
1 2 3 59
1 3 34 34 5
1 3 34 34 170
1 4 1 34 164 383
1 4 1 34 5 83
1 2 5 79
1 5 5 34 3 5 83
1 3 34 3 34
1 3 3 67 239
1 7 3 162 3 34 34 34 177
1 3 2 34 394
1 2 14 123
1 2 1 42
1 4 34 162 169 395
1 2 1 42
1 2 169 395
1 3 2 1 42
1 2 1 44
1 9 1 34 3 5 34 162 3 67 240
1 3 1 34 169
1 7 5 34 3 5 34 3 67
1 4 1 34 3 67
1 1 19
1 2 3 57
1 3 5 34 162
1 6 1 34 5 5 5 34
1 4 1 34 163 377
1 3 1 34 14
1 5 6 67 166 390 388
1 5 6 34 166 390 388
1 1 21
1 7 6 3 162 34 166 390 388
1 2 164 382
1 4 1 34 5 34
1 7 6 3 162 34 162 34 169
1 4 1 34 6 89
1 4 2 1 34 394
1 2 6 91
1 4 34 2 5 34
1 3 1 34 170
1 2 2 49
1 4 6 3 162 369
1 5 180 617 767 22 141
1 3 34 166 391
1 4 2 5 41 207
1 3 180 767 880
1 1 20
1 1 7
1 4 5 34 34 422
1 2 1 45
1 3 6 388 585
1 1 7
1 3 34 34 422
1 3 180 617 767
1 2 5 80
1 1 20
1 3 6 67 243
1 6 1 34 180 617 767 22
1 2 6 96
1 10 1 34 162 34 162 34 180 422 617 767
1 3 180 422 617
1 4 34 34 180 418
1 1 24
1 2 2 47
1 2 180 423
1 2 1 43
1 2 41 208
1 4 1 34 2 52
1 2 180 423
1 2 17 129
1 1 18
1 4 1 34 34 174
1 5 180 422 617 169 398
1 2 2 53
1 2 2 51
1 5 180 422 617 767 881
1 4 2 34 162 370
1 3 1 34 181
1 6 34 5 34 180 617 766
1 3 34 169 394
1 3 34 162 367
1 6 180 422 617 169 394 591
1 3 25 2 55
1 5 13 34 180 617 768
1 2 34 171
1 7 6 3 34 166 422 390 388
1 3 34 41 203
1 2 6 93
1 1 16
1 3 13 34 767
1 5 34 5 34 422 616
1 2 13 118
1 4 1 34 170 401
1 6 180 422 617 169 394 591
1 3 1 34 174
1 3 25 2 55
1 3 1 34 174
1 4 180 422 617 765
1 4 34 34 162 370
1 2 41 203
1 6 180 422 617 169 394 591
1 3 25 2 55
1 3 5 41 201
1 5 180 422 617 169 396
1 4 11 34 767 881
1 3 180 422 617
1 2 11 108
1 4 5 34 767 881
1 4 180 422 617 764
1 7 11 34 180 422 617 767 881
1 3 6 388 585
1 3 1 34 177
1 5 34 180 617 767 878
1 4 1 34 180 418
1 1 24
1 3 34 170 403
1 1 27
1 4 180 422 617 767
1 1 28
1 8 34 162 34 34 162 5 41 206
1 2 6 95
1 2 41 206
1 3 1 34 170
1 2 6 96
1 3 180 617 767
1 2 6 96
1 6 1 34 180 422 617 767
1 4 34 180 617 769
1 2 22 142
1 2 34 179
1 3 180 422 617
1 1 21
1 3 180 617 770
1 2 41 206
1 6 34 180 617 767 22 22
1 4 34 34 162 371
1 4 180 422 617 767
1 3 34 180 420
1 5 5 34 180 767 22
1 4 34 5 34 422
1 3 180 617 768
1 5 5 34 180 617 768
1 4 5 34 422 618
1 4 1 34 41 206
1 7 2 5 34 180 422 617 767
1 3 6 388 585
1 2 6 90
1 2 22 141
1 4 34 34 170 402
1 1 7
1 5 180 422 617 767 883
1 1 29
1 4 1 34 34 767
1 2 180 418
1 4 34 422 617 767
1 5 34 180 617 767 882
1 6 1 34 162 34 767 22
1 5 1 34 34 170 403
1 3 6 388 585
1 5 34 166 422 617 767
1 3 6 388 585
1 2 41 198
1 8 34 5 34 180 422 617 767 879
1 7 5 34 180 617 767 22 140
1 8 5 34 180 422 617 767 881 966
1 2 5 81
1 3 5 34 175
1 2 41 205
1 2 34 175
1 3 22 22 22
1 2 13 117
1 3 22 22 22
1 3 22 22 22
1 2 4 75
1 3 22 22 22
1 3 22 22 22
1 3 22 22 22
1 3 22 22 22
1 3 22 22 22
1 2 22 139
1 3 22 22 22
1 3 22 22 22
1 5 1 34 180 767 881
1 3 1 34 767
1 2 34 171
1 5 5 34 180 767 881
1 3 22 22 22
1 2 180 421
1 3 34 180 767
1 1 30
1 3 34 166 391
1 5 5 34 180 767 879
1 2 5 86
1 1 8
1 3 5 34 767
1 1 8
1 3 34 162 363
1 4 5 34 180 420
1 2 26 148
1 1 24
1 2 26 151
1 2 26 147
1 3 34 180 767
1 5 2 1 34 767 879
1 2 4 75
1 3 34 180 767
1 3 34 180 419
1 2 6 96
1 3 6 388 585
1 2 13 117
1 3 2 1 34
1 3 1 34 394
1 4 11 34 394 590
1 7 5 34 34 162 34 3 162
1 5 2 1 34 162 359
1 5 34 34 162 34 169
1 1 10
1 5 11 34 162 34 162
1 4 34 5 3 162
1 7 13 34 34 162 34 176 412
1 3 1 34 176
1 4 14 34 163 376
1 12 34 3 5 1 34 14 34 6 67 166 390 388
1 3 34 164 387
1 5 34 34 162 34 3
1 3 11 34 3
1 4 1 1 34 177
1 3 14 34 3
1 3 1 34 34
1 4 1 34 162 3
1 4 5 1 34 163
1 3 5 5 82
1 2 5 82
1 4 5 34 162 34
1 1 15
1 9 1 34 5 34 5 5 41 197 436
1 5 1 34 3 34 34
1 7 34 3 162 34 5 1 34
1 2 163 378
1 5 5 34 34 34 162
1 3 1 34 162
1 2 1 37
1 3 14 34 162
1 3 5 1 34
1 2 4 71
1 3 14 34 162
1 3 14 34 162
1 4 5 1 34 4
1 3 3 162 364
1 2 14 123
1 5 1 34 169 394 590
1 2 163 376
1 3 1 34 162
1 2 3 64
1 3 169 394 589
1 3 3 5 83
1 4 1 34 34 162
1 4 3 5 3 5
1 3 1 34 4
1 2 3 57
1 2 163 379
1 5 5 5 5 5 85
1 4 1 34 169 394
1 4 1 34 169 394
1 5 3 162 34 169 394
1 5 1 34 162 34 394
1 4 1 34 394 589
1 3 1 34 34
1 4 1 34 162 162
1 3 1 34 5
1 2 13 111
1 4 1 34 34 162
1 6 34 162 34 34 34 4
1 3 13 34 162
1 3 1 34 5
1 6 1 1 5 34 5 34
1 5 5 34 162 34 5
1 5 1 34 162 34 162
1 3 34 162 34
1 7 3 162 34 34 3 162 34
1 1 23
1 5 6 3 166 390 388
1 2 2 48
1 2 41 199
1 1 27
1 1 27
1 2 34 182
1 2 26 149
1 5 6 3 67 166 389
1 4 3 162 34 169
1 3 180 422 615
1 5 41 1 34 2 48
1 2 164 386
1 3 1 34 175
1 3 25 2 54
1 3 25 2 54
1 2 26 149
1 4 1 34 34 5
1 7 6 3 162 34 166 390 388
1 4 3 34 6 87
1 3 6 3 70
1 4 6 3 5 81
1 4 3 34 6 88
1 9 1 34 162 34 6 3 166 390 388
1 2 26 149
1 5 5 1 34 164 387
1 3 34 34 183
1 3 1 34 183
1 2 1 40
1 3 6 3 60
1 6 34 6 3 34 166 388
1 4 6 3 67 241
1 2 1 39
1 4 6 3 166 388
1 6 1 34 6 3 34 178
1 5 6 3 5 34 167
1 6 3 6 67 166 390 388
1 4 6 3 166 388
1 5 6 3 166 390 388
1 4 3 34 6 90
1 8 1 34 6 3 162 34 166 388
1 6 6 3 67 166 390 388
1 3 6 3 68
1 3 1 34 5
1 5 6 3 34 166 388
1 2 41 200
1 7 3 162 34 6 3 67 241
1 5 34 162 34 176 413
1 1 19
1 6 5 34 162 34 176 413
1 3 1 34 175
1 5 6 3 5 34 167
1 6 3 6 34 166 390 388
1 6 6 3 34 166 390 388
1 2 34 177
1 4 34 34 34 34
1 3 1 34 170
1 2 14 120
1 4 1 34 162 34
1 6 5 34 162 34 3 58
1 4 1 34 394 589
1 10 34 34 162 34 162 34 5 34 162 34
1 2 1 37
1 4 34 162 34 169
1 6 1 34 162 34 394 589
1 4 14 34 162 365
1 4 1 14 34 394
1 7 2 1 34 169 394 590 745
1 4 5 34 2 50
1 4 34 34 162 364
1 5 1 34 34 14 34
1 6 5 5 34 34 3 162
1 5 34 162 34 3 66
1 8 1 34 3 162 34 162 34 3
1 7 34 162 34 3 162 34 3
1 3 1 34 162
1 3 1 34 170
1 7 3 162 34 162 34 6 90
1 8 6 3 162 34 166 422 390 388
1 7 6 3 162 34 166 390 388
1 4 3 162 34 34
1 3 11 34 186
1 4 2 1 34 173
1 7 1 34 6 3 166 390 388
1 3 1 34 4
1 3 1 34 5
1 6 1 34 162 3 34 162
1 1 20
1 6 34 162 162 34 34 34
1 4 1 34 3 5
1 3 1 34 162
1 2 163 377
1 4 3 162 34 162
1 4 1 34 169 393
1 5 5 34 41 197 434
1 6 5 1 34 162 5 34
1 3 34 164 383
1 4 34 162 162 34
1 1 12
1 3 5 34 394
1 2 5 77
1 3 34 162 358
1 7 34 5 34 3 34 3 63
1 5 6 67 166 390 388
1 5 5 34 34 162 34
1 3 34 162 5
1 4 13 34 162 366
1 3 1 34 171
1 3 1 34 4
1 2 4 72
1 7 34 34 11 34 6 3 58
1 3 5 34 162
1 3 1 34 180
1 3 25 2 49
1 1 32
1 2 4 73
1 5 1 34 11 34 34
1 2 4 74
1 4 14 34 169 394
1 4 5 34 169 394
1 4 2 34 11 34
1 4 1 34 169 394
1 4 5 3 162 34
1 2 13 113
1 3 11 34 394
1 8 1 14 34 162 34 5 1 5
1 3 34 162 34
1 4 1 1 34 3
1 3 1 34 4
1 3 5 34 163
1 4 2 1 34 3
1 3 1 1 34
1 8 3 162 34 6 67 166 390 388
1 1 19
1 4 1 5 34 180
1 10 5 34 3 162 34 3 162 34 162 361
1 4 1 34 34 180
1 13 5 34 162 34 162 34 5 34 162 162 34 5 34
1 9 1 34 3 162 34 162 34 5 76
1 8 34 6 3 162 34 166 390 388
1 8 1 34 5 34 162 34 5 76
1 2 13 111
1 4 2 34 162 370
1 3 34 162 34
1 2 14 119
1 3 1 34 394
1 3 2 34 163
1 3 34 34 176
1 3 14 34 3
1 4 1 34 162 34
1 6 5 34 162 34 34 3
1 3 1 34 34
1 1 12
1 4 34 34 3 5
1 4 13 34 5 5
1 4 1 34 162 366
1 5 14 34 34 3 34
1 7 34 162 34 34 3 67 242
1 2 6 90
1 3 1 34 163
1 3 2 34 176
1 3 1 34 169
1 3 1 34 3
1 3 34 3 62
1 7 34 3 6 67 166 390 388
1 7 34 3 6 67 166 390 388
1 4 1 34 34 3
1 2 26 150
1 3 1 34 164
1 14 1 34 162 41 1 34 11 162 34 34 34 34 34 34
1 9 5 41 1 1 1 34 162 11 34
1 9 34 41 1 34 162 162 34 34 11
1 7 34 162 162 162 162 162 364
1 4 34 41 1 35
1 8 1 41 1 34 162 34 162 34
1 8 41 1 34 34 162 162 34 185
1 2 5 80
1 3 1 34 34
1 6 3 5 3 34 3 56
1 4 5 34 163 377
1 4 5 34 163 376
1 14 1 34 3 162 34 3 5 34 3 6 67 166 390 388
1 4 1 34 164 384
1 2 164 387
1 2 14 122
1 4 2 5 3 56
1 5 5 34 3 162 361
1 4 14 34 3 56
1 11 1 34 34 162 34 162 34 162 5 34 34
1 8 11 34 162 162 34 5 34 162
1 5 34 34 5 1 34
1 1 10
1 3 13 34 162
1 3 34 162 162
1 5 34 162 34 164 383
1 4 34 162 162 5
1 2 163 377
1 5 1 34 162 34 162
1 2 3 65
1 7 34 34 34 162 34 162 375
1 9 5 34 162 162 162 162 162 169 393
1 2 164 383
1 12 1 34 162 41 197 433 162 162 41 197 433 629
1 8 5 5 34 162 162 162 162 375
1 3 34 163 378
1 13 2 1 41 1 34 162 11 34 162 34 162 3 66
1 10 1 1 1 41 197 433 162 34 34 3
1 8 1 34 162 34 11 162 34 169
1 9 14 41 197 433 162 34 162 34 169
1 2 1 36
1 5 1 5 41 197 435
1 4 3 162 34 34
1 8 41 1 34 162 162 41 197 434
1 5 1 1 41 197 433
1 2 169 399
1 6 1 1 1 1 34 187
1 4 1 34 162 34
1 2 169 399
1 6 1 1 41 1 1 34
1 15 1 1 41 1 34 41 1 1 34 162 162 162 162 34 162
1 4 1 41 197 434
1 4 1 1 34 162
1 10 1 14 41 1 1 1 41 1 1 46
1 11 5 1 5 41 1 1 34 162 34 162 41
1 8 1 1 41 1 34 162 34 169
1 7 1 1 34 162 34 162 41
1 4 1 1 14 121
1 10 41 1 34 162 11 162 34 162 34 162
1 7 1 1 1 14 41 197 437
1 2 169 393
1 9 2 1 41 1 34 34 162 11 162
1 11 1 1 14 41 1 1 34 162 11 162 34
1 9 1 41 1 1 34 162 34 162 162
1 3 1 34 162
1 8 1 41 197 433 162 11 162 374
1 3 34 5 34
1 2 34 167
1 3 1 34 167
1 2 17 130
1 2 17 130
1 2 17 130
1 1 9
1 9 1 1 41 197 433 162 162 162 162
1 6 6 3 166 422 390 388
1 5 1 41 197 433 629
1 5 6 3 166 390 388
1 13 1 1 1 1 1 41 197 433 162 11 162 162 34
1 6 6 3 34 166 422 614
1 2 1 46
1 3 6 3 69
1 13 1 1 41 1 34 34 11 162 162 162 162 11 106
1 4 6 3 166 388
1 8 1 1 41 1 34 162 162 162
1 4 6 3 166 388
1 5 5 1 1 41 197
1 4 3 34 162 361
1 7 1 1 41 197 433 162 373
1 6 6 3 166 422 390 388
1 4 14 41 197 437
1 6 6 3 166 422 390 388
1 3 34 162 366
1 3 6 3 64
1 12 1 41 1 34 11 162 162 162 162 11 34 162
1 2 13 116
1 11 1 41 1 34 162 162 162 162 162 162 357
1 4 1 34 162 366
1 4 1 34 34 185
1 8 1 1 41 197 433 162 162 357
1 3 2 1 46
1 2 1 46
1 7 41 197 433 162 162 162 357
1 2 163 381
1 6 1 1 41 197 433 630
1 8 41 197 433 162 162 162 162 162
1 10 1 1 1 41 197 433 162 162 162 162
1 3 6 3 60
1 4 6 3 162 362
1 4 34 162 41 1
1 4 6 3 5 84
1 3 34 34 41
1 1 30
1 3 1 34 41
1 2 41 209
1 11 1 1 1 1 1 41 197 433 162 162 357
1 1 31
1 1 16
1 14 1 1 1 41 1 1 34 162 162 11 162 162 34 162
1 1 33
1 4 6 3 162 372
1 3 3 6 388
1 9 1 34 34 34 34 11 162 41 1
1 2 1 38
1 3 34 162 358
1 3 1 1 41
1 3 1 5 82
1 5 34 162 41 1 1
1 5 1 11 162 41 1
1 4 1 34 11 107
1 3 34 169 394
1 4 6 3 166 388
1 9 34 162 34 34 162 162 41 1 1
1 5 1 1 34 162 41
1 5 13 34 162 41 1
1 2 5 80
1 5 5 34 41 1 40
1 4 6 3 166 388
1 7 1 1 34 162 162 41 202
1 2 13 112
1 4 34 162 41 1
1 3 34 14 124
1 3 1 11 107
1 2 163 376
1 8 1 34 5 1 1 11 162 162
1 6 13 34 5 1 1 41
1 8 2 1 34 11 162 162 41 1
1 4 34 162 162 41
1 6 6 3 34 166 422 614
1 3 34 162 41
1 4 1 11 162 41
1 3 1 11 107
1 4 5 34 5 34
1 6 2 5 34 34 14 122
1 5 34 162 162 34 184
1 1 15
1 4 1 34 394 590
1 2 34 172
1 6 1 34 169 394 590 745
1 2 3 62
1 3 1 34 4
1 2 169 397
1 4 34 162 34 5
1 3 5 34 34
1 4 2 34 34 162
1 5 1 34 162 34 34
1 2 5 78
1 2 6 89
1 6 1 34 169 394 590 746
1 2 3 63
1 2 6 94
1 5 1 11 162 162 41
1 1 30
1 2 164 382
1 2 6 87
1 5 1 34 169 394 590
1 4 5 5 5 1
