965 314
1 5 1 34 2 1 36
1 3 4 34 3
1 4 4 34 4 83
1 5 4 4 34 4 4
1 5 34 4 34 186 419
1 6 1 34 34 3 1 36
1 6 4 34 34 187 183 398
1 4 1 34 187 425
1 3 1 34 183
1 3 1 34 34
1 3 184 34 183
1 6 34 183 3 4 34 3
1 6 1 34 183 34 183 397
1 7 1 34 34 183 183 34 34
1 5 3 1 34 5 34
1 5 3 4 34 189 645
1 4 3 7 34 5
1 3 5 1 34
1 3 5 5 93
1 9 5 34 183 183 400 1 34 3 69
1 9 4 34 183 34 183 34 400 600 770
1 4 3 1 34 191
1 6 1 5 1 34 183 402
1 5 1 34 3 70 257
1 4 1 34 3 5
1 5 1 34 3 5 94
1 4 1 34 183 34
1 4 3 1 34 192
1 2 10 118
1 3 34 195 441
1 3 1 34 441
1 3 34 195 441
1 4 187 183 34 196
1 5 3 7 34 183 401
1 4 4 34 183 34
1 3 1 34 197
1 3 3 4 82
1 5 34 34 4 34 3
1 4 7 34 186 422
1 3 15 34 184
1 3 34 7 34
1 7 2 34 4 1 34 34 197
1 3 1 34 197
1 5 34 2 34 34 3
1 5 4 34 4 34 3
1 6 3 4 4 4 34 3
1 5 3 34 34 183 3
1 3 4 34 34
1 6 3 7 34 34 4 3
1 3 1 34 197
1 3 1 34 186
1 2 186 421
1 5 4 34 183 3 34
1 2 1 44
1 2 11 120
1 2 11 121
1 4 4 1 34 197
1 4 1 34 34 198
1 4 14 34 34 3
1 4 1 34 7 105
1 5 34 34 34 3 34
1 4 1 34 7 105
1 4 34 183 34 3
1 3 1 34 34
1 6 2 1 34 195 441 654
1 2 2 54
1 1 9
1 3 7 34 3
1 3 2 4 86
1 5 1 183 34 4 3
1 3 184 34 183
1 4 1 34 200 456
1 3 1 34 441
1 2 184 414
1 4 4 1 34 3
1 4 7 1 34 195
1 4 1 34 441 654
1 4 1 34 183 195
1 4 1 34 195 441
1 3 1 34 197
1 7 15 34 183 183 183 34 3
1 4 15 34 183 407
1 5 4 4 34 3 1
1 3 1 34 4
1 3 1 34 34
1 3 34 183 3
1 4 1 34 34 183
1 4 4 1 34 3
1 3 34 3 70
1 3 1 34 3
1 3 34 4 195
1 3 1 34 3
1 3 1 34 3
1 4 1 34 34 34
1 3 4 1 34
1 3 4 4 34
1 3 1 4 82
1 4 4 34 187 427
1 3 34 186 34
1 5 4 3 1 5 5
1 3 1 34 4
1 3 7 34 3
1 3 4 34 34
1 3 4 4 1
1 2 14 133
1 3 34 400 609
1 3 34 14 138
1 3 34 34 14
1 2 14 138
1 3 4 5 91
1 1 16
1 2 14 138
1 5 1 34 3 4 4
1 3 1 34 183
1 4 5 34 183 4
1 2 5 91
1 3 5 34 183
1 2 5 96
1 2 5 98
1 2 5 91
1 5 5 5 34 4 87
1 3 4 4 1
1 3 15 34 441
1 3 34 183 4
1 2 15 144
1 5 4 34 4 34 34
1 6 1 34 4 34 183 3
1 8 1 34 183 34 183 34 183 34
1 3 34 34 197
1 7 3 1 34 34 183 3 34
1 5 3 1 34 183 3
1 4 1 34 183 195
1 3 34 183 408
1 3 34 197 448
1 3 1 34 197
1 4 1 34 183 408
1 3 7 34 184
1 5 1 34 183 183 409
1 5 15 34 183 183 3
1 2 2 57
1 5 1 34 183 183 195
1 2 14 139
1 4 1 34 34 3
1 4 1 34 4 3
1 5 1 15 34 183 3
1 4 4 34 34 188
1 3 12 187 428
1 6 4 34 187 183 34 188
1 8 34 4 34 3 5 34 5 95
1 8 1 34 34 5 75 189 433 645
1 3 3 1 34
1 8 2 34 183 34 183 34 183 396
1 3 1 34 195
1 7 5 1 34 5 189 433 645
1 2 3 67
1 7 3 34 3 1 34 3 75
1 3 34 34 4
1 3 34 34 197
1 5 1 34 187 34 184
1 4 1 34 4 86
1 2 4 84
1 5 4 34 3 4 86
1 3 34 3 34
1 3 3 75 269
1 3 3 1 36
1 3 2 34 441
1 2 15 148
1 2 1 42
1 4 34 183 195 442
1 2 14 134
1 2 1 42
1 2 195 442
1 3 4 3 66
1 6 4 34 3 34 3 4
1 3 1 34 183
1 3 2 1 42
1 2 1 46
1 9 1 34 3 4 34 183 3 75 270
1 4 5 3 189 434
1 3 1 34 195
1 2 3 74
1 7 4 34 3 4 34 3 75
1 3 3 1 37
1 4 1 34 3 75
1 1 20
1 2 3 65
1 3 4 34 183
1 6 1 34 4 4 4 34
1 3 186 34 184
1 4 1 34 186 34
1 3 1 34 15
1 5 5 75 189 433 645
1 4 1 183 34 5
1 5 5 34 189 433 645
1 1 25
1 7 5 3 1 34 189 433 645
1 6 187 183 34 5 34 187
1 4 1 34 4 34
1 7 5 3 1 34 183 34 195
1 8 1 34 5 5 75 189 433 645
1 4 2 1 34 441
1 2 13 132
1 2 5 93
1 4 34 2 4 34
1 3 34 34 34
1 3 1 34 197
1 2 2 53
1 4 5 3 1 47
1 5 206 685 845 26 172
1 3 206 474 685
1 3 34 189 436
1 4 2 4 400 611
1 3 206 845 979
1 1 21
1 1 6
1 4 4 34 34 435
1 2 5 100
1 2 1 47
1 3 5 645 811
1 1 6
1 3 34 34 435
1 3 206 685 845
1 3 4 5 94
1 1 21
1 3 206 474 685
1 3 5 75 273
1 6 1 34 206 685 845 26
1 2 5 99
1 10 1 34 183 34 183 34 206 474 685 845
1 3 206 474 685
1 8 1 183 183 34 183 34 206 469
1 4 34 34 206 469
1 1 22
1 2 2 51
1 5 1 34 34 200 457
1 2 2 61
1 2 206 475
1 2 34 199
1 2 1 43
1 2 400 613
1 3 1 34 199
1 4 1 34 2 58
1 2 206 475
1 2 200 458
1 1 19
1 5 1 34 34 200 458
1 5 206 474 685 842 974
1 2 2 62
1 2 2 57
1 5 206 474 685 845 981
1 4 2 34 183 410
1 2 400 612
1 3 1 34 207
1 6 34 4 34 206 685 844
1 2 26 171
1 3 34 195 441
1 3 34 183 406
1 6 206 474 685 842 11 124
1 3 27 2 55
1 5 14 34 206 685 846
1 2 26 171
1 4 34 14 34 209
1 2 2 59
1 7 5 3 34 189 435 433 645
1 3 34 400 608
1 2 5 97
1 1 17
1 3 14 34 845
1 2 5 98
1 5 34 4 34 435 648
1 2 14 142
1 1 23
1 4 1 34 197 450
1 6 206 474 685 842 11 124
1 3 14 34 200
1 2 2 60
1 4 14 34 435 648
1 5 206 685 842 11 123
1 3 34 195 443
1 3 1 34 200
1 6 206 474 685 842 11 124
1 3 27 2 55
1 3 1 34 200
1 4 206 474 685 843
1 4 34 34 183 410
1 2 400 608
1 6 206 474 685 842 11 124
1 3 27 2 55
1 3 4 400 606
1 5 206 474 685 842 973
1 4 7 34 845 981
1 3 206 474 685
1 2 7 109
1 2 1 48
1 4 4 34 845 981
1 3 206 474 685
1 3 5 645 811
1 4 1 34 845 981
1 4 206 474 685 841
1 7 7 34 206 474 685 845 981
1 3 5 645 811
1 3 1 34 203
1 5 34 206 685 845 977
1 4 1 34 206 469
1 4 5 645 811 952
1 8 1 34 183 34 206 474 685 845
1 1 22
1 3 34 197 452
1 3 206 474 685
1 2 28 175
1 4 206 474 685 845
1 1 29
1 2 28 176
1 8 34 183 34 34 183 4 400 610
1 4 1 34 206 471
1 2 5 101
1 2 400 610
1 3 1 34 197
1 4 34 206 474 685
1 2 5 99
1 3 206 685 845
1 2 5 99
1 6 1 34 206 474 685 845
1 4 34 206 685 848
1 2 26 173
1 2 34 205
1 3 206 474 685
1 1 25
1 3 1 34 197
1 3 206 685 847
1 2 400 610
1 2 28 176
1 6 34 206 685 845 26 26
1 5 1 34 206 845 981
1 4 34 34 183 411
1 4 206 474 685 845
1 3 34 206 471
1 5 4 34 206 845 26
1 4 34 4 34 435
1 3 206 685 846
1 5 4 34 206 685 846
1 4 4 34 435 650
1 4 1 34 400 610
1 2 12 129
1 7 2 4 34 206 474 685 845
1 3 5 645 811
1 4 5 189 435 647
1 2 26 172
1 4 34 34 197 451
1 1 6
1 5 206 474 685 845 982
1 1 30
1 4 1 34 34 845
1 2 206 469
1 3 34 435 649
1 5 34 206 685 845 980
1 6 1 34 183 34 845 26
1 3 1 34 845
1 5 1 34 34 197 452
1 3 206 474 685
1 3 5 645 811
1 4 34 189 435 649
1 3 5 645 811
1 2 400 601
1 8 34 4 34 206 474 685 845 978
1 7 4 34 206 685 845 26 170
1 8 4 34 206 474 685 845 981 1077
1 2 4 85
1 4 4 34 70 259
1 2 400 605
1 3 34 70 260
1 3 26 26 26
1 2 14 141
1 3 26 26 26
1 3 26 26 169
1 3 26 26 26
1 2 184 418
1 3 26 26 26
1 3 26 26 26
1 3 26 26 26
1 3 26 26 26
1 3 26 26 26
1 3 26 26 26
1 3 26 26 26
1 2 26 169
1 3 26 26 26
1 3 26 26 26
1 5 1 34 206 845 981
1 3 1 34 845
1 2 206 468
1 3 34 14 143
1 5 4 34 206 845 981
1 3 26 26 26
1 2 10 116
1 2 206 473
1 3 34 206 845
1 2 10 119
1 5 4 34 206 474 686
1 3 34 189 436
1 5 4 34 206 845 978
1 2 4 90
1 1 8
1 3 4 34 845
1 1 8
1 3 34 183 401
1 4 4 34 206 471
1 1 8
1 3 206 845 983
1 2 12 126
1 1 22
1 2 12 128
1 2 12 125
1 3 34 206 845
1 2 2 53
1 5 2 1 34 845 978
1 2 184 418
1 3 34 206 845
1 3 34 206 470
1 2 5 100
1 2 5 99
1 4 4 34 206 845
1 3 5 645 811
1 2 26 169
1 2 14 141
1 3 2 1 34
1 4 1 34 183 34
1 3 1 34 441
1 4 7 34 441 654
1 7 4 34 34 183 34 3 1
1 3 184 34 183
1 5 2 1 34 183 396
1 5 34 34 183 34 195
1 2 11 121
1 5 7 34 183 34 183
1 4 34 4 3 1
1 7 14 34 34 183 34 202 461
1 3 1 34 202
1 5 15 34 186 183 403
1 5 1 34 183 34 34
1 3 4 34 3
1 12 34 3 4 1 34 15 34 5 75 189 433 645
1 4 1 34 184 416
1 11 1 7 34 15 34 3 5 75 189 433 645
1 3 34 187 426
1 3 1 34 195
1 5 34 34 183 34 3
1 3 7 34 3
1 4 1 183 34 203
1 3 15 34 3
1 3 1 34 34
1 3 4 34 3
1 3 34 195 439
1 4 1 34 183 3
1 4 34 15 34 3
1 3 3 1 47
1 4 4 1 34 186
1 4 4 4 195 445
1 3 4 195 445
1 4 4 34 183 34
1 1 16
1 4 4 34 183 34
1 2 195 445
1 9 1 34 4 34 4 4 400 600 774
1 5 1 34 3 34 34
1 7 34 3 1 34 4 1 34
1 3 187 34 34
1 2 186 419
1 5 4 34 34 34 183
1 3 1 34 183
1 2 1 37
1 3 15 34 183
1 3 4 1 34
1 2 184 414
1 3 15 34 183
1 3 15 34 183
1 4 4 1 34 184
1 3 3 1 44
1 2 15 148
1 5 1 34 195 441 654
1 3 186 183 396
1 3 1 34 183
1 2 3 71
1 3 4 195 441
1 2 3 72
1 3 195 441 11
1 3 3 4 86
1 4 1 34 34 183
1 5 3 34 34 3 77
1 4 3 34 3 4
1 4 3 4 3 4
1 3 1 34 184
1 5 3 1 34 3 70
1 2 3 65
1 4 3 4 3 77
1 4 3 4 3 77
1 2 186 420
1 5 4 4 4 4 89
1 4 1 34 195 441
1 4 1 34 195 441
1 4 1 34 195 441
1 5 3 1 34 195 441
1 5 1 34 183 34 441
1 4 1 34 441 11
1 3 1 34 441
1 4 1 34 441 11
1 3 1 34 34
1 4 1 34 183 183
1 3 1 34 4
1 2 14 133
1 4 1 34 34 183
1 6 34 183 34 34 34 184
1 3 34 7 1
1 3 14 34 183
1 4 34 183 183 4
1 3 1 34 4
1 6 1 183 4 34 4 34
1 5 4 34 183 34 4
1 5 1 34 183 34 183
1 3 34 183 34
1 7 3 1 34 34 3 1 34
1 1 24
1 5 5 3 189 433 645
1 2 2 52
1 3 1 34 208
1 2 4 84
1 2 400 602
1 2 28 174
1 2 12 128
1 2 10 117
1 2 28 174
1 5 5 3 189 433 645
1 2 34 208
1 3 12 187 429
1 5 5 3 75 189 432
1 4 3 1 34 195
1 3 206 474 684
1 5 400 1 34 2 52
1 2 187 431
1 4 1 34 70 259
1 3 27 2 63
1 3 27 2 63
1 3 12 187 430
1 4 1 34 34 4
1 7 5 3 4 34 189 433 645
1 7 5 3 1 34 189 433 645
1 5 3 34 5 1 40
1 3 5 3 79
1 4 5 3 4 85
1 4 3 34 5 91
1 9 1 34 183 34 5 3 189 433 645
1 3 12 187 424
1 5 4 1 34 187 426
1 3 34 34 196
1 3 1 34 196
1 3 3 5 92
1 5 1 5 75 189 432
1 6 5 3 34 189 433 645
1 3 3 1 34
1 3 5 3 68
1 6 34 5 3 34 189 645
1 4 5 3 189 645
1 4 5 3 75 271
1 2 1 39
1 4 5 3 189 645
1 6 1 34 5 3 34 204
1 5 5 3 4 34 190
1 6 3 5 75 189 433 645
1 4 5 3 189 645
1 6 1 5 3 34 189 645
1 5 5 3 189 433 645
1 6 3 34 5 189 433 645
1 7 34 5 3 34 189 433 645
1 8 1 34 5 3 1 34 189 645
1 6 5 3 75 189 433 645
1 3 5 3 76
1 1 21
1 3 1 34 4
1 5 5 3 34 189 645
1 2 400 603
1 7 3 1 34 5 3 75 271
1 5 34 183 34 202 462
1 1 20
1 6 4 34 183 34 202 462
1 4 1 34 70 259
1 5 5 3 4 34 190
1 6 3 5 34 189 433 645
1 6 5 3 34 189 433 645
1 2 34 203
1 4 34 34 34 34
1 7 15 34 4 3 1 34 183
1 3 1 34 197
1 2 15 145
1 3 2 34 184
1 4 1 34 183 34
1 3 34 14 137
1 6 4 34 183 34 3 66
1 4 1 34 441 11
1 10 34 34 183 34 183 34 4 34 183 34
1 2 1 37
1 4 34 183 34 195
1 6 1 34 183 34 441 11
1 4 15 34 183 405
1 7 1 34 183 34 3 1 34
1 4 1 15 34 441
1 7 2 1 34 195 441 654 818
1 11 14 34 183 183 34 3 1 34 183 34 3
1 4 4 34 2 56
1 4 34 34 183 404
1 5 1 34 34 15 34
1 7 34 183 34 183 34 34 197
1 4 34 34 7 34
1 6 4 4 34 34 3 1
1 6 34 183 34 3 70 256
1 4 34 183 34 34
1 5 7 34 4 34 184
1 5 34 3 1 4 34
1 8 1 34 3 1 34 183 34 3
1 7 34 183 34 3 1 34 3
1 3 1 34 183
1 3 1 34 197
1 4 3 1 34 2
1 3 186 183 34
1 9 3 1 34 183 34 5 189 433 645
1 8 5 3 1 34 189 435 433 645
1 7 5 3 1 34 189 433 645
1 2 3 69
1 6 3 1 34 5 1 40
1 4 3 1 34 34
1 1 18
1 3 7 34 201
1 4 2 1 34 199
1 4 1 34 183 34
1 3 1 34 196
1 7 1 34 5 3 189 433 645
1 3 1 34 184
1 3 1 34 4
1 5 3 1 34 70 258
1 6 1 34 183 3 34 183
1 1 21
1 5 187 183 34 183 398
1 6 186 183 34 186 183 34
1 6 34 183 183 34 34 34
1 4 1 34 3 4
1 3 1 34 183
1 6 186 34 183 34 183 34
1 4 3 1 34 183
1 5 3 1 34 183 34
1 2 187 424
1 4 1 34 195 440
1 5 4 34 400 600 771
1 6 4 1 34 183 4 34
1 3 1 34 34
1 3 4 34 183
1 4 34 187 34 206
1 3 4 34 185
1 4 34 183 183 34
1 2 13 130
1 3 4 34 441
1 3 2 1 34
1 2 4 82
1 3 34 183 395
1 8 34 4 34 3 34 3 7 110
1 5 5 75 189 433 645
1 5 4 34 34 183 34
1 3 34 183 4
1 5 14 34 183 15 149
1 3 34 184 34
1 3 1 34 14
1 3 1 34 184
1 3 184 34 184
1 7 34 34 7 34 5 3 66
1 3 4 34 183
1 2 11 122
1 3 1 34 206
1 3 27 2 53
1 3 12 187 429
1 1 32
1 2 184 415
1 5 1 34 7 34 34
1 2 184 417
1 4 15 34 195 441
1 4 4 34 195 441
1 4 2 34 7 34
1 4 4 1 34 4
1 4 1 34 195 441
1 4 4 3 1 34
1 5 3 7 34 195 441
1 2 14 136
1 3 7 34 441
1 3 34 195 441
1 2 13 131
1 8 1 15 34 183 34 4 1 4
1 3 34 183 34
1 4 1 183 34 3
1 3 1 34 184
1 3 4 34 186
1 4 2 1 34 3
1 3 1 183 34
1 5 3 1 34 183 34
1 8 3 1 34 5 75 189 433 645
1 1 20
1 8 2 1 34 186 183 34 206 472
1 4 1 4 34 206
1 10 4 34 3 1 34 3 1 34 183 399
1 4 1 34 34 206
1 4 1 34 206 467
1 13 4 34 183 34 183 34 4 34 183 183 34 4 34
1 9 1 34 3 1 34 183 34 4 81
1 11 4 34 183 34 4 34 4 34 34 183 34
1 8 34 5 3 1 34 189 433 645
1 5 34 5 189 433 645
1 3 34 183 410
1 8 1 34 4 34 183 34 4 81
1 3 1 34 206
1 2 14 133
1 4 2 34 183 410
1 3 34 183 34
1 2 15 144
1 3 1 34 206
1 3 1 34 206
1 2 1 35
1 3 1 34 441
1 3 2 34 186
1 3 34 34 202
1 3 15 34 3
1 4 1 34 183 34
1 6 4 34 183 34 34 3
1 3 1 34 34
1 4 34 183 34 3
1 2 13 131
1 4 34 34 3 4
1 4 14 34 4 4
1 5 1 34 183 15 34
1 5 15 34 34 3 34
1 4 1 34 34 34
1 7 34 183 34 34 3 75 272
1 3 5 189 645
1 3 1 34 186
1 3 2 34 202
1 3 1 34 195
1 3 1 34 3
1 3 34 3 71
1 5 5 75 189 433 645
1 5 3 4 34 195 441
1 7 34 3 5 75 189 433 645
1 7 34 3 5 75 189 433 645
1 4 1 34 34 3
1 3 1 34 34
1 2 12 127
1 3 1 34 187
1 14 1 34 183 400 1 34 7 1 34 34 34 34 34 34
1 3 2 34 211
1 9 4 400 1 183 183 34 183 7 34
1 9 34 400 1 34 183 183 34 34 7
1 7 34 183 183 183 183 183 404
1 4 34 34 34 34
1 4 34 400 1 35
1 8 1 400 1 34 183 34 183 34
1 8 400 1 34 34 183 183 34 210
1 6 4 5 75 189 433 645
1 3 1 34 34
1 2 15 145
1 6 3 4 3 34 3 64
1 17 1 34 34 183 34 4 34 4 1 34 4 4 4 34 183 4 34
1 8 4 34 186 34 186 183 34 193
1 18 4 34 186 183 4 34 186 183 4 34 186 34 186 183 183 34 186 420
1 14 1 34 3 1 34 3 4 34 3 5 75 189 433 645
1 8 1 34 3 1 183 34 3 73
1 4 1 34 187 424
1 2 187 426
1 2 15 147
1 4 2 4 3 64
1 9 4 34 3 1 5 75 189 433 645
1 4 15 34 3 64
1 11 1 34 34 183 34 183 34 183 4 34 34
1 8 7 34 183 183 34 4 34 183
1 3 1 34 4
1 4 4 3 1 183
1 5 7 34 34 7 106
1 5 34 34 4 1 34
1 2 11 121
1 3 14 34 183
1 3 34 183 183
1 6 34 183 34 187 34 187
1 4 34 183 183 4
1 4 186 34 197 449
1 5 1 34 183 34 183
1 3 1 34 4
1 2 3 73
1 7 34 34 34 183 34 183 413
1 9 4 34 183 183 183 183 183 195 440
1 6 187 34 183 34 34 212
1 12 1 34 183 400 600 770 183 183 400 600 770 915
1 8 4 4 34 183 183 183 183 413
1 3 34 186 419
1 14 2 1 400 1 34 183 7 34 183 34 183 3 70 256
1 10 1 183 183 400 600 770 183 34 34 3
1 8 1 34 183 34 7 1 34 195
1 3 34 3 80
1 9 15 400 600 770 183 34 183 34 195
1 2 1 36
1 5 1 4 400 600 773
1 4 3 1 34 34
1 8 400 1 34 183 183 400 600 771
1 5 1 183 400 600 770
1 2 195 446
1 6 1 183 183 183 34 211
1 4 1 34 183 34
1 2 195 446
1 6 1 183 400 1 183 34
1 15 1 183 400 1 34 400 1 183 34 183 183 183 183 34 183
1 4 1 400 600 771
1 4 1 183 34 183
1 10 1 15 400 1 183 183 400 1 183 412
1 11 4 1 4 400 1 183 34 183 34 183 400
1 8 1 183 400 1 34 183 34 195
1 7 1 183 34 183 34 183 400
1 4 1 183 15 146
1 10 400 1 34 183 7 1 34 183 34 183
1 4 1 400 1 34
1 7 1 183 183 15 400 600 772
1 2 195 440
1 9 2 1 400 1 34 34 183 7 1
1 11 1 183 15 400 1 183 34 183 7 1 34
1 9 1 400 1 183 34 183 34 183 183
1 3 1 34 183
1 8 1 400 600 770 183 7 1 50
1 3 34 4 34
1 2 34 190
1 3 1 34 190
1 2 200 459
1 2 200 459
1 2 200 459
1 2 200 459
1 1 9
1 4 5 3 75 271
1 9 1 183 400 600 770 183 183 183 183
1 6 5 3 189 435 433 645
1 5 1 400 600 770 915
1 5 5 3 189 433 645
1 13 1 183 183 183 183 400 600 770 183 7 1 183 34
1 6 5 3 34 189 435 647
1 2 1 50
1 3 5 3 78
1 13 1 183 400 1 34 34 7 1 183 183 183 7 107
1 4 5 3 189 645
1 8 1 183 400 1 34 183 183 183
1 4 5 3 189 645
1 5 4 1 183 400 600
1 4 3 34 183 399
1 7 1 183 400 600 770 183 403
1 3 5 3 68
1 14 34 34 183 183 183 400 600 770 183 7 1 183 183 183
1 6 5 3 189 435 433 645
1 4 15 400 600 772
1 6 5 3 189 435 433 645
1 4 34 183 15 144
1 3 5 3 72
1 1 31
1 7 5 3 75 189 435 433 645
1 12 1 400 1 34 7 1 183 183 183 7 34 183
1 2 15 148
1 2 14 140
1 11 1 400 1 34 183 183 183 183 183 183 394
1 10 1 34 183 15 400 1 34 183 183 183
1 4 1 34 34 210
1 8 1 183 400 600 770 183 183 394
1 3 2 1 50
1 2 1 50
1 7 400 600 770 183 183 183 394
1 2 186 423
1 4 4 1 15 144
1 6 1 183 400 600 770 916
1 5 1 400 600 770 183
1 8 400 600 770 183 183 183 183 183
1 10 1 183 183 400 600 770 183 183 183 183
1 3 5 3 68
1 4 5 3 1 40
1 4 34 183 400 1
1 4 5 3 4 88
1 3 34 34 400
1 3 7 34 210
1 2 10 117
1 3 1 400 1
1 3 1 34 400
1 3 1 34 184
1 2 400 607
1 11 1 183 183 183 183 400 600 770 183 183 394
1 1 31
1 1 17
1 14 1 183 183 400 1 183 34 183 183 7 1 183 34 183
1 1 33
1 4 5 3 1 49
1 3 3 5 645
1 13 1 4 400 1 183 34 183 183 7 1 34 183 7
1 9 1 34 34 34 34 7 1 400 1
1 2 1 38
1 3 34 183 395
1 5 4 5 3 75 274
1 3 1 183 400
1 5 1 4 195 441 654
1 5 34 183 400 1 183
1 7 2 1 5 3 189 433 645
1 5 1 7 1 400 1
1 4 1 34 7 108
1 3 34 195 441
1 3 5 3 72
1 4 5 3 189 645
1 9 34 183 34 34 183 183 400 1 183
1 5 1 183 34 183 400
1 5 14 34 183 400 1
1 5 4 5 3 189 645
1 5 4 34 400 1 5
1 4 5 3 189 645
1 7 1 183 34 183 183 400 604
1 2 14 135
1 3 1 34 435
1 4 34 183 400 1
1 3 34 15 150
1 3 1 7 108
1 7 3 1 34 5 189 433 645
1 4 186 183 400 603
1 4 5 3 1 41
1 4 5 3 1 40
1 8 1 34 4 1 183 7 1 183
1 6 14 34 4 1 183 400
1 8 2 1 34 7 1 183 400 1
1 6 5 3 189 435 433 645
1 4 34 183 183 400
1 6 5 3 34 189 435 647
1 4 1 183 183 400
1 3 34 183 400
1 4 1 7 1 400
1 3 1 7 108
1 4 4 34 4 34
1 6 2 4 34 34 15 147
1 5 34 183 183 34 193
1 1 16
1 4 1 34 441 654
1 2 34 198
1 6 1 34 195 441 654 818
1 4 34 2 1 45
1 2 3 71
1 4 1 34 183 399
1 3 1 34 184
1 2 195 444
1 4 34 183 34 4
1 3 4 34 34
1 4 2 34 34 183
1 5 1 34 183 34 34
1 2 4 83
1 5 1 34 195 441 654
1 3 5 5 5
1 6 1 34 195 441 654 819
1 5 3 7 34 195 441
1 2 5 98
1 5 1 7 1 183 400
1 4 186 34 34 194
1 2 10 118
1 5 187 183 34 183 34
1 4 5 1 34 441
1 5 3 1 34 195 441
1 5 1 34 195 441 654
1 2 2 54
1 4 4 4 4 1
