768 266
1 5 1 32 2 1 34
1 3 4 32 3
1 4 4 32 4 75
1 5 4 4 32 4 4
1 5 32 4 32 162 369
1 6 4 32 32 163 159 347
1 4 1 32 163 374
1 3 1 32 159
1 3 1 32 32
1 3 160 32 159
1 6 32 159 3 4 32 3
1 6 1 32 159 32 159 346
1 7 1 32 32 159 159 32 32
1 5 3 159 32 5 32
1 5 3 4 32 165 562
1 4 3 7 32 5
1 2 5 82
1 9 5 32 159 159 351 1 32 3 62
1 4 3 159 32 167
1 2 1 39
1 5 1 32 3 63 225
1 4 1 32 3 5
1 5 1 32 3 5 87
1 4 1 32 159 32
1 4 3 159 32 168
1 2 10 108
1 3 1 32 384
1 3 32 171 384
1 4 163 159 32 172
1 4 4 32 159 32
1 3 3 4 74
1 5 32 32 4 32 3
1 7 2 32 4 1 32 32 173
1 3 1 32 173
1 5 4 32 4 32 3
1 6 3 4 4 4 32 3
1 5 3 32 32 159 3
1 3 4 32 32
1 6 3 7 32 32 4 3
1 3 1 32 173
1 3 1 32 162
1 2 162 371
1 5 4 32 159 3 32
1 2 1 41
1 1 11
1 4 4 1 32 173
1 4 1 32 32 174
1 4 15 32 32 3
1 4 1 32 7 96
1 5 32 32 32 3 32
1 4 1 32 7 96
1 6 2 1 32 171 384 567
1 2 2 48
1 1 9
1 3 7 32 3
1 5 1 159 32 4 3
1 3 160 32 159
1 3 1 32 384
1 2 160 365
1 4 4 1 32 3
1 4 7 1 32 171
1 4 1 32 159 354
1 4 1 32 171 384
1 3 1 32 173
1 7 17 32 159 159 159 32 3
1 4 17 32 159 357
1 5 4 4 32 3 159
1 3 1 32 4
1 3 1 32 32
1 3 32 159 3
1 4 1 32 32 159
1 3 32 3 63
1 3 1 32 3
1 3 32 4 78
1 3 1 32 3
1 4 1 32 32 32
1 3 4 1 32
1 3 4 4 32
1 4 4 32 163 376
1 3 32 162 32
1 3 1 32 4
1 3 7 32 3
1 3 4 4 1
1 3 32 351 529
1 3 32 15 126
1 3 32 32 15
1 3 4 5 83
1 1 14
1 4 5 32 159 4
1 3 5 32 159
1 2 5 90
1 2 5 83
1 3 17 32 384
1 3 32 159 4
1 2 17 133
1 5 4 32 4 32 32
1 6 1 32 4 32 159 3
1 3 32 32 173
1 7 3 159 32 32 159 3 32
1 3 32 159 359
1 3 32 173 391
1 3 1 32 173
1 4 1 32 159 359
1 3 7 32 160
1 5 1 32 159 159 360
1 5 17 32 159 159 3
1 2 2 51
1 2 15 127
1 4 1 32 4 3
1 5 1 17 32 159 3
1 4 4 32 32 164
1 2 12 114
1 6 4 32 163 159 32 164
1 8 32 4 32 3 5 32 5 88
1 8 1 32 32 5 68 165 378 562
1 8 2 32 159 32 159 32 159 345
1 3 1 32 171
1 2 5 82
1 7 3 32 3 159 32 3 68
1 3 32 32 173
1 5 1 32 163 32 160
1 4 1 32 4 79
1 2 4 76
1 5 4 32 3 4 79
1 3 3 68 237
1 7 3 159 3 32 32 32 179
1 3 2 32 384
1 2 17 137
1 2 1 40
1 3 32 159 354
1 2 15 124
1 3 4 3 60
1 6 4 32 3 32 3 4
1 3 1 32 159
1 3 2 1 40
1 4 5 3 165 379
1 3 1 32 171
1 2 3 67
1 7 4 32 3 4 32 3 68
1 3 3 159 344
1 4 1 32 3 68
1 1 21
1 2 3 59
1 3 4 32 159
1 6 1 32 4 4 4 32
1 3 162 32 160
1 4 1 32 162 32
1 4 1 159 32 5
1 5 5 32 165 378 562
1 1 25
1 7 5 3 159 32 165 378 562
1 6 163 159 32 5 32 163
1 7 5 3 159 32 159 32 171
1 4 1 32 5 85
1 4 2 1 32 384
1 1 13
1 2 5 86
1 4 32 2 4 32
1 3 32 32 32
1 3 1 32 173
1 4 5 3 159 360
1 3 182 409 591
1 3 32 165 380
1 4 2 4 351 530
1 3 182 727 838
1 1 22
1 1 6
1 4 4 32 32 409
1 2 5 93
1 2 1 43
1 3 32 32 409
1 3 182 591 727
1 3 4 5 87
1 1 22
1 3 182 409 591
1 3 5 68 240
1 6 1 32 182 591 727 409
1 2 5 91
1 8 1 159 159 32 159 32 182 406
1 1 23
1 4 1 32 32 177
1 2 2 54
1 2 182 410
1 2 32 175
1 2 351 533
1 3 1 32 175
1 4 1 32 2 52
1 1 19
1 1 20
1 2 2 56
1 5 182 409 591 727 840
1 4 2 32 159 361
1 2 351 532
1 3 1 32 183
1 6 32 4 32 182 591 726
1 2 26 153
1 3 32 171 384
1 3 32 159 358
1 3 27 2 49
1 5 15 32 182 591 728
1 2 26 153
1 4 32 15 32 185
1 2 2 53
1 3 32 351 528
1 2 5 89
1 1 16
1 3 15 32 727
1 2 5 90
1 5 32 4 32 409 589
1 2 15 130
1 1 24
1 4 1 32 173 393
1 4 182 409 591 725
1 3 15 32 177
1 2 2 55
1 4 15 32 409 589
1 3 182 591 725
1 3 32 171 386
1 3 1 32 177
1 4 182 409 591 725
1 3 27 2 49
1 3 1 32 177
1 2 351 528
1 3 27 2 49
1 3 4 351 527
1 4 182 409 591 725
1 3 182 409 591
1 2 7 99
1 2 1 44
1 4 4 32 727 840
1 3 182 409 591
1 3 5 562 702
1 4 1 32 727 840
1 4 182 409 591 724
1 7 7 32 182 409 591 727 840
1 3 5 562 702
1 4 5 562 702 819
1 8 1 32 159 32 182 409 591 727
1 3 32 173 395
1 3 182 409 591
1 1 28
1 8 32 159 32 32 159 4 351 531
1 4 1 32 182 407
1 2 5 92
1 2 351 531
1 3 1 32 173
1 4 32 182 409 591
1 2 5 91
1 3 182 591 727
1 2 5 91
1 6 1 32 182 409 591 727
1 4 32 182 591 730
1 2 32 181
1 3 182 409 591
1 1 25
1 3 1 32 173
1 3 182 591 729
1 1 28
1 6 32 182 591 727 409 590
1 5 1 32 182 727 840
1 5 4 32 182 727 409
1 4 4 32 409 593
1 4 1 32 351 531
1 2 12 117
1 7 2 4 32 182 409 591 727
1 3 5 562 702
1 4 5 165 409 587
1 4 32 32 173 394
1 1 6
1 5 182 409 591 727 841
1 1 29
1 4 1 32 32 727
1 2 182 406
1 4 32 409 591 727
1 5 32 182 591 727 839
1 6 1 32 159 32 727 409
1 3 1 32 727
1 5 1 32 32 173 395
1 3 182 409 591
1 3 5 562 702
1 5 32 165 409 591 727
1 3 5 562 702
1 2 351 525
1 8 32 4 32 182 409 591 727 837
1 7 4 32 182 591 727 409 587
1 8 4 32 182 409 591 727 840 915
1 2 4 77
1 4 4 32 63 227
1 3 32 63 228
1 3 26 26 26
1 2 15 129
1 3 26 26 26
1 3 26 26 152
1 3 26 26 26
1 3 26 26 26
1 3 26 26 26
1 3 26 26 26
1 3 26 26 26
1 3 26 26 26
1 3 26 26 26
1 2 26 152
1 3 26 26 26
1 5 1 32 182 727 840
1 3 1 32 727
1 2 182 405
1 3 32 15 131
1 5 4 32 182 727 840
1 3 26 26 26
1 2 10 106
1 3 32 182 727
1 5 4 32 182 409 592
1 3 32 165 380
1 5 4 32 182 727 837
1 2 4 81
1 1 8
1 3 4 32 727
1 1 8
1 3 32 159 352
1 1 8
1 3 182 727 842
1 2 12 113
1 1 23
1 2 12 116
1 2 12 112
1 3 32 182 727
1 2 2 47
1 2 160 368
1 3 32 182 727
1 2 5 93
1 2 5 91
1 4 4 32 182 727
1 2 26 152
1 3 2 1 32
1 4 1 32 159 32
1 3 1 32 384
1 4 7 32 384 567
1 7 4 32 32 159 32 3 159
1 3 160 32 159
1 5 32 32 159 32 171
1 5 7 32 159 32 159
1 4 32 4 3 159
1 7 15 32 32 159 32 178 400
1 5 17 32 162 159 353
1 5 1 32 159 32 32
1 3 4 32 3
1 12 32 3 4 1 32 17 32 5 68 165 378 562
1 4 1 32 160 367
1 11 1 7 32 17 32 3 5 68 165 378 562
1 3 32 163 375
1 3 1 32 171
1 5 32 32 159 32 3
1 3 7 32 3
1 4 1 159 32 179
1 3 17 32 3
1 3 1 32 32
1 3 4 32 3
1 3 32 171 383
1 4 1 32 159 3
1 4 32 17 32 3
1 3 3 159 360
1 3 4 4 78
1 4 4 32 159 32
1 4 4 32 159 32
1 2 171 388
1 9 1 32 4 32 4 4 351 524 673
1 5 1 32 3 32 32
1 3 163 32 32
1 5 4 32 32 32 159
1 3 1 32 159
1 2 1 35
1 3 17 32 159
1 3 4 1 32
1 2 160 365
1 3 17 32 159
1 3 17 32 159
1 3 3 159 355
1 2 17 137
1 5 1 32 171 384 567
1 3 1 32 159
1 2 3 64
1 2 4 78
1 2 3 65
1 3 171 384 566
1 3 3 4 79
1 4 1 32 32 159
1 5 3 32 32 3 71
1 4 3 32 3 4
1 4 3 4 3 4
1 3 1 32 160
1 5 3 159 32 3 63
1 4 3 4 3 71
1 4 3 4 3 71
1 2 162 370
1 4 1 32 171 384
1 4 1 32 171 384
1 5 1 32 159 32 384
1 4 1 32 384 566
1 3 1 32 384
1 4 1 32 384 566
1 3 1 32 32
1 4 1 32 159 159
1 6 32 159 32 32 32 160
1 3 32 7 1
1 3 15 32 159
1 4 32 159 159 4
1 3 1 32 4
1 6 1 159 4 32 4 32
1 5 5 3 165 378 562
1 3 1 32 184
1 2 4 76
1 1 28
1 2 12 116
1 2 10 107
1 1 28
1 5 5 3 165 378 562
1 2 32 184
1 2 12 114
1 4 3 159 32 171
1 3 182 409 588
1 5 351 1 32 2 46
1 2 163 377
1 4 1 32 63 227
1 3 27 2 57
1 3 27 2 57
1 2 12 114
1 4 1 32 32 4
1 7 5 3 4 32 165 378 562
1 7 5 3 159 32 165 378 562
1 4 3 32 5 82
1 4 5 3 4 77
1 4 3 32 5 83
1 5 4 1 32 163 375
1 3 32 32 172
1 3 3 5 84
1 6 5 3 32 165 378 562
1 3 3 159 32
1 3 5 3 61
1 6 32 5 3 32 165 562
1 4 5 3 165 562
1 4 5 3 68 238
1 2 1 38
1 4 5 3 165 562
1 6 1 32 5 3 32 180
1 6 3 5 68 165 378 562
1 2 1 39
1 5 5 3 165 378 562
1 6 3 32 5 165 378 562
1 7 32 5 3 32 165 378 562
1 8 1 32 5 3 159 32 165 562
1 6 5 3 68 165 378 562
1 3 5 3 69
1 1 22
1 3 1 32 4
1 5 5 3 32 165 562
1 2 351 526
1 7 3 159 32 5 3 68 238
1 5 32 159 32 178 401
1 6 4 32 159 32 178 401
1 4 1 32 63 227
1 5 5 3 4 32 166
1 6 3 5 32 165 378 562
1 4 32 32 32 32
1 7 17 32 4 3 159 32 159
1 3 1 32 173
1 2 17 134
1 3 2 32 160
1 3 32 15 125
1 6 4 32 159 32 3 60
1 2 1 35
1 4 17 32 159 356
1 7 1 32 159 32 3 159 32
1 4 1 17 32 384
1 7 2 1 32 171 384 567 706
1 11 15 32 159 159 32 3 159 32 159 32 3
1 4 4 32 2 50
1 4 32 32 159 355
1 5 1 32 32 17 32
1 7 32 159 32 159 32 32 173
1 4 32 32 7 32
1 6 4 4 32 32 3 159
1 6 32 159 32 3 63 224
1 4 32 159 32 32
1 5 7 32 4 32 160
1 5 32 3 159 4 32
1 7 32 159 32 3 159 32 3
1 3 1 32 173
1 4 3 159 32 2
1 3 162 159 32
1 9 3 159 32 159 32 5 165 378 562
1 8 5 3 159 32 165 409 378 562
1 7 5 3 159 32 165 378 562
1 2 3 62
1 5 3 159 32 5 82
1 1 18
1 3 7 32 176
1 4 2 1 32 175
1 4 1 32 159 32
1 3 1 32 172
1 7 1 32 5 3 165 378 562
1 3 1 32 160
1 5 3 159 32 63 226
1 1 22
1 5 163 159 32 159 347
1 6 162 159 32 162 159 32
1 6 32 159 159 32 32 32
1 4 1 32 3 4
1 3 1 32 159
1 6 162 32 159 32 159 32
1 5 3 159 32 159 32
1 2 163 373
1 6 4 1 32 159 4 32
1 3 1 32 32
1 3 4 32 159
1 4 32 163 32 182
1 3 4 32 161
1 4 32 159 159 32
1 1 13
1 3 4 32 384
1 3 2 1 32
1 2 4 74
1 8 32 4 32 3 32 3 7 100
1 3 32 159 4
1 5 15 32 159 17 138
1 3 32 160 32
1 3 1 32 160
1 3 160 32 160
1 7 32 32 7 32 5 3 60
1 3 4 32 159
1 1 11
1 3 1 32 182
1 3 27 2 47
1 2 12 114
1 1 30
1 2 160 366
1 4 17 32 171 384
1 4 4 32 171 384
1 4 2 32 7 32
1 4 4 1 32 4
1 4 1 32 171 384
1 4 4 3 159 32
1 5 3 7 32 171 384
1 3 7 32 384
1 3 32 171 384
1 1 13
1 8 1 17 32 159 32 4 1 36
1 3 32 159 32
1 3 1 32 160
1 3 4 32 162
1 4 2 1 32 3
1 3 1 159 32
1 5 3 159 32 159 32
1 8 3 159 32 5 68 165 378 562
1 8 2 1 32 162 159 32 182 408
1 10 4 32 3 159 32 3 159 32 159 348
1 4 1 32 182 404
1 13 4 32 159 32 159 32 4 32 159 159 32 4 32
1 9 1 32 3 159 32 159 32 4 73
1 11 4 32 159 32 4 32 4 32 32 159 32
1 8 32 5 3 159 32 165 378 562
1 5 32 5 165 378 562
1 3 32 159 361
1 8 1 32 4 32 159 32 4 73
1 3 1 32 182
1 2 15 123
1 4 2 32 159 361
1 2 17 133
1 3 1 32 182
1 3 1 32 182
1 2 1 33
1 3 2 32 162
1 3 32 32 178
1 3 17 32 3
1 4 1 32 159 32
1 6 4 32 159 32 32 3
1 3 1 32 32
1 4 32 159 32 3
1 4 32 32 3 4
1 5 1 32 159 17 32
1 4 1 32 32 32
1 7 32 159 32 32 3 68 239
1 3 5 165 562
1 3 1 32 162
1 3 2 32 178
1 3 1 32 171
1 3 1 32 3
1 3 32 3 64
1 5 5 68 165 378 562
1 5 3 4 32 171 384
1 4 1 32 32 3
1 3 1 32 32
1 2 12 115
1 3 1 32 163
1 14 1 32 159 351 1 32 7 1 32 32 32 32 32 32
1 3 2 32 186
1 9 4 351 1 159 159 32 159 7 32
1 9 32 351 1 32 159 159 32 32 7
1 7 32 159 159 159 159 159 355
1 4 32 32 32 32
1 4 32 351 1 33
1 8 1 351 1 32 159 32 159 32
1 8 351 1 32 32 159 159 32 187
1 6 4 5 68 165 378 562
1 2 17 134
1 6 3 4 3 32 3 58
1 17 1 32 32 159 32 4 32 4 1 32 4 4 4 32 159 4 32
1 8 4 32 162 32 162 159 32 169
1 18 4 32 162 159 4 32 162 159 4 32 162 32 162 159 159 32 162 370
1 14 1 32 3 159 32 3 4 32 3 5 68 165 378 562
1 8 1 32 3 159 159 32 3 66
1 4 1 32 163 373
1 2 163 375
1 2 17 136
1 4 2 4 3 58
1 5 4 32 3 159 348
1 4 17 32 3 58
1 8 7 32 159 159 32 4 32 159
1 3 1 32 4
1 4 4 3 159 159
1 5 7 32 32 7 97
1 5 32 32 4 1 32
1 1 11
1 3 15 32 159
1 3 32 159 159
1 6 32 159 32 163 32 163
1 4 32 159 159 4
1 4 162 32 173 392
1 5 1 32 159 32 159
1 3 1 32 4
1 2 3 66
1 8 4 32 159 159 159 159 159 354
1 6 163 32 159 32 32 188
1 12 1 32 159 351 524 670 159 159 351 524 670 793
1 8 4 4 32 159 159 159 159 363
1 3 32 162 369
1 14 2 1 351 1 32 159 7 32 159 32 159 3 63 224
1 10 1 159 159 351 524 670 159 32 32 3
1 8 1 32 159 32 7 1 32 171
1 3 32 3 72
1 9 17 351 524 670 159 32 159 32 171
1 2 1 34
1 2 1 36
1 4 3 159 32 32
1 2 171 389
1 6 1 159 159 159 32 186
1 2 171 389
1 6 1 159 351 1 159 32
1 15 1 159 351 1 32 351 1 159 32 159 159 159 159 32 159
1 4 1 351 524 671
1 4 1 159 32 159
1 10 1 17 351 1 159 159 351 1 159 364
1 3 4 1 36
1 7 1 159 32 159 32 159 351
1 4 1 159 17 135
1 10 351 1 32 159 7 1 32 159 32 159
1 4 1 351 1 32
1 7 1 159 159 17 351 524 672
1 2 171 385
1 9 2 1 351 1 32 32 159 7 1
1 11 1 159 17 351 1 159 32 159 7 1 32
1 9 1 351 1 159 32 159 32 159 159
1 8 1 351 524 670 159 7 1 45
1 3 32 4 32
1 2 32 166
1 1 19
1 1 19
1 1 19
1 1 9
1 4 5 3 68 238
1 9 1 159 351 524 670 159 159 159 159
1 6 5 3 165 409 378 562
1 13 1 159 159 159 159 351 524 670 159 7 1 159 32
1 6 5 3 32 165 409 587
1 2 1 45
1 3 5 3 70
1 4 5 3 165 562
1 8 1 159 351 1 32 159 159 159
1 5 4 1 159 351 524
1 4 3 32 159 348
1 7 1 159 351 524 670 159 353
1 3 5 3 61
1 14 32 32 159 159 159 351 524 670 159 7 1 159 159 159
1 6 5 3 165 409 378 562
1 6 5 3 165 409 378 562
1 4 32 159 17 133
1 3 5 3 65
1 1 31
1 7 5 3 68 165 409 378 562
1 2 17 137
1 2 15 128
1 11 1 351 1 32 159 159 159 159 159 159 343
1 10 1 32 159 17 351 1 32 159 159 159
1 4 1 32 32 187
1 8 1 159 351 524 670 159 159 343
1 7 351 524 670 159 159 159 343
1 2 162 372
1 4 4 1 17 133
1 5 1 351 524 670 159
1 8 351 524 670 159 159 159 159 159
1 4 5 3 159 349
1 4 32 159 351 1
1 4 5 3 4 80
1 3 7 32 187
1 2 10 107
1 3 1 351 1
1 3 1 32 351
1 3 1 32 160
1 11 1 159 159 159 159 351 524 670 159 159 343
1 1 16
1 14 1 159 159 351 1 159 32 159 159 7 1 159 32 159
1 4 5 3 159 362
1 3 3 5 562
1 2 1 36
1 9 1 32 32 32 32 7 1 351 1
1 2 1 37
1 5 4 5 3 68 241
1 3 1 159 351
1 3 2 1 39
1 5 1 7 1 351 1
1 4 1 32 7 98
1 3 32 171 384
1 3 5 3 65
1 4 5 3 165 562
1 9 32 159 32 32 159 159 351 1 159
1 5 1 159 32 159 351
1 5 4 5 3 165 562
1 5 4 32 351 1 39
1 4 5 3 165 562
1 3 1 32 409
1 4 32 159 351 1
1 3 1 7 98
1 7 3 159 32 5 165 378 562
1 4 162 159 351 526
1 4 5 3 159 350
1 4 5 3 159 349
1 8 1 32 4 1 159 7 1 159
1 6 15 32 4 1 159 351
1 8 2 1 32 7 1 159 351 1
1 6 5 3 165 409 378 562
1 4 32 159 159 351
1 6 5 3 32 165 409 587
1 4 1 159 159 351
1 3 32 159 351
1 4 1 7 1 351
1 3 1 7 98
1 4 4 32 4 32
1 6 2 4 32 32 17 136
1 5 32 159 159 32 169
1 1 14
1 4 1 32 384 567
1 6 1 32 171 384 567 706
1 4 32 2 1 42
1 2 3 64
1 4 1 32 159 348
1 3 1 32 160
1 2 171 387
1 4 32 159 32 4
1 4 2 32 32 159
1 5 1 32 159 32 32
1 5 1 32 171 384 567
1 2 5 85
1 6 1 32 171 384 567 707
1 5 3 7 32 171 384
1 5 1 7 1 159 351
1 4 162 32 32 170
1 5 163 159 32 159 32
1 5 3 159 32 171 384
1 5 1 32 171 384 567
1 2 2 48
