784 273
1 6 1 37 2 1 3 71
1 3 4 37 3
1 4 4 37 4 85
1 5 37 4 37 5 92
1 6 1 37 37 3 1 3
1 4 1 37 200 431
1 3 1 37 1
1 3 1 37 37
1 6 37 1 3 4 37 3
1 6 1 37 1 37 1 41
1 7 1 37 37 1 36 37 37
1 5 3 1 37 6 37
1 5 3 4 37 301 708
1 2 3 73
1 3 6 1 37
1 2 6 100
1 9 6 37 1 36 45 1 37 3 74
1 9 4 37 1 37 1 37 45 229 36
1 4 3 1 37 203
1 6 1 6 1 37 1 46
1 5 1 37 3 75 274
1 5 1 37 3 6 102
1 4 1 37 1 37
1 4 3 1 37 205
1 2 11 123
1 3 37 207 443
1 3 1 37 443
1 3 37 207 443
1 4 200 1 37 208
1 2 3 73
1 4 4 37 1 37
1 3 1 37 209
1 3 3 4 84
1 5 37 37 4 37 3
1 4 8 37 5 95
1 3 15 37 198
1 3 37 8 37
1 3 1 37 209
1 5 37 2 37 37 3
1 5 4 37 4 37 3
1 6 3 4 4 4 37 3
1 5 3 37 37 1 3
1 3 4 37 37
1 3 1 37 209
1 3 1 37 5
1 2 5 94
1 5 4 37 1 3 37
1 2 1 48
1 2 443 636
1 2 443 637
1 4 4 1 37 209
1 4 1 37 8 114
1 5 37 37 37 3 37
1 4 1 37 8 114
1 4 37 1 37 3
1 3 1 37 37
1 6 2 1 37 207 443 640
1 2 2 62
1 1 10
1 3 8 37 3
1 3 2 4 89
1 2 198 425
1 4 1 37 212 456
1 3 1 37 443
1 2 198 424
1 4 4 1 37 3
1 4 8 1 37 207
1 4 1 37 443 640
1 4 1 37 1 207
1 4 1 37 207 443
1 4 15 37 1 52
1 5 4 4 37 3 1
1 4 1 37 37 1
1 4 4 1 37 3
1 3 37 3 75
1 3 1 37 3
1 3 1 37 3
1 3 1 37 3
1 4 1 37 37 37
1 3 4 1 37
1 3 4 4 37
1 3 1 4 84
1 4 4 37 200 433
1 3 37 5 37
1 5 4 3 1 6 100
1 3 1 37 4
1 3 8 37 3
1 3 4 37 37
1 3 4 4 1
1 2 14 131
1 3 37 14 136
1 3 37 37 14
1 2 14 136
1 1 16
1 2 14 136
1 5 1 37 3 4 4
1 3 1 37 1
1 2 6 98
1 3 6 37 1
1 2 6 104
1 2 6 98
1 2 6 100
1 3 4 4 1
1 3 15 37 443
1 3 37 1 4
1 2 15 142
1 5 4 37 4 37 37
1 6 1 37 4 37 1 3
1 8 1 37 1 37 1 37 1 37
1 3 37 37 209
1 5 3 1 37 1 3
1 4 1 37 1 207
1 3 37 1 53
1 3 37 209 451
1 3 1 37 209
1 4 1 37 1 53
1 3 8 37 198
1 5 1 37 1 36 196
1 5 15 37 1 36 191
1 5 1 37 1 36 193
1 2 14 137
1 4 1 37 37 3
1 4 1 37 4 3
1 5 1 15 37 1 3
1 4 4 37 37 201
1 3 12 200 434
1 6 4 37 200 1 37 201
1 8 37 4 37 3 6 37 6 103
1 8 1 37 37 6 106 301 529 708
1 3 3 1 37
1 8 2 37 1 37 1 37 1 40
1 3 1 37 207
1 7 6 1 37 6 301 529 708
1 2 3 72
1 7 3 37 3 1 37 3 79
1 3 37 37 4
1 3 37 37 209
1 5 1 37 200 37 198
1 4 1 37 4 89
1 2 4 86
1 5 4 37 3 4 89
1 3 37 3 37
1 7 3 1 3 37 37 37 214
1 3 2 37 443
1 3 1 207 444
1 2 14 132
1 3 1 207 443
1 2 207 444
1 3 4 3 71
1 6 4 37 3 37 3 4
1 3 1 37 1
1 2 1 53
1 8 1 37 3 4 37 1 3 79
1 4 6 97 301 530
1 3 1 37 207
1 2 3 80
1 7 4 37 3 4 37 3 79
1 3 3 1 39
1 2 3 70
1 3 5 37 198
1 3 1 37 15
1 5 6 106 301 529 708
1 4 1 36 37 6
1 5 6 37 301 529 708
1 1 26
1 6 200 1 37 6 37 200
1 4 1 37 4 37
1 7 6 97 1 37 1 37 207
1 4 2 1 37 443
1 1 13
1 2 6 101
1 4 37 2 4 37
1 3 37 37 37
1 2 2 61
1 4 6 97 1 54
1 4 27 398 600 762
1 3 27 174 398
1 3 37 301 531
1 4 2 4 45 238
1 3 27 600 760
1 1 21
1 1 7
1 2 6 109
1 3 6 708 849
1 1 7
1 3 27 398 600
1 1 21
1 3 27 174 398
1 3 6 106 317
1 6 1 37 27 398 600 762
1 2 6 107
1 10 1 37 1 37 1 37 27 174 398 600
1 3 27 174 398
1 8 1 36 36 37 1 37 27 169
1 4 37 37 27 169
1 1 22
1 2 2 59
1 5 1 37 37 212 457
1 2 2 67
1 2 27 175
1 2 37 211
1 2 1 47
1 2 45 240
1 3 1 37 211
1 2 27 175
1 1 25
1 5 1 37 37 212 458
1 5 27 174 398 207 447
1 2 2 68
1 2 2 64
1 5 27 174 398 600 763
1 4 2 37 1 55
1 2 45 239
1 3 1 37 216
1 6 37 4 37 27 398 599
1 2 28 177
1 3 37 1 51
1 6 27 174 398 207 443 642
1 2 29 180
1 2 28 177
1 4 37 14 37 218
1 2 2 65
1 7 6 97 229 301 174 529 708
1 3 37 45 236
1 2 6 105
1 1 17
1 3 14 37 600
1 2 6 108
1 5 37 4 37 174 397
1 2 14 140
1 1 23
1 3 14 37 212
1 2 2 66
1 4 14 37 174 397
1 5 27 398 207 443 641
1 3 37 207 445
1 3 1 37 212
1 6 27 174 398 207 443 642
1 2 29 180
1 3 1 37 212
1 4 27 174 398 598
1 4 37 37 1 55
1 2 45 236
1 6 27 174 398 207 443 642
1 2 29 180
1 5 27 174 398 207 445
1 4 8 37 600 763
1 3 27 174 398
1 2 1 55
1 4 4 37 600 763
1 3 27 174 398
1 3 6 708 849
1 4 1 37 600 763
1 4 27 174 398 597
1 3 1 37 214
1 5 37 27 398 600 758
1 4 1 37 27 169
1 4 6 708 849 943
1 8 1 37 1 37 27 174 398 600
1 1 22
1 3 27 174 398
1 1 30
1 4 27 174 398 600
1 1 31
1 1 30
1 8 37 1 37 37 1 4 45 237
1 4 1 37 27 171
1 2 6 110
1 2 45 237
1 4 37 27 174 398
1 3 27 398 600
1 6 1 37 27 174 398 600
1 4 37 27 398 603
1 2 28 179
1 2 37 215
1 1 26
1 3 1 37 209
1 3 27 398 602
1 2 45 237
1 1 30
1 5 1 37 27 600 763
1 4 37 37 1 56
1 4 27 174 398 600
1 3 37 27 171
1 5 4 37 27 600 762
1 4 37 4 37 174
1 3 27 398 601
1 5 4 37 27 398 601
1 4 4 37 174 400
1 4 1 37 45 237
1 2 12 128
1 4 6 301 174 395
1 2 28 178
1 1 7
1 5 27 174 398 600 764
1 1 32
1 2 27 169
1 4 37 174 398 600
1 5 37 27 398 600 761
1 3 1 37 600
1 3 27 174 398
1 5 37 301 174 398 600
1 3 6 708 849
1 2 45 230
1 8 37 4 37 27 174 398 600 759
1 6 4 37 27 398 600 762
1 2 45 234
1 2 37 204
1 3 28 28 28
1 3 28 28 176
1 2 198 429
1 3 28 28 28
1 3 28 28 28
1 3 28 28 28
1 3 28 28 28
1 3 28 28 28
1 3 28 28 28
1 2 28 176
1 3 28 28 28
1 3 28 28 28
1 2 27 168
1 3 37 14 141
1 5 4 37 27 600 763
1 2 11 121
1 2 27 173
1 2 11 124
1 5 4 37 27 174 399
1 3 37 301 531
1 2 4 91
1 3 4 37 600
1 1 9
1 4 4 37 27 171
1 1 9
1 3 27 600 765
1 2 12 125
1 2 12 127
1 3 37 27 600
1 2 2 61
1 5 2 1 37 600 759
1 3 37 27 600
1 3 37 27 170
1 2 6 109
1 4 4 37 27 600
1 3 6 708 849
1 2 28 176
1 2 14 139
1 4 1 37 1 37
1 3 1 37 443
1 4 8 37 443 640
1 7 4 37 37 1 37 3 1
1 2 198 425
1 5 2 1 37 1 40
1 2 443 637
1 5 8 37 1 37 1
1 4 37 4 3 1
1 6 14 37 37 1 37 213
1 3 1 37 213
1 5 1 37 1 37 37
1 3 4 37 3
1 12 37 3 4 1 37 15 37 6 106 301 529 708
1 4 1 37 198 427
1 11 1 8 37 15 37 3 6 106 301 529 708
1 3 37 200 432
1 3 1 37 207
1 3 8 37 3
1 4 1 36 37 214
1 3 1 37 37
1 3 4 37 3
1 3 37 207 441
1 4 1 37 1 3
1 4 37 15 37 3
1 3 3 1 54
1 4 4 1 37 5
1 3 4 4 88
1 2 4 88
1 4 4 37 1 37
1 1 16
1 4 4 37 1 37
1 2 207 448
1 9 1 37 4 37 4 4 45 229 474
1 5 1 37 3 37 37
1 7 37 3 1 37 4 1 37
1 3 200 37 37
1 2 5 92
1 3 1 37 1
1 3 15 37 1
1 3 4 1 37
1 3 15 37 1
1 4 4 1 37 198
1 3 5 1 40
1 3 1 37 1
1 2 3 76
1 2 4 88
1 2 3 77
1 5 3 37 37 3 81
1 4 3 37 3 4
1 4 3 4 3 4
1 5 3 1 37 3 75
1 2 3 70
1 4 3 4 3 81
1 4 3 4 3 81
1 5 4 4 4 4 90
1 4 1 37 207 443
1 4 1 37 207 443
1 4 1 37 207 443
1 5 3 1 37 207 443
1 4 1 37 443 639
1 3 1 37 443
1 3 1 37 4
1 2 14 131
1 4 1 37 37 1
1 6 37 1 37 37 37 198
1 3 37 8 1
1 3 14 37 1
1 4 37 1 36 192
1 3 1 37 4
1 3 1 36 192
1 5 4 37 1 37 4
1 5 1 37 1 37 1
1 3 37 1 37
1 7 3 1 37 37 3 1 37
1 1 24
1 5 6 97 301 529 708
1 2 2 60
1 3 1 37 217
1 2 4 86
1 2 45 231
1 2 12 127
1 2 11 122
1 1 30
1 5 6 97 301 529 708
1 3 12 200 435
1 5 6 97 106 301 528
1 4 3 1 37 207
1 3 27 174 396
1 3 1 37 204
1 3 12 200 436
1 3 6 97 300
1 5 3 37 6 1 43
1 3 6 97 305
1 3 6 97 300
1 4 3 37 6 98
1 9 1 37 1 37 6 97 301 529 708
1 3 12 200 430
1 3 37 37 208
1 3 1 37 208
1 3 3 6 99
1 5 1 6 106 301 528
1 6 6 97 229 301 529 708
1 3 3 1 37
1 3 6 97 302
1 6 37 6 97 229 301 708
1 4 6 97 301 708
1 4 6 97 106 316
1 3 6 97 300
1 6 3 6 106 301 529 708
1 4 6 97 301 708
1 6 1 6 97 229 301 708
1 6 3 37 6 301 529 708
1 7 37 6 97 229 301 529 708
1 6 6 97 106 301 529 708
1 3 6 97 304
1 1 21
1 3 1 37 4
1 5 6 97 229 301 708
1 7 3 1 37 6 97 106 316
1 1 20
1 3 6 97 300
1 6 3 6 37 301 529 708
1 6 6 97 229 301 529 708
1 2 37 214
1 4 37 37 37 37
1 7 15 37 4 3 1 37 1
1 2 15 143
1 3 2 37 198
1 4 1 37 1 37
1 3 37 14 135
1 6 4 37 1 37 3 71
1 4 1 37 443 639
1 10 37 37 1 37 1 37 4 37 1 37
1 2 1 39
1 4 37 1 37 207
1 6 1 37 1 37 443 639
1 4 15 37 1 49
1 7 1 37 1 37 3 1 37
1 7 2 1 37 207 443 640 797
1 11 14 37 1 36 37 3 1 37 1 37 3
1 4 4 37 2 63
1 4 37 37 1 48
1 5 1 37 37 15 37
1 7 37 1 37 1 37 37 209
1 4 37 37 8 37
1 6 37 1 37 3 75 273
1 4 37 1 37 37
1 5 8 37 4 37 198
1 5 37 3 1 4 37
1 8 1 37 3 1 37 1 37 3
1 3 1 37 1
1 4 3 1 37 2
1 3 5 1 37
1 8 6 97 1 37 301 174 529 708
1 7 6 97 1 37 301 529 708
1 2 3 74
1 6 3 1 37 6 1 43
1 4 3 1 37 37
1 1 19
1 4 2 1 37 211
1 4 1 37 1 37
1 3 1 37 208
1 7 1 37 6 97 301 529 708
1 3 1 37 4
1 4 3 1 37 204
1 6 1 37 1 3 37 1
1 5 200 1 37 1 42
1 6 5 1 37 5 1 37
1 6 37 1 36 37 37 37
1 4 1 37 3 4
1 4 3 1 37 1
1 5 3 1 37 1 37
1 2 200 430
1 4 1 37 207 442
1 5 4 37 45 229 473
1 3 1 37 37
1 3 4 37 1
1 4 37 200 37 27
1 3 4 37 199
1 4 37 1 36 37
1 3 2 1 37
1 2 4 84
1 3 37 1 39
1 5 6 106 301 529 708
1 5 4 37 37 1 37
1 3 37 1 4
1 5 14 37 1 15 147
1 3 37 198 425
1 3 1 37 14
1 2 198 425
1 3 4 37 1
1 2 443 638
1 2 29 180
1 3 12 200 435
1 1 34
1 2 198 426
1 5 1 37 8 37 37
1 2 198 428
1 4 15 37 207 443
1 4 4 37 207 443
1 4 2 37 8 37
1 4 4 1 37 4
1 4 4 3 1 37
1 2 3 73
1 2 14 134
1 3 37 207 443
1 1 13
1 8 1 15 37 1 37 4 1 4
1 3 37 1 37
1 4 1 36 37 3
1 3 1 37 198
1 4 2 1 37 3
1 3 1 36 37
1 5 3 1 37 1 37
1 8 3 1 37 6 106 301 529 708
1 1 20
1 8 2 1 37 5 1 37 27 172
1 4 1 4 37 27
1 4 1 37 37 27
1 4 1 37 27 167
1 13 4 37 1 37 1 37 4 37 1 36 37 4 37
1 11 4 37 1 37 4 37 4 37 37 1 37
1 5 37 6 301 529 708
1 3 37 1 55
1 8 1 37 4 37 1 37 4 83
1 3 1 37 27
1 2 14 131
1 3 37 1 37
1 3 1 37 27
1 3 1 37 27
1 2 1 38
1 3 1 37 443
1 3 15 37 3
1 4 1 37 1 37
1 6 4 37 1 37 37 3
1 4 37 1 37 3
1 1 13
1 4 37 37 3 4
1 4 14 37 4 4
1 5 1 37 1 15 37
1 5 15 37 37 3 37
1 4 1 37 37 37
1 6 37 1 37 37 3 79
1 3 6 301 708
1 3 1 37 5
1 3 2 37 213
1 3 1 37 207
1 3 1 37 3
1 3 37 3 76
1 5 6 106 301 529 708
1 5 3 4 37 207 443
1 7 37 3 6 106 301 529 708
1 7 37 3 6 106 301 529 708
1 4 1 37 37 3
1 3 1 37 37
1 2 12 126
1 3 1 37 200
1 14 1 37 1 45 1 37 8 1 37 37 37 37 37 37
1 3 2 37 220
1 9 4 45 1 36 36 37 1 8 37
1 7 37 1 36 36 36 36 194
1 4 37 37 37 37
1 4 37 45 1 38
1 8 1 45 1 37 1 37 1 37
1 8 45 1 37 37 1 36 37 219
1 2 4 87
1 3 1 37 37
1 2 15 143
1 17 1 37 37 1 37 4 37 4 1 37 4 4 4 37 1 4 37
1 18 4 37 5 1 4 37 5 1 4 37 5 37 5 1 36 37 5 93
1 8 1 37 3 1 36 37 3 78
1 4 1 37 200 430
1 4 2 4 3 69
1 9 4 37 3 1 6 106 301 529 708
1 4 15 37 3 69
1 11 1 37 37 1 37 1 37 1 4 37 37
1 8 8 37 1 36 37 4 37 1
1 3 1 37 4
1 4 4 3 1 36
1 5 8 37 37 8 115
1 5 37 37 4 1 37
1 2 443 637
1 3 14 37 1
1 3 37 1 36
1 6 37 1 37 200 37 200
1 4 5 37 209 452
1 5 1 37 1 37 1
1 3 1 37 4
1 2 3 78
1 7 37 37 37 1 37 1 58
1 8 4 37 1 36 36 36 36 193
1 6 200 37 1 37 37 221
1 16 1 37 1 45 229 36 36 36 45 229 36 37 1 37 1 207
1 8 4 4 37 1 36 36 36 197
1 3 37 5 92
1 14 2 1 45 1 37 1 8 37 1 37 1 3 75 273
1 10 1 36 36 45 229 36 36 37 37 3
1 8 1 37 1 37 8 1 37 207
1 3 37 3 82
1 2 15 145
1 3 1 3 37
1 4 3 1 37 37
1 8 45 1 37 1 36 45 229 473
1 5 1 36 45 229 36
1 6 1 36 36 36 37 220
1 4 1 37 1 37
1 2 207 449
1 6 1 36 45 1 36 37
1 15 1 36 45 1 37 45 1 36 37 1 36 36 36 37 1
1 4 1 45 229 473
1 4 1 36 37 1
1 3 1 15 145
1 11 4 1 4 45 1 36 37 1 37 1 45
1 8 1 36 45 1 37 1 37 207
1 3 1 36 195
1 10 45 1 37 1 8 1 37 1 37 1
1 4 1 45 1 37
1 4 1 36 36 195
1 2 207 442
1 3 1 36 195
1 9 1 45 1 36 37 1 37 1 36
1 3 1 37 1
1 8 1 45 229 36 36 8 1 57
1 2 37 202
1 3 1 37 202
1 1 18
1 1 18
1 1 18
1 4 6 97 106 316
1 9 1 36 45 229 36 36 36 36 36
1 6 6 97 301 174 529 708
1 9 1 45 229 36 37 1 36 36 36
1 5 6 97 301 529 708
1 13 1 36 36 36 36 45 229 36 36 8 1 36 37
1 2 1 57
1 13 1 36 45 1 37 37 8 1 36 36 36 8 116
1 4 6 97 301 708
1 8 1 36 45 1 37 1 36 36
1 4 6 97 301 708
1 8 3 37 1 6 106 301 529 708
1 3 6 97 302
1 14 37 37 1 36 36 45 229 36 36 8 1 36 36 36
1 6 6 97 301 174 529 708
1 2 15 145
1 6 6 97 301 174 529 708
1 4 37 1 15 142
1 3 6 97 303
1 1 33
1 7 6 97 106 301 174 529 708
1 12 1 45 1 37 8 1 36 36 36 8 37 1
1 2 15 146
1 2 14 138
1 11 1 45 1 37 1 36 36 36 36 36 190
1 5 1 37 1 15 145
1 4 1 37 37 219
1 8 1 36 45 229 36 36 36 190
1 3 2 1 57
1 2 1 57
1 7 45 229 36 36 36 36 190
1 2 5 96
1 4 4 1 15 142
1 10 1 36 45 229 36 8 1 36 36 36
1 5 1 45 229 36 36
1 8 45 229 36 36 36 36 36 36
1 10 1 36 36 45 229 36 36 36 36 36
1 3 6 97 302
1 4 6 97 1 43
1 4 37 1 45 1
1 3 37 37 45
1 3 8 37 219
1 2 11 122
1 3 1 45 1
1 3 1 37 198
1 2 45 235
1 11 1 36 36 36 36 45 229 36 36 36 190
1 1 33
1 1 17
1 14 1 36 36 45 1 36 37 1 36 8 1 36 37 1
1 1 35
1 13 1 4 45 1 36 37 1 36 8 1 37 1 8
1 9 1 37 37 37 37 8 1 45 1
1 2 1 40
1 3 37 1 39
1 2 4 87
1 3 1 36 45
1 3 1 4 88
1 5 37 1 45 1 36
1 7 2 1 6 97 301 529 708
1 5 1 8 1 45 1
1 4 1 37 8 117
1 3 37 207 443
1 3 6 97 303
1 4 6 97 301 708
1 9 37 1 37 37 1 36 45 1 36
1 5 1 36 37 1 45
1 5 14 37 1 45 1
1 2 4 87
1 7 1 36 37 1 36 45 233
1 2 14 133
1 3 1 37 174
1 4 37 1 45 1
1 3 37 15 148
1 3 1 8 117
1 7 3 1 37 6 301 529 708
1 4 5 1 45 232
1 4 6 97 1 44
1 4 6 97 1 43
1 8 2 1 37 8 1 36 45 1
1 6 6 97 301 174 529 708
1 6 6 97 229 301 174 395
1 4 1 36 36 45
1 3 37 1 45
1 3 1 8 117
1 6 2 4 37 37 15 144
1 1 16
1 4 1 37 443 640
1 2 37 210
1 6 1 37 207 443 640 797
1 4 37 2 1 50
1 4 1 37 1 6
1 3 1 37 198
1 2 207 446
1 4 37 1 37 4
1 3 4 37 37
1 5 1 37 1 37 37
1 2 4 85
1 5 1 37 207 443 640
1 2 6 100
1 2 3 73
1 2 6 108
1 4 5 37 37 206
1 2 11 123
1 5 200 1 37 1 37
1 4 6 1 37 443
1 5 3 1 37 207 443
1 2 2 62
1 4 4 4 4 1
