784 282
1 6 1 40 2 1 3 74
1 3 5 40 3
1 4 5 40 5 97
1 5 40 5 40 6 105
1 6 1 40 40 3 1 3
1 4 1 40 221 470
1 3 1 40 1
1 3 1 40 40
1 6 40 1 3 5 40 3
1 6 1 40 1 40 1 44
1 7 1 40 40 1 39 40 40
1 5 3 1 40 7 40
1 5 3 5 40 76 293
1 2 3 78
1 3 7 1 40
1 2 7 112
1 9 7 40 1 39 48 1 40 3 79
1 9 5 40 1 40 1 40 48 251 39
1 4 3 1 40 224
1 6 1 7 1 40 1 49
1 5 1 40 3 80 301
1 5 1 40 3 7 115
1 4 1 40 1 40
1 4 3 1 40 226
1 2 12 135
1 3 40 228 482
1 3 1 40 229
1 3 40 228 482
1 4 221 1 40 230
1 2 3 78
1 4 5 40 1 40
1 3 1 40 231
1 3 3 5 96
1 5 40 40 5 40 3
1 4 9 40 6 108
1 3 18 40 219
1 3 40 9 40
1 3 1 40 231
1 5 40 2 40 40 3
1 5 5 40 5 40 3
1 6 3 5 5 5 40 3
1 5 3 40 40 1 3
1 3 5 40 40
1 3 1 40 231
1 3 1 40 6
1 2 6 107
1 5 5 40 1 3 40
1 2 1 51
1 2 14 143
1 2 14 144
1 4 5 1 40 231
1 4 1 40 9 126
1 5 40 40 40 3 40
1 4 1 40 9 126
1 4 40 1 40 3
1 3 1 40 40
1 6 2 1 40 228 482 669
1 2 2 65
1 1 11
1 3 9 40 3
1 3 2 5 102
1 2 4 91
1 4 1 40 234 493
1 3 1 40 229
1 2 4 90
1 4 5 1 40 3
1 4 9 1 40 228
1 4 1 40 229 486
1 4 1 40 1 13
1 4 1 40 228 482
1 4 18 40 1 55
1 5 5 5 40 3 1
1 4 1 40 40 1
1 4 5 1 40 3
1 3 40 3 80
1 3 1 40 3
1 3 1 40 3
1 3 1 40 3
1 4 1 40 40 40
1 3 5 1 40
1 3 5 5 40
1 3 1 5 96
1 4 5 40 221 472
1 3 40 6 40
1 5 5 3 1 7 112
1 3 1 40 5
1 3 9 40 3
1 3 5 40 40
1 3 5 5 1
1 2 17 152
1 3 40 17 157
1 3 40 40 17
1 2 17 157
1 1 19
1 2 17 157
1 5 1 40 3 5 5
1 3 1 40 1
1 2 7 110
1 3 7 40 1
1 2 7 117
1 2 7 110
1 2 7 112
1 3 5 5 1
1 3 18 40 229
1 3 40 1 5
1 2 18 163
1 5 5 40 5 40 40
1 6 1 40 5 40 1 3
1 8 1 40 1 40 1 40 1 40
1 3 40 40 231
1 5 3 1 40 1 3
1 4 1 40 1 13
1 3 40 1 56
1 3 40 231 488
1 3 1 40 231
1 4 1 40 1 56
1 3 9 40 219
1 5 1 40 1 39 217
1 5 18 40 1 39 212
1 5 1 40 1 39 214
1 2 17 158
1 4 1 40 40 3
1 4 1 40 5 3
1 5 1 18 40 1 3
1 4 5 40 40 222
1 3 15 221 473
1 6 5 40 221 1 40 222
1 8 40 5 40 3 7 40 7 116
1 8 1 40 40 7 84 76 295 542
1 3 3 1 40
1 8 2 40 1 40 1 40 1 43
1 3 1 40 228
1 7 7 1 40 7 76 295 542
1 2 3 75
1 7 3 40 3 1 40 3 84
1 3 40 40 5
1 3 40 40 231
1 5 1 40 221 40 219
1 4 1 40 5 102
1 2 5 98
1 5 5 40 3 5 102
1 3 40 3 40
1 7 3 1 3 40 40 40 236
1 3 2 40 229
1 3 1 13 139
1 2 17 153
1 3 1 13 138
1 2 13 139
1 3 5 3 74
1 6 5 40 3 40 3 5
1 3 1 40 1
1 2 1 56
1 9 1 40 3 5 40 1 3 84 308
1 4 7 3 76 296
1 3 1 40 228
1 2 3 86
1 7 5 40 3 5 40 3 84
1 3 3 1 42
1 2 3 73
1 3 6 40 219
1 3 1 40 18
1 5 7 84 76 295 542
1 4 1 39 40 7
1 5 7 40 76 295 542
1 1 29
1 6 221 1 40 7 40 221
1 4 1 40 5 40
1 7 7 3 1 40 1 40 228
1 4 2 1 40 229
1 1 16
1 2 7 114
1 4 40 2 5 40
1 3 40 40 40
1 2 2 64
1 4 7 3 1 57
1 4 30 441 640 783
1 3 30 195 441
1 3 40 76 297
1 4 2 5 48 260
1 3 30 640 781
1 1 24
1 1 8
1 2 7 121
1 3 7 113 346
1 1 8
1 3 30 441 640
1 1 24
1 3 30 195 441
1 3 7 84 311
1 6 1 40 30 441 640 783
1 2 7 119
1 10 1 40 1 40 1 40 30 195 441 640
1 3 30 195 441
1 8 1 39 39 40 1 40 30 190
1 4 40 40 30 190
1 1 25
1 2 2 62
1 5 1 40 40 234 494
1 2 2 70
1 2 30 196
1 2 40 233
1 2 1 50
1 2 48 262
1 3 1 40 233
1 2 30 196
1 1 28
1 5 1 40 40 234 495
1 5 30 195 441 228 484
1 2 2 71
1 2 2 67
1 5 30 195 441 640 784
1 4 2 40 1 58
1 2 48 261
1 3 1 40 238
1 6 40 5 40 30 441 639
1 2 31 198
1 3 40 1 54
1 6 30 195 441 228 482 671
1 1 32
1 2 31 198
1 4 40 17 40 240
1 2 2 68
1 7 7 3 40 76 195 440 636
1 3 40 48 258
1 2 7 118
1 1 20
1 3 17 40 640
1 2 7 120
1 5 40 5 40 195 439
1 2 17 161
1 1 26
1 3 17 40 234
1 2 2 69
1 4 17 40 195 439
1 5 30 441 228 482 670
1 3 40 228 483
1 3 1 40 234
1 6 30 195 441 228 482 671
1 1 32
1 3 1 40 234
1 4 30 195 441 638
1 4 40 40 1 58
1 2 48 258
1 6 30 195 441 228 482 671
1 1 32
1 5 30 195 441 228 483
1 4 9 40 640 784
1 3 30 195 441
1 2 1 58
1 4 5 40 640 784
1 3 30 195 441
1 3 7 113 346
1 4 1 40 640 784
1 4 30 195 441 637
1 3 1 40 236
1 5 40 30 441 640 779
1 4 1 40 30 190
1 4 7 113 346 576
1 8 1 40 1 40 30 195 441 640
1 1 25
1 3 30 195 441
1 1 33
1 4 30 195 441 640
1 1 34
1 1 33
1 8 40 1 40 40 1 5 48 259
1 4 1 40 30 192
1 2 7 122
1 2 48 259
1 4 40 30 195 441
1 3 30 441 640
1 6 1 40 30 195 441 640
1 4 40 30 441 643
1 2 31 200
1 2 40 237
1 1 29
1 3 1 40 231
1 3 30 441 642
1 2 48 259
1 1 33
1 5 1 40 30 640 784
1 4 40 40 1 59
1 4 30 195 441 640
1 3 40 30 192
1 5 5 40 30 640 783
1 4 40 5 40 195
1 3 30 441 641
1 5 5 40 30 441 641
1 4 5 40 195 443
1 4 1 40 48 259
1 2 15 149
1 4 7 76 195 437
1 2 31 199
1 1 8
1 5 30 195 441 640 785
1 1 35
1 2 30 190
1 4 40 195 441 640
1 5 40 30 441 640 782
1 3 1 40 640
1 3 30 195 441
1 5 40 76 195 441 640
1 3 7 113 346
1 2 48 252
1 8 40 5 40 30 195 441 640 780
1 6 5 40 30 441 640 783
1 2 48 256
1 2 40 225
1 3 31 31 31
1 3 31 31 197
1 2 4 94
1 3 31 31 31
1 3 31 31 31
1 3 31 31 31
1 3 31 31 31
1 3 31 31 31
1 3 31 31 31
1 2 31 197
1 3 31 31 31
1 3 31 31 31
1 2 30 189
1 3 40 17 162
1 5 5 40 30 640 784
1 2 12 133
1 2 30 194
1 2 12 136
1 5 5 40 30 195 442
1 3 40 76 297
1 2 5 104
1 3 5 40 640
1 1 10
1 4 5 40 30 192
1 1 10
1 3 30 640 786
1 2 15 146
1 2 15 148
1 3 40 30 640
1 2 2 64
1 5 2 1 40 640 780
1 3 40 30 640
1 3 40 30 191
1 2 7 121
1 4 5 40 30 640
1 3 7 113 346
1 2 31 197
1 2 17 160
1 4 1 40 1 40
1 3 1 40 229
1 4 9 40 229 486
1 7 5 40 40 1 40 3 1
1 2 4 91
1 5 2 1 40 1 43
1 2 14 144
1 5 9 40 1 40 1
1 4 40 5 3 1
1 6 17 40 40 1 40 235
1 3 1 40 235
1 5 1 40 1 40 40
1 3 5 40 3
1 12 40 3 5 1 40 18 40 7 84 76 295 542
1 4 1 40 219 468
1 11 1 9 40 18 40 3 7 84 76 295 542
1 3 40 221 471
1 3 1 40 228
1 3 9 40 3
1 4 1 39 40 236
1 3 1 40 40
1 3 5 40 3
1 3 40 228 480
1 4 1 40 1 3
1 4 40 18 40 3
1 3 3 1 57
1 4 5 1 40 6
1 3 5 5 101
1 2 5 101
1 4 5 40 1 40
1 1 19
1 4 5 40 1 40
1 2 13 141
1 9 1 40 5 40 5 5 48 251 511
1 5 1 40 3 40 40
1 7 40 3 1 40 5 1 40
1 3 221 40 40
1 2 6 105
1 3 1 40 1
1 3 18 40 1
1 3 5 1 40
1 3 18 40 1
1 4 5 1 40 219
1 3 6 1 43
1 3 1 40 1
1 2 3 81
1 2 5 101
1 2 3 82
1 5 3 40 40 3 87
1 4 3 40 3 5
1 4 3 5 3 5
1 5 3 1 40 3 80
1 2 3 73
1 4 3 5 3 87
1 4 3 5 3 87
1 5 5 5 5 5 103
1 4 1 40 228 482
1 4 1 40 228 482
1 4 1 40 228 482
1 5 3 1 40 228 482
1 4 1 40 229 485
1 3 1 40 229
1 3 1 40 5
1 2 17 152
1 4 1 40 40 1
1 6 40 1 40 40 40 219
1 3 40 9 1
1 3 17 40 1
1 4 40 1 39 213
1 3 1 40 5
1 3 1 39 213
1 5 5 40 1 40 5
1 5 1 40 1 40 1
1 3 40 1 40
1 7 3 1 40 40 3 1 40
1 1 27
1 5 7 3 76 295 542
1 2 2 63
1 3 1 40 239
1 2 5 98
1 2 48 253
1 2 15 148
1 2 12 134
1 1 33
1 5 7 3 76 295 542
1 3 15 221 474
1 5 7 3 84 76 294
1 4 3 1 40 228
1 3 30 195 438
1 3 1 40 225
1 3 15 221 475
1 7 7 3 5 40 76 295 542
1 5 3 40 7 1 46
1 3 7 3 88
1 4 7 3 5 100
1 4 3 40 7 110
1 9 1 40 1 40 7 3 76 295 542
1 3 15 221 469
1 3 40 40 230
1 3 1 40 230
1 3 3 7 111
1 5 1 7 84 76 294
1 6 7 3 40 76 295 542
1 3 3 1 40
1 3 7 3 77
1 6 40 7 3 40 76 293
1 4 7 3 76 293
1 4 7 3 84 309
1 5 7 3 5 40 223
1 6 3 7 84 76 295 542
1 4 7 3 76 293
1 6 1 7 3 40 76 293
1 6 3 40 7 76 295 542
1 7 40 7 3 40 76 295 542
1 6 7 3 84 76 295 542
1 3 7 3 85
1 1 24
1 3 1 40 5
1 5 7 3 40 76 293
1 7 3 1 40 7 3 84 309
1 1 23
1 5 7 3 5 40 223
1 6 3 7 40 76 295 542
1 6 7 3 40 76 295 542
1 2 40 236
1 4 40 40 40 40
1 7 18 40 5 3 1 40 1
1 2 18 164
1 3 2 40 219
1 4 1 40 1 40
1 3 40 17 156
1 6 5 40 1 40 3 74
1 4 1 40 229 485
1 10 40 40 1 40 1 40 5 40 1 40
1 2 1 42
1 4 40 1 40 228
1 6 1 40 1 40 229 485
1 4 18 40 1 52
1 7 1 40 1 40 3 1 40
1 6 2 1 40 228 482 669
1 11 17 40 1 39 40 3 1 40 1 40 3
1 4 5 40 2 66
1 4 40 40 1 51
1 5 1 40 40 18 40
1 7 40 1 40 1 40 40 231
1 4 40 40 9 40
1 6 40 1 40 3 80 300
1 4 40 1 40 40
1 5 9 40 5 40 219
1 5 40 3 1 5 40
1 8 1 40 3 1 40 1 40 3
1 3 1 40 1
1 4 3 1 40 2
1 3 6 1 40
1 8 7 3 1 40 76 195 440 636
1 7 7 3 1 40 76 295 542
1 2 3 79
1 6 3 1 40 7 1 46
1 4 3 1 40 40
1 1 22
1 4 2 1 40 233
1 4 1 40 1 40
1 3 1 40 230
1 7 1 40 7 3 76 295 542
1 3 1 40 5
1 4 3 1 40 225
1 6 1 40 1 3 40 1
1 5 221 1 40 1 45
1 6 6 1 40 6 1 40
1 6 40 1 39 40 40 40
1 4 1 40 3 5
1 4 3 1 40 1
1 5 3 1 40 1 40
1 2 221 469
1 4 1 40 228 481
1 5 5 40 48 251 510
1 3 1 40 40
1 3 5 40 1
1 4 40 221 40 30
1 3 5 40 220
1 4 40 1 39 40
1 3 2 1 40
1 2 5 96
1 3 40 1 42
1 5 7 84 76 295 542
1 5 5 40 40 1 40
1 3 40 1 5
1 5 17 40 1 18 168
1 3 40 219 467
1 3 1 40 17
1 2 4 91
1 3 5 40 1
1 2 14 145
1 1 32
1 3 15 221 474
1 1 37
1 2 4 92
1 5 1 40 9 40 40
1 2 4 93
1 4 18 40 228 482
1 4 5 40 228 482
1 4 2 40 9 40
1 4 5 1 40 5
1 4 5 3 1 40
1 2 3 78
1 2 17 155
1 3 40 228 482
1 1 16
1 8 1 18 40 1 40 5 1 5
1 3 40 1 40
1 4 1 39 40 3
1 3 1 40 219
1 4 2 1 40 3
1 3 1 39 40
1 5 3 1 40 1 40
1 8 3 1 40 7 84 76 295 542
1 1 23
1 8 2 1 40 6 1 40 30 193
1 4 1 5 40 30
1 4 1 40 40 30
1 4 1 40 30 188
1 13 5 40 1 40 1 40 5 40 1 39 40 5 40
1 11 5 40 1 40 5 40 5 40 40 1 40
1 5 40 7 76 295 542
1 3 40 1 58
1 8 1 40 5 40 1 40 5 95
1 3 1 40 30
1 2 17 152
1 3 40 1 40
1 3 1 40 30
1 3 1 40 30
1 2 1 41
1 3 1 40 229
1 3 18 40 3
1 4 1 40 1 40
1 6 5 40 1 40 40 3
1 4 40 1 40 3
1 1 16
1 4 40 40 3 5
1 4 17 40 5 5
1 5 1 40 1 18 40
1 5 18 40 40 3 40
1 4 1 40 40 40
1 7 40 1 40 40 3 84 310
1 3 7 76 293
1 3 1 40 6
1 3 2 40 235
1 3 1 40 228
1 3 1 40 3
1 3 40 3 81
1 5 7 84 76 295 542
1 5 3 5 40 228 482
1 7 40 3 7 84 76 295 542
1 7 40 3 7 84 76 295 542
1 4 1 40 40 3
1 3 1 40 40
1 2 15 147
1 3 1 40 221
1 14 1 40 1 48 1 40 9 1 40 40 40 40 40 40
1 3 2 40 242
1 9 5 48 1 39 39 40 1 9 40
1 7 40 1 39 39 39 39 215
1 4 40 40 40 40
1 4 40 48 1 41
1 8 1 48 1 40 1 40 1 40
1 8 48 1 40 40 1 39 40 241
1 2 5 99
1 3 1 40 40
1 2 18 164
1 17 1 40 40 1 40 5 40 5 1 40 5 5 5 40 1 5 40
1 18 5 40 6 1 5 40 6 1 5 40 6 40 6 1 39 40 6 106
1 8 1 40 3 1 39 40 3 83
1 4 1 40 221 469
1 4 2 5 3 72
1 9 5 40 3 1 7 84 76 295 542
1 4 18 40 3 72
1 11 1 40 40 1 40 1 40 1 5 40 40
1 8 9 40 1 39 40 5 40 1
1 3 1 40 5
1 4 5 3 1 39
1 5 9 40 40 9 127
1 5 40 40 5 1 40
1 2 14 144
1 3 17 40 1
1 3 40 1 39
1 6 40 1 40 221 40 221
1 4 6 40 231 489
1 5 1 40 1 40 1
1 3 1 40 5
1 2 3 83
1 7 40 40 40 1 40 1 61
1 8 5 40 1 39 39 39 39 214
1 6 221 40 1 40 40 243
1 16 1 40 1 48 251 39 39 39 48 251 39 40 1 40 1 13
1 8 5 5 40 1 39 39 39 218
1 3 40 6 105
1 14 2 1 48 1 40 1 9 40 1 40 1 3 80 300
1 10 1 39 39 48 251 39 39 40 40 3
1 8 1 40 1 40 9 1 40 228
1 3 40 3 89
1 2 18 166
1 3 1 3 40
1 4 3 1 40 40
1 8 48 1 40 1 39 48 251 510
1 5 1 39 48 251 39
1 6 1 39 39 39 40 242
1 4 1 40 1 40
1 2 13 142
1 6 1 39 48 1 39 40
1 15 1 39 48 1 40 48 1 39 40 1 39 39 39 40 1
1 4 1 48 251 510
1 4 1 39 40 1
1 3 1 18 166
1 11 5 1 5 48 1 39 40 1 40 1 48
1 8 1 39 48 1 40 1 40 228
1 3 1 39 216
1 10 48 1 40 1 9 1 40 1 40 1
1 4 1 48 1 40
1 4 1 39 39 216
1 2 13 137
1 3 1 39 216
1 9 1 48 1 39 40 1 40 1 39
1 3 1 40 1
1 8 1 48 251 39 39 9 1 60
1 2 40 223
1 3 1 40 223
1 1 21
1 1 21
1 1 21
1 4 7 3 84 309
1 9 1 39 48 251 39 39 39 39 39
1 6 7 3 76 195 440 636
1 9 1 48 251 39 40 1 39 39 39
1 5 7 3 76 295 542
1 13 1 39 39 39 39 48 251 39 39 9 1 39 40
1 2 1 60
1 13 1 39 48 1 40 40 9 1 39 39 39 9 128
1 4 7 3 76 293
1 8 1 39 48 1 40 1 39 39
1 4 7 3 76 293
1 8 3 40 1 7 84 76 295 542
1 3 7 3 77
1 14 40 40 1 39 39 48 251 39 39 9 1 39 39 39
1 6 7 3 76 195 440 636
1 2 18 166
1 6 7 3 76 195 440 636
1 4 40 1 18 163
1 3 7 3 82
1 1 36
1 7 7 3 84 76 195 440 636
1 12 1 48 1 40 9 1 39 39 39 9 40 1
1 2 18 167
1 2 17 159
1 11 1 48 1 40 1 39 39 39 39 39 211
1 5 1 40 1 18 166
1 4 1 40 40 241
1 8 1 39 48 251 39 39 39 211
1 3 2 1 60
1 2 1 60
1 7 48 251 39 39 39 39 211
1 2 6 109
1 4 5 1 18 163
1 10 1 39 48 251 39 9 1 39 39 39
1 5 1 48 251 39 39
1 8 48 251 39 39 39 39 39 39
1 10 1 39 39 48 251 39 39 39 39 39
1 3 7 3 77
1 4 7 3 1 46
1 4 40 1 48 1
1 3 40 40 48
1 3 9 40 241
1 2 12 134
1 3 1 48 1
1 3 1 40 219
1 2 48 257
1 11 1 39 39 39 39 48 251 39 39 39 211
1 1 36
1 1 20
1 14 1 39 39 48 1 39 40 1 39 9 1 39 40 1
1 1 38
1 13 1 5 48 1 39 40 1 39 9 1 40 1 9
1 9 1 40 40 40 40 9 1 48 1
1 2 1 43
1 3 40 1 42
1 2 5 99
1 3 1 39 48
1 3 1 5 101
1 5 40 1 48 1 39
1 7 2 1 7 3 76 295 542
1 5 1 9 1 48 1
1 4 1 40 9 129
1 3 40 228 482
1 3 7 3 82
1 4 7 3 76 293
1 9 40 1 40 40 1 39 48 1 39
1 5 1 39 40 1 48
1 5 17 40 1 48 1
1 2 5 99
1 7 1 39 40 1 39 48 255
1 2 17 154
1 3 1 40 195
1 4 40 1 48 1
1 3 40 18 169
1 3 1 9 129
1 7 3 1 40 7 76 295 542
1 4 6 1 48 254
1 4 7 3 1 47
1 4 7 3 1 46
1 8 2 1 40 9 1 39 48 1
1 6 7 3 76 195 440 636
1 6 7 3 40 76 195 437
1 4 1 39 39 48
1 3 40 1 48
1 3 1 9 129
1 6 2 5 40 40 18 165
1 1 19
1 4 1 40 229 486
1 2 40 232
1 5 1 40 228 482 669
1 4 40 2 1 53
1 4 1 40 1 7
1 3 1 40 219
1 2 13 140
1 4 40 1 40 5
1 3 5 40 40
1 5 1 40 1 40 40
1 2 5 97
1 5 1 40 228 482 669
1 2 7 112
1 2 3 78
1 2 7 120
1 4 6 40 40 227
1 2 12 135
1 5 221 1 40 1 40
1 4 7 1 40 229
1 5 3 1 40 228 482
1 2 2 65
1 4 5 5 5 1
