768 278
1 5 1 34 2 1 36
1 3 5 34 3
1 4 5 34 5 79
1 5 5 5 34 5 5
1 5 34 5 34 170 384
1 6 5 34 34 171 167 364
1 4 1 34 171 389
1 3 1 34 167
1 3 1 34 34
1 2 4 74
1 6 34 167 3 5 34 3
1 6 1 34 167 34 167 363
1 7 1 34 34 167 167 34 34
1 5 3 167 34 6 34
1 5 3 5 34 173 393
1 4 3 8 34 6
1 2 6 86
1 9 6 34 167 167 368 1 34 3 62
1 4 3 167 34 175
1 2 1 41
1 5 1 34 3 63 233
1 4 1 34 3 6
1 5 1 34 3 6 92
1 4 1 34 167 34
1 4 3 167 34 177
1 1 11
1 3 1 34 180
1 3 34 181 405
1 4 171 167 34 182
1 4 5 34 167 34
1 3 3 5 78
1 5 34 34 5 34 3
1 7 2 34 5 1 34 34 183
1 3 1 34 183
1 5 5 34 5 34 3
1 6 3 5 5 5 34 3
1 5 3 34 34 167 3
1 3 5 34 34
1 6 3 8 34 34 5 3
1 3 1 34 183
1 3 1 34 170
1 2 170 386
1 5 5 34 167 3 34
1 2 1 43
1 1 12
1 4 5 1 34 183
1 4 1 34 34 184
1 4 17 34 34 3
1 4 1 34 8 101
1 5 34 34 34 3 34
1 4 1 34 8 101
1 6 2 1 34 181 405 587
1 2 2 50
1 1 10
1 3 8 34 3
1 5 1 167 34 5 3
1 2 4 74
1 3 1 34 180
1 2 4 73
1 4 5 1 34 3
1 4 8 1 34 181
1 4 1 34 167 371
1 4 1 34 181 405
1 3 1 34 183
1 7 19 34 167 167 167 34 3
1 4 19 34 167 374
1 5 5 5 34 3 167
1 3 1 34 5
1 3 1 34 34
1 3 34 167 3
1 4 1 34 34 167
1 3 34 3 63
1 3 1 34 3
1 3 34 5 82
1 3 1 34 3
1 4 1 34 34 34
1 3 5 1 34
1 3 5 5 34
1 4 5 34 171 391
1 3 34 170 34
1 3 1 34 5
1 3 8 34 3
1 3 5 5 1
1 3 34 368 551
1 3 34 185 415
1 3 34 34 185
1 3 5 6 87
1 1 16
1 4 6 34 167 5
1 3 6 34 167
1 2 6 95
1 2 6 87
1 3 19 34 180
1 3 34 167 5
1 2 19 140
1 5 5 34 5 34 34
1 6 1 34 5 34 167 3
1 3 34 34 183
1 7 3 167 34 34 167 3 34
1 3 34 167 376
1 3 34 183 408
1 3 1 34 183
1 4 1 34 167 376
1 3 8 34 168
1 5 1 34 167 167 377
1 5 19 34 167 167 3
1 2 2 52
1 2 17 135
1 4 1 34 5 3
1 5 1 19 34 167 3
1 4 5 34 34 172
1 2 14 124
1 6 5 34 171 167 34 172
1 8 34 5 34 3 6 34 6 93
1 8 1 34 34 6 68 173 394 581
1 8 2 34 167 34 167 34 167 362
1 3 1 34 181
1 2 6 86
1 7 3 34 3 167 34 3 68
1 3 34 34 183
1 5 1 34 171 34 168
1 4 1 34 5 83
1 2 5 80
1 5 5 34 3 5 83
1 3 3 68 242
1 7 3 167 3 34 34 34 190
1 3 2 34 180
1 2 19 144
1 2 1 42
1 3 34 167 371
1 2 17 134
1 3 5 3 60
1 6 5 34 3 34 3 5
1 3 1 34 167
1 3 2 1 42
1 4 6 3 173 395
1 3 1 34 181
1 2 3 67
1 7 5 34 3 5 34 3 68
1 3 3 167 361
1 4 1 34 3 68
1 1 23
1 2 3 59
1 3 5 34 167
1 6 1 34 5 5 5 34
1 3 170 34 168
1 4 1 34 170 34
1 4 1 167 34 6
1 5 6 34 173 394 581
1 1 27
1 7 6 3 167 34 173 394 581
1 6 171 167 34 6 34 171
1 7 6 3 167 34 167 34 181
1 4 1 34 6 89
1 4 2 1 34 180
1 1 15
1 2 6 91
1 4 34 2 5 34
1 3 34 34 34
1 3 1 34 183
1 4 6 3 167 377
1 3 193 430 611
1 3 34 173 396
1 4 2 5 368 552
1 3 193 745 855
1 1 24
1 1 7
1 4 5 34 34 430
1 2 6 98
1 2 1 45
1 3 34 34 430
1 3 193 611 745
1 3 5 6 92
1 1 24
1 3 193 430 611
1 3 6 68 245
1 6 1 34 193 611 745 430
1 2 6 96
1 8 1 167 167 34 167 34 193 427
1 1 25
1 4 1 34 34 188
1 2 2 55
1 2 193 431
1 2 34 186
1 2 368 555
1 3 1 34 186
1 4 1 34 2 53
1 1 21
1 1 22
1 2 2 57
1 5 193 430 611 745 857
1 4 2 34 167 378
1 2 368 554
1 3 1 34 194
1 6 34 5 34 193 611 744
1 2 28 160
1 3 34 181 405
1 3 34 167 375
1 3 29 161 353
1 5 17 34 193 611 746
1 2 28 160
1 3 34 185 413
1 2 2 54
1 3 34 368 550
1 2 6 94
1 1 18
1 3 17 34 745
1 2 6 95
1 5 34 5 34 430 608
1 2 17 138
1 1 26
1 4 1 34 183 410
1 4 193 430 611 743
1 3 17 34 188
1 2 2 56
1 4 17 34 430 608
1 3 193 611 743
1 3 34 181 406
1 3 1 34 188
1 4 193 430 611 743
1 3 29 161 353
1 3 1 34 188
1 2 368 550
1 3 29 161 353
1 3 5 368 549
1 4 193 430 611 743
1 3 193 430 611
1 2 8 104
1 2 1 46
1 4 5 34 745 857
1 3 193 430 611
1 3 6 90 272
1 4 1 34 745 857
1 4 193 430 611 742
1 7 8 34 193 430 611 745 857
1 3 6 90 272
1 4 6 90 272 480
1 8 1 34 167 34 193 430 611 745
1 3 34 183 412
1 3 193 430 611
1 1 30
1 8 34 167 34 34 167 5 368 553
1 4 1 34 193 428
1 2 6 97
1 2 368 553
1 3 1 34 183
1 4 34 193 430 611
1 2 6 96
1 3 193 611 745
1 2 6 96
1 6 1 34 193 430 611 745
1 4 34 193 611 748
1 2 34 192
1 3 193 430 611
1 1 27
1 3 1 34 183
1 3 193 611 747
1 1 30
1 6 34 193 611 745 430 610
1 5 1 34 193 745 857
1 5 5 34 193 745 430
1 4 5 34 430 613
1 4 1 34 368 553
1 2 14 127
1 7 2 5 34 193 430 611 745
1 3 6 90 272
1 4 6 173 430 606
1 4 34 34 183 411
1 1 7
1 5 193 430 611 745 858
1 1 31
1 4 1 34 34 745
1 2 193 427
1 4 34 430 611 745
1 5 34 193 611 745 856
1 6 1 34 167 34 745 430
1 3 1 34 745
1 5 1 34 34 183 412
1 3 193 430 611
1 3 6 90 272
1 5 34 173 430 611 745
1 3 6 90 272
1 2 368 547
1 8 34 5 34 193 430 611 745 854
1 7 5 34 193 611 745 430 606
1 8 5 34 193 430 611 745 857 933
1 2 5 81
1 4 5 34 176 399
1 3 34 176 400
1 3 28 28 28
1 2 17 137
1 3 28 28 28
1 3 28 28 159
1 3 28 28 28
1 3 28 28 28
1 3 28 28 28
1 3 28 28 28
1 3 28 28 28
1 3 28 28 28
1 3 28 28 28
1 2 28 159
1 3 28 28 28
1 5 1 34 193 745 857
1 3 1 34 745
1 2 193 426
1 3 34 185 416
1 5 5 34 193 745 857
1 3 28 28 28
1 1 11
1 3 34 193 745
1 5 5 34 193 430 612
1 3 34 173 396
1 5 5 34 193 745 854
1 2 5 85
1 1 9
1 3 5 34 745
1 1 9
1 3 34 167 369
1 1 9
1 3 193 745 859
1 2 14 123
1 1 25
1 2 14 126
1 2 14 122
1 3 34 193 745
1 2 2 49
1 2 4 76
1 3 34 193 745
1 2 6 98
1 2 6 96
1 4 5 34 193 745
1 2 28 159
1 3 2 1 34
1 4 1 34 167 34
1 3 1 34 180
1 4 8 34 180 403
1 7 5 34 34 167 34 3 167
1 2 4 74
1 5 34 34 167 34 181
1 5 8 34 167 34 167
1 4 34 5 3 167
1 7 17 34 34 167 34 189 421
1 5 19 34 170 167 370
1 5 1 34 167 34 34
1 3 5 34 3
1 12 34 3 5 1 34 19 34 6 68 173 394 581
1 4 1 34 168 383
1 11 1 8 34 19 34 3 6 68 173 394 581
1 3 34 171 390
1 3 1 34 181
1 5 34 34 167 34 3
1 3 8 34 3
1 4 1 167 34 190
1 3 19 34 3
1 3 1 34 34
1 3 5 34 3
1 3 34 181 404
1 4 1 34 167 3
1 4 34 19 34 3
1 3 3 167 377
1 3 5 5 82
1 4 5 34 167 34
1 4 5 34 167 34
1 2 13 120
1 9 1 34 5 34 5 5 368 546 692
1 5 1 34 3 34 34
1 3 171 34 34
1 5 5 34 34 34 167
1 3 1 34 167
1 2 1 37
1 3 19 34 167
1 3 5 1 34
1 2 4 73
1 3 19 34 167
1 3 19 34 167
1 3 3 167 372
1 2 19 144
1 5 1 34 181 405 587
1 3 1 34 167
1 2 3 64
1 2 5 82
1 2 3 65
1 2 13 117
1 3 3 5 83
1 4 1 34 34 167
1 5 3 34 34 3 71
1 4 3 34 3 5
1 4 3 5 3 5
1 3 1 34 168
1 5 3 167 34 3 63
1 4 3 5 3 71
1 4 3 5 3 71
1 2 170 385
1 4 1 34 181 405
1 4 1 34 181 405
1 5 1 34 167 34 180
1 4 1 34 180 402
1 3 1 34 180
1 4 1 34 180 402
1 3 1 34 34
1 4 1 34 167 167
1 6 34 167 34 34 34 168
1 3 34 8 1
1 3 17 34 167
1 4 34 167 167 5
1 3 1 34 5
1 6 1 167 5 34 5 34
1 5 6 3 173 394 581
1 3 1 34 195
1 2 5 80
1 1 30
1 2 14 126
1 1 11
1 1 30
1 5 6 3 173 394 581
1 2 34 195
1 2 14 124
1 4 3 167 34 181
1 3 193 430 607
1 5 368 1 34 2 48
1 2 171 392
1 4 1 34 176 399
1 3 29 161 354
1 3 29 161 354
1 2 14 124
1 4 1 34 34 5
1 7 6 3 5 34 173 394 581
1 7 6 3 167 34 173 394 581
1 4 3 34 6 86
1 4 6 3 5 81
1 4 3 34 6 87
1 5 5 1 34 171 390
1 3 34 34 182
1 3 3 6 88
1 6 6 3 34 173 394 581
1 3 3 167 34
1 3 6 3 61
1 6 34 6 3 34 173 393
1 4 6 3 173 393
1 4 6 3 68 243
1 2 1 40
1 4 6 3 173 393
1 6 1 34 6 3 34 191
1 6 3 6 68 173 394 581
1 2 1 41
1 5 6 3 173 394 581
1 6 3 34 6 173 394 581
1 7 34 6 3 34 173 394 581
1 8 1 34 6 3 167 34 173 393
1 6 6 3 68 173 394 581
1 3 6 3 69
1 1 24
1 3 1 34 5
1 5 6 3 34 173 393
1 2 368 548
1 7 3 167 34 6 3 68 243
1 5 34 167 34 189 422
1 6 5 34 167 34 189 422
1 4 1 34 176 399
1 5 6 3 5 34 174
1 6 3 6 34 173 394 581
1 4 34 34 34 34
1 7 19 34 5 3 167 34 167
1 3 1 34 183
1 2 19 141
1 3 2 34 168
1 3 34 185 414
1 6 5 34 167 34 3 60
1 2 1 37
1 4 19 34 167 373
1 7 1 34 167 34 3 167 34
1 4 1 19 34 180
1 7 2 1 34 181 405 587 726
1 11 17 34 167 167 34 3 167 34 167 34 3
1 4 5 34 2 51
1 4 34 34 167 372
1 5 1 34 34 19 34
1 7 34 167 34 167 34 34 183
1 4 34 34 8 34
1 6 5 5 34 34 3 167
1 6 34 167 34 3 63 232
1 4 34 167 34 34
1 5 8 34 5 34 168
1 5 34 3 167 5 34
1 7 34 167 34 3 167 34 3
1 3 1 34 183
1 4 3 167 34 2
1 3 170 167 34
1 9 3 167 34 167 34 6 173 394 581
1 8 6 3 167 34 173 430 609 741
1 7 6 3 167 34 173 394 581
1 2 3 62
1 5 3 167 34 6 86
1 1 20
1 3 8 34 187
1 4 2 1 34 186
1 4 1 34 167 34
1 3 1 34 182
1 7 1 34 6 3 173 394 581
1 3 1 34 168
1 5 3 167 34 176 398
1 1 24
1 5 171 167 34 167 364
1 6 170 167 34 170 167 34
1 6 34 167 167 34 34 34
1 4 1 34 3 5
1 3 1 34 167
1 6 170 34 167 34 167 34
1 5 3 167 34 167 34
1 2 171 388
1 6 5 1 34 167 5 34
1 3 1 34 34
1 3 5 34 167
1 4 34 171 34 193
1 3 5 34 169
1 4 34 167 167 34
1 1 15
1 3 5 34 180
1 3 2 1 34
1 2 5 78
1 8 34 5 34 3 34 3 8 105
1 3 34 167 5
1 5 17 34 167 19 145
1 3 34 168 382
1 3 1 34 168
1 2 4 74
1 7 34 34 8 34 6 3 60
1 3 5 34 167
1 1 12
1 3 1 34 193
1 3 29 161 352
1 2 14 124
1 1 32
1 2 4 75
1 4 19 34 181 405
1 4 5 34 181 405
1 4 2 34 8 34
1 4 5 1 34 5
1 4 1 34 181 405
1 4 5 3 167 34
1 5 3 8 34 181 405
1 3 8 34 180
1 3 34 181 405
1 1 15
1 8 1 19 34 167 34 5 1 38
1 3 34 167 34
1 3 1 34 168
1 3 5 34 170
1 4 2 1 34 3
1 3 1 167 34
1 5 3 167 34 167 34
1 8 3 167 34 6 68 173 394 581
1 8 2 1 34 170 167 34 193 429
1 10 5 34 3 167 34 3 167 34 167 365
1 4 1 34 193 425
1 13 5 34 167 34 167 34 5 34 167 167 34 5 34
1 9 1 34 3 167 34 167 34 5 77
1 11 5 34 167 34 5 34 5 34 34 167 34
1 8 34 6 3 167 34 173 394 581
1 5 34 6 173 394 581
1 3 34 167 378
1 8 1 34 5 34 167 34 5 77
1 3 1 34 193
1 2 17 133
1 4 2 34 167 378
1 2 19 140
1 3 1 34 193
1 3 1 34 193
1 2 1 35
1 3 2 34 170
1 3 34 34 189
1 3 19 34 3
1 4 1 34 167 34
1 6 5 34 167 34 34 3
1 3 1 34 34
1 4 34 167 34 3
1 4 34 34 3 5
1 5 1 34 167 19 34
1 4 1 34 34 34
1 7 34 167 34 34 3 68 244
1 3 6 173 393
1 3 1 34 170
1 3 2 34 189
1 3 1 34 181
1 3 1 34 3
1 3 34 3 64
1 5 6 68 173 394 581
1 5 3 5 34 181 405
1 4 1 34 34 3
1 3 1 34 34
1 2 14 125
1 3 1 34 171
1 14 1 34 167 368 1 34 8 1 34 34 34 34 34 34
1 3 2 34 196
1 9 5 368 1 167 167 34 167 8 34
1 9 34 368 1 34 167 167 34 34 8
1 7 34 167 167 167 167 167 372
1 4 34 34 34 34
1 4 34 368 1 35
1 8 1 368 1 34 167 34 167 34
1 8 368 1 34 34 167 167 34 197
1 6 5 6 68 173 394 581
1 2 19 141
1 6 3 5 3 34 3 58
1 17 1 34 34 167 34 5 34 5 1 34 5 5 5 34 167 5 34
1 8 5 34 170 34 170 167 34 178
1 18 5 34 170 167 5 34 170 167 5 34 170 34 170 167 167 34 170 385
1 14 1 34 3 167 34 3 5 34 3 6 68 173 394 581
1 8 1 34 3 167 167 34 3 66
1 4 1 34 171 388
1 2 171 390
1 2 19 143
1 4 2 5 3 58
1 5 5 34 3 167 365
1 4 19 34 3 58
1 8 8 34 167 167 34 5 34 167
1 3 1 34 5
1 4 5 3 167 167
1 5 8 34 34 8 102
1 5 34 34 5 1 34
1 1 12
1 3 17 34 167
1 3 34 167 167
1 6 34 167 34 171 34 171
1 4 34 167 167 5
1 4 170 34 183 409
1 5 1 34 167 34 167
1 3 1 34 5
1 2 3 66
1 8 5 34 167 167 167 167 167 371
1 6 171 34 167 34 34 198
1 12 1 34 167 368 546 689 167 167 368 546 689 810
1 8 5 5 34 167 167 167 167 380
1 3 34 170 384
1 14 2 1 368 1 34 167 8 34 167 34 167 3 63 232
1 10 1 167 167 368 546 689 167 34 34 3
1 8 1 34 167 34 8 1 34 181
1 3 34 3 72
1 9 19 368 546 689 167 34 167 34 181
1 2 1 36
1 2 1 38
1 4 3 167 34 34
1 2 13 121
1 6 1 167 167 167 34 196
1 2 13 121
1 6 1 167 368 1 167 34
1 15 1 167 368 1 34 368 1 167 34 167 167 167 167 34 167
1 4 1 368 546 690
1 4 1 167 34 167
1 10 1 19 368 1 167 167 368 1 167 381
1 3 5 1 38
1 7 1 167 34 167 34 167 368
1 4 1 167 19 142
1 10 368 1 34 167 8 1 34 167 34 167
1 4 1 368 1 34
1 7 1 167 167 19 368 546 691
1 2 13 118
1 9 2 1 368 1 34 34 167 8 1
1 11 1 167 19 368 1 167 34 167 8 1 34
1 9 1 368 1 167 34 167 34 167 167
1 8 1 368 546 689 167 8 1 47
1 3 34 5 34
1 2 34 174
1 1 21
1 1 21
1 1 21
1 1 10
1 4 6 3 68 243
1 9 1 167 368 546 689 167 167 167 167
1 6 6 3 173 430 609 741
1 13 1 167 167 167 167 368 546 689 167 8 1 167 34
1 6 6 3 34 173 430 606
1 2 1 47
1 3 6 3 70
1 4 6 3 173 393
1 8 1 167 368 1 34 167 167 167
1 5 5 1 167 368 546
1 4 3 34 167 365
1 7 1 167 368 546 689 167 370
1 3 6 3 61
1 14 34 34 167 167 167 368 546 689 167 8 1 167 167 167
1 6 6 3 173 430 609 741
1 6 6 3 173 430 609 741
1 4 34 167 19 140
1 3 6 3 65
1 1 33
1 7 6 3 68 173 430 609 741
1 2 19 144
1 2 17 136
1 11 1 368 1 34 167 167 167 167 167 167 360
1 10 1 34 167 19 368 1 34 167 167 167
1 4 1 34 34 197
1 8 1 167 368 546 689 167 167 360
1 7 368 546 689 167 167 167 360
1 2 170 387
1 4 5 1 19 140
1 5 1 368 546 689 167
1 8 368 546 689 167 167 167 167 167
1 4 6 3 167 366
1 4 34 167 368 1
1 4 6 3 5 84
1 3 8 34 197
1 1 11
1 3 1 368 1
1 3 1 34 368
1 3 1 34 168
1 11 1 167 167 167 167 368 546 689 167 167 360
1 1 18
1 14 1 167 167 368 1 167 34 167 167 8 1 167 34 167
1 4 6 3 167 379
1 3 3 6 90
1 2 1 38
1 9 1 34 34 34 34 8 1 368 1
1 2 1 39
1 5 5 6 3 68 246
1 3 1 167 368
1 3 2 1 41
1 5 1 8 1 368 1
1 4 1 34 8 103
1 3 34 181 405
1 3 6 3 65
1 4 6 3 173 393
1 9 34 167 34 34 167 167 368 1 167
1 5 1 167 34 167 368
1 5 5 6 3 173 393
1 5 5 34 368 1 41
1 4 6 3 173 393
1 3 1 34 430
1 4 34 167 368 1
1 3 1 8 103
1 7 3 167 34 6 173 394 581
1 4 170 167 368 548
1 4 6 3 167 367
1 4 6 3 167 366
1 8 1 34 5 1 167 8 1 167
1 6 17 34 5 1 167 368
1 8 2 1 34 8 1 167 368 1
1 6 6 3 173 430 609 741
1 4 34 167 167 368
1 6 6 3 34 173 430 606
1 4 1 167 167 368
1 3 34 167 368
1 4 1 8 1 368
1 3 1 8 103
1 4 5 34 5 34
1 6 2 5 34 34 19 143
1 5 34 167 167 34 178
1 1 16
1 4 1 34 180 403
1 6 1 34 181 405 587 726
1 4 34 2 1 44
1 2 3 64
1 4 1 34 167 365
1 3 1 34 168
1 2 13 119
1 4 34 167 34 5
1 4 2 34 34 167
1 5 1 34 167 34 34
1 5 1 34 181 405 587
1 2 6 89
1 6 1 34 181 405 587 727
1 5 3 8 34 181 405
1 5 1 8 1 167 368
1 4 170 34 34 179
1 5 171 167 34 167 34
1 5 3 167 34 181 405
1 5 1 34 181 405 587
1 2 2 50
