965 323
1 5 1 36 2 1 38
1 3 5 36 3
1 4 5 36 5 90
1 5 5 5 36 5 5
1 5 36 5 36 194 430
1 6 1 36 36 3 1 38
1 6 5 36 36 195 191 412
1 4 1 36 195 436
1 3 1 36 191
1 3 1 36 36
1 2 4 84
1 6 36 191 3 5 36 3
1 6 1 36 191 36 191 411
1 7 1 36 36 191 191 36 36
1 5 3 1 36 6 36
1 5 3 5 36 197 443
1 4 3 8 36 6
1 3 6 1 36
1 3 6 6 101
1 9 6 36 191 191 414 1 36 3 71
1 9 5 36 191 36 191 36 414 617 786
1 4 3 1 36 199
1 6 1 6 1 36 191 416
1 5 1 36 3 72 267
1 4 1 36 3 6
1 5 1 36 3 6 102
1 4 1 36 191 36
1 4 3 1 36 201
1 2 11 126
1 3 36 204 456
1 3 1 36 205
1 3 36 204 456
1 4 195 191 36 206
1 5 3 8 36 191 415
1 4 5 36 191 36
1 3 1 36 207
1 3 3 5 89
1 5 36 36 5 36 3
1 4 8 36 194 433
1 3 16 36 192
1 3 36 8 36
1 7 2 36 5 1 36 36 207
1 3 1 36 207
1 5 36 2 36 36 3
1 5 5 36 5 36 3
1 6 3 5 5 5 36 3
1 5 3 36 36 191 3
1 3 5 36 36
1 6 3 8 36 36 5 3
1 3 1 36 207
1 3 1 36 194
1 2 194 432
1 5 5 36 191 3 36
1 2 1 46
1 2 12 128
1 2 12 129
1 4 5 1 36 207
1 4 1 36 36 208
1 4 15 36 36 3
1 4 1 36 8 113
1 5 36 36 36 3 36
1 4 1 36 8 113
1 4 36 191 36 3
1 3 1 36 36
1 6 2 1 36 204 456 671
1 2 2 56
1 1 10
1 3 8 36 3
1 3 2 5 93
1 5 1 191 36 5 3
1 2 4 84
1 4 1 36 210 474
1 3 1 36 205
1 2 4 83
1 4 5 1 36 3
1 4 8 1 36 204
1 4 1 36 205 464
1 4 1 36 191 204
1 4 1 36 204 456
1 3 1 36 207
1 7 16 36 191 191 191 36 3
1 4 16 36 191 421
1 5 5 5 36 3 1
1 3 1 36 5
1 3 1 36 36
1 3 36 191 3
1 4 1 36 36 191
1 4 5 1 36 3
1 3 36 3 72
1 3 1 36 3
1 3 36 5 204
1 3 1 36 3
1 3 1 36 3
1 4 1 36 36 36
1 3 5 1 36
1 3 5 5 36
1 3 1 5 89
1 4 5 36 195 438
1 3 36 194 36
1 5 5 3 1 6 6
1 3 1 36 5
1 3 8 36 3
1 3 5 36 36
1 3 5 5 1
1 2 15 139
1 3 36 414 626
1 3 36 15 144
1 3 36 36 15
1 2 15 144
1 3 5 6 98
1 1 17
1 2 15 144
1 5 1 36 3 5 5
1 3 1 36 191
1 4 6 36 191 5
1 2 6 98
1 3 6 36 191
1 2 6 104
1 2 6 106
1 2 6 98
1 5 6 6 36 5 94
1 3 5 5 1
1 3 16 36 205
1 3 36 191 5
1 2 16 150
1 5 5 36 5 36 36
1 6 1 36 5 36 191 3
1 8 1 36 191 36 191 36 191 36
1 3 36 36 207
1 7 3 1 36 36 191 3 36
1 5 3 1 36 191 3
1 4 1 36 191 204
1 3 36 191 422
1 3 36 207 466
1 3 1 36 207
1 4 1 36 191 422
1 3 8 36 192
1 5 1 36 191 191 423
1 5 16 36 191 191 3
1 2 2 59
1 5 1 36 191 191 204
1 2 15 145
1 4 1 36 36 3
1 4 1 36 5 3
1 5 1 16 36 191 3
1 4 5 36 36 196
1 3 13 195 439
1 6 5 36 195 191 36 196
1 8 36 5 36 3 6 36 6 103
1 8 1 36 36 6 77 197 445 658
1 3 3 1 36
1 8 2 36 191 36 191 36 191 410
1 3 1 36 204
1 7 6 1 36 6 197 445 658
1 2 3 69
1 7 3 36 3 1 36 3 77
1 3 36 36 5
1 3 36 36 207
1 5 1 36 195 36 192
1 4 1 36 5 93
1 2 5 91
1 5 5 36 3 5 93
1 3 36 3 36
1 3 3 77 276
1 3 3 1 38
1 3 2 36 205
1 2 16 154
1 2 1 44
1 4 36 191 204 457
1 2 15 140
1 2 1 44
1 2 204 457
1 3 5 3 68
1 6 5 36 3 36 3 5
1 3 1 36 191
1 3 2 1 44
1 2 1 48
1 9 1 36 3 5 36 191 3 77 277
1 4 6 3 197 446
1 3 1 36 204
1 2 3 76
1 7 5 36 3 5 36 3 77
1 3 3 1 39
1 4 1 36 3 77
1 1 22
1 2 3 67
1 3 5 36 191
1 6 1 36 5 5 5 36
1 3 194 36 192
1 4 1 36 194 36
1 3 1 36 16
1 5 6 77 197 445 658
1 4 1 191 36 6
1 5 6 36 197 445 658
1 1 27
1 7 6 3 1 36 197 445 658
1 6 195 191 36 6 36 195
1 4 1 36 5 36
1 7 6 3 1 36 191 36 204
1 8 1 36 6 6 77 197 445 658
1 4 2 1 36 205
1 1 14
1 2 6 101
1 4 36 2 5 36
1 3 36 36 36
1 3 1 36 207
1 2 2 55
1 4 6 3 1 49
1 5 216 703 864 28 180
1 3 216 491 703
1 3 36 197 448
1 4 2 5 414 628
1 3 216 864 995
1 1 23
1 1 7
1 4 5 36 36 447
1 2 6 108
1 2 1 49
1 3 6 100 305
1 1 7
1 3 36 36 447
1 3 216 703 864
1 3 5 6 102
1 1 23
1 3 216 491 703
1 3 6 77 280
1 6 1 36 216 703 864 28
1 2 6 107
1 10 1 36 191 36 191 36 216 491 703 864
1 3 216 491 703
1 8 1 191 191 36 191 36 216 486
1 4 36 36 216 486
1 1 24
1 2 2 53
1 5 1 36 36 210 475
1 2 2 63
1 2 216 492
1 2 36 209
1 2 1 45
1 2 414 630
1 3 1 36 209
1 4 1 36 2 60
1 2 216 492
1 2 19 161
1 1 21
1 5 1 36 36 210 476
1 5 216 491 703 204 460
1 2 2 64
1 2 2 59
1 5 216 491 703 864 997
1 4 2 36 191 424
1 2 414 629
1 3 1 36 217
1 6 36 5 36 216 703 863
1 2 28 179
1 3 36 204 456
1 3 36 191 420
1 6 216 491 703 204 456 673
1 3 29 2 57
1 5 15 36 216 703 865
1 2 28 179
1 4 36 15 36 219
1 2 2 61
1 7 6 3 36 197 447 662 829
1 3 36 414 625
1 2 6 105
1 1 18
1 3 15 36 864
1 2 6 106
1 5 36 5 36 447 661
1 2 15 148
1 1 25
1 4 1 36 207 468
1 6 216 491 703 204 456 673
1 3 15 36 210
1 2 2 62
1 4 15 36 447 661
1 5 216 703 204 456 672
1 3 36 204 458
1 3 1 36 210
1 6 216 491 703 204 456 673
1 3 29 2 57
1 3 1 36 210
1 4 216 491 703 862
1 4 36 36 191 424
1 2 414 625
1 6 216 491 703 204 456 673
1 3 29 2 57
1 3 5 414 623
1 5 216 491 703 204 458
1 4 8 36 864 997
1 3 216 491 703
1 2 8 117
1 2 1 50
1 4 5 36 864 997
1 3 216 491 703
1 3 6 100 305
1 4 1 36 864 997
1 4 216 491 703 861
1 7 8 36 216 491 703 864 997
1 3 6 100 305
1 3 1 36 213
1 5 36 216 703 864 993
1 4 1 36 216 486
1 4 6 100 305 549
1 8 1 36 191 36 216 491 703 864
1 1 24
1 3 36 207 470
1 3 216 491 703
1 2 30 183
1 4 216 491 703 864
1 1 31
1 2 30 184
1 8 36 191 36 36 191 5 414 627
1 4 1 36 216 488
1 2 6 109
1 2 414 627
1 3 1 36 207
1 4 36 216 491 703
1 2 6 107
1 3 216 703 864
1 2 6 107
1 6 1 36 216 491 703 864
1 4 36 216 703 867
1 2 28 181
1 2 36 215
1 3 216 491 703
1 1 27
1 3 1 36 207
1 3 216 703 866
1 2 414 627
1 2 30 184
1 6 36 216 703 864 28 28
1 5 1 36 216 864 997
1 4 36 36 191 425
1 4 216 491 703 864
1 3 36 216 488
1 5 5 36 216 864 28
1 4 36 5 36 447
1 3 216 703 865
1 5 5 36 216 703 865
1 4 5 36 447 664
1 4 1 36 414 627
1 2 13 135
1 7 2 5 36 216 491 703 864
1 3 6 100 305
1 4 6 197 447 660
1 2 28 180
1 4 36 36 207 469
1 1 7
1 5 216 491 703 864 998
1 1 32
1 4 1 36 36 864
1 2 216 486
1 3 36 447 663
1 5 36 216 703 864 996
1 6 1 36 191 36 864 28
1 3 1 36 864
1 5 1 36 36 207 470
1 3 216 491 703
1 3 6 100 305
1 4 36 197 447 663
1 3 6 100 305
1 2 414 618
1 8 36 5 36 216 491 703 864 994
1 7 5 36 216 703 864 28 178
1 8 5 36 216 491 703 864 997 1092
1 2 5 92
1 4 5 36 200 451
1 2 414 622
1 3 36 200 452
1 3 28 28 28
1 2 15 147
1 3 28 28 28
1 3 28 28 177
1 3 28 28 28
1 2 4 87
1 3 28 28 28
1 3 28 28 28
1 3 28 28 28
1 3 28 28 28
1 3 28 28 28
1 3 28 28 28
1 3 28 28 28
1 2 28 177
1 3 28 28 28
1 3 28 28 28
1 5 1 36 216 864 997
1 3 1 36 864
1 2 216 485
1 3 36 15 149
1 5 5 36 216 864 997
1 3 28 28 28
1 2 11 124
1 2 216 490
1 3 36 216 864
1 2 11 127
1 5 5 36 216 491 704
1 3 36 197 448
1 5 5 36 216 864 994
1 2 5 97
1 1 9
1 3 5 36 864
1 1 9
1 3 36 191 415
1 4 5 36 216 488
1 1 9
1 3 216 864 999
1 2 13 132
1 1 24
1 2 13 134
1 2 13 131
1 3 36 216 864
1 2 2 55
1 5 2 1 36 864 994
1 2 4 87
1 3 36 216 864
1 3 36 216 487
1 2 6 108
1 2 6 107
1 4 5 36 216 864
1 3 6 100 305
1 2 28 177
1 2 15 147
1 3 2 1 36
1 4 1 36 191 36
1 3 1 36 205
1 4 8 36 205 464
1 7 5 36 36 191 36 3 1
1 2 4 84
1 5 2 1 36 191 410
1 5 36 36 191 36 204
1 2 12 129
1 5 8 36 191 36 191
1 4 36 5 3 1
1 7 15 36 36 191 36 212 478
1 3 1 36 212
1 5 16 36 194 191 417
1 5 1 36 191 36 36
1 3 5 36 3
1 12 36 3 5 1 36 16 36 6 77 197 445 658
1 4 1 36 192 429
1 11 1 8 36 16 36 3 6 77 197 445 658
1 3 36 195 437
1 3 1 36 204
1 5 36 36 191 36 3
1 3 8 36 3
1 4 1 191 36 213
1 3 16 36 3
1 3 1 36 36
1 3 5 36 3
1 3 36 204 454
1 4 1 36 191 3
1 4 36 16 36 3
1 3 3 1 49
1 4 5 1 36 194
1 4 5 5 204 461
1 3 5 204 461
1 4 5 36 191 36
1 1 17
1 4 5 36 191 36
1 2 204 461
1 9 1 36 5 36 5 5 414 617 790
1 5 1 36 3 36 36
1 7 36 3 1 36 5 1 36
1 3 195 36 36
1 2 194 430
1 5 5 36 36 36 191
1 3 1 36 191
1 2 1 39
1 3 16 36 191
1 3 5 1 36
1 2 4 83
1 3 16 36 191
1 3 16 36 191
1 4 5 1 36 192
1 3 3 1 46
1 2 16 154
1 5 1 36 204 456 671
1 3 194 191 410
1 3 1 36 191
1 2 3 73
1 3 5 204 456
1 2 3 74
1 3 204 456 670
1 3 3 5 93
1 4 1 36 36 191
1 5 3 36 36 3 79
1 4 3 36 3 5
1 4 3 5 3 5
1 3 1 36 192
1 5 3 1 36 3 72
1 2 3 67
1 4 3 5 3 79
1 4 3 5 3 79
1 2 194 431
1 5 5 5 5 5 96
1 4 1 36 204 456
1 4 1 36 204 456
1 4 1 36 204 456
1 5 3 1 36 204 456
1 5 1 36 191 36 205
1 4 1 36 205 463
1 3 1 36 205
1 4 1 36 205 463
1 3 1 36 36
1 4 1 36 191 191
1 3 1 36 5
1 2 15 139
1 4 1 36 36 191
1 6 36 191 36 36 36 192
1 3 36 8 1
1 3 15 36 191
1 4 36 191 191 5
1 3 1 36 5
1 6 1 191 5 36 5 36
1 5 5 36 191 36 5
1 5 1 36 191 36 191
1 3 36 191 36
1 7 3 1 36 36 3 1 36
1 1 26
1 5 6 3 197 445 658
1 2 2 54
1 3 1 36 218
1 2 5 91
1 2 414 619
1 2 30 182
1 2 13 134
1 2 11 125
1 2 30 182
1 5 6 3 197 445 658
1 2 36 218
1 3 13 195 440
1 5 6 3 77 197 444
1 4 3 1 36 204
1 3 216 491 702
1 5 414 1 36 2 54
1 2 195 442
1 4 1 36 200 451
1 3 29 2 65
1 3 29 2 65
1 3 13 195 441
1 4 1 36 36 5
1 7 6 3 5 36 197 445 658
1 7 6 3 1 36 197 445 658
1 5 3 36 6 1 42
1 3 6 3 81
1 4 6 3 5 92
1 4 3 36 6 98
1 9 1 36 191 36 6 3 197 445 658
1 3 13 195 435
1 5 5 1 36 195 437
1 3 36 36 206
1 3 1 36 206
1 3 3 6 99
1 5 1 6 77 197 444
1 6 6 3 36 197 445 658
1 3 3 1 36
1 3 6 3 70
1 6 36 6 3 36 197 443
1 4 6 3 197 443
1 4 6 3 77 278
1 2 1 41
1 4 6 3 197 443
1 6 1 36 6 3 36 214
1 5 6 3 5 36 198
1 6 3 6 77 197 445 658
1 4 6 3 197 443
1 6 1 6 3 36 197 443
1 5 6 3 197 445 658
1 6 3 36 6 197 445 658
1 7 36 6 3 36 197 445 658
1 8 1 36 6 3 1 36 197 443
1 6 6 3 77 197 445 658
1 3 6 3 78
1 1 23
1 3 1 36 5
1 5 6 3 36 197 443
1 2 414 620
1 7 3 1 36 6 3 77 278
1 5 36 191 36 212 479
1 1 22
1 6 5 36 191 36 212 479
1 4 1 36 200 451
1 5 6 3 5 36 198
1 6 3 6 36 197 445 658
1 6 6 3 36 197 445 658
1 2 36 213
1 4 36 36 36 36
1 7 16 36 5 3 1 36 191
1 3 1 36 207
1 2 16 151
1 3 2 36 192
1 4 1 36 191 36
1 3 36 15 143
1 6 5 36 191 36 3 68
1 4 1 36 205 463
1 10 36 36 191 36 191 36 5 36 191 36
1 2 1 39
1 4 36 191 36 204
1 6 1 36 191 36 205 463
1 4 16 36 191 419
1 7 1 36 191 36 3 1 36
1 4 1 16 36 205
1 7 2 1 36 204 456 671 836
1 11 15 36 191 191 36 3 1 36 191 36 3
1 4 5 36 2 58
1 4 36 36 191 418
1 5 1 36 36 16 36
1 7 36 191 36 191 36 36 207
1 4 36 36 8 36
1 6 5 5 36 36 3 1
1 6 36 191 36 3 72 266
1 4 36 191 36 36
1 5 8 36 5 36 192
1 5 36 3 1 5 36
1 8 1 36 3 1 36 191 36 3
1 7 36 191 36 3 1 36 3
1 3 1 36 191
1 3 1 36 207
1 4 3 1 36 2
1 3 194 191 36
1 9 3 1 36 191 36 6 197 445 658
1 8 6 3 1 36 197 447 662 829
1 7 6 3 1 36 197 445 658
1 2 3 71
1 6 3 1 36 6 1 42
1 4 3 1 36 36
1 1 20
1 3 8 36 211
1 4 2 1 36 209
1 4 1 36 191 36
1 3 1 36 206
1 7 1 36 6 3 197 445 658
1 3 1 36 192
1 3 1 36 5
1 5 3 1 36 200 450
1 6 1 36 191 3 36 191
1 1 23
1 5 195 191 36 191 412
1 6 194 191 36 194 191 36
1 6 36 191 191 36 36 36
1 4 1 36 3 5
1 3 1 36 191
1 6 194 36 191 36 191 36
1 4 3 1 36 191
1 5 3 1 36 191 36
1 2 195 435
1 4 1 36 204 455
1 5 5 36 414 617 787
1 6 5 1 36 191 5 36
1 3 1 36 36
1 3 5 36 191
1 4 36 195 36 216
1 3 5 36 193
1 4 36 191 191 36
1 1 14
1 3 5 36 205
1 3 2 1 36
1 2 5 89
1 3 36 191 409
1 8 36 5 36 3 36 3 8 118
1 5 6 77 197 445 658
1 5 5 36 36 191 36
1 3 36 191 5
1 5 15 36 191 16 155
1 3 36 192 428
1 3 1 36 15
1 3 1 36 192
1 2 4 84
1 7 36 36 8 36 6 3 68
1 3 5 36 191
1 2 12 130
1 3 1 36 216
1 3 29 2 55
1 3 13 195 440
1 1 34
1 2 4 85
1 5 1 36 8 36 36
1 2 4 86
1 4 16 36 204 456
1 4 5 36 204 456
1 4 2 36 8 36
1 4 5 1 36 5
1 4 1 36 204 456
1 4 5 3 1 36
1 5 3 8 36 204 456
1 2 15 142
1 3 8 36 205
1 3 36 204 456
1 1 14
1 8 1 16 36 191 36 5 1 5
1 3 36 191 36
1 4 1 191 36 3
1 3 1 36 192
1 3 5 36 194
1 4 2 1 36 3
1 3 1 191 36
1 5 3 1 36 191 36
1 8 3 1 36 6 77 197 445 658
1 1 22
1 8 2 1 36 194 191 36 216 489
1 4 1 5 36 216
1 10 5 36 3 1 36 3 1 36 191 413
1 4 1 36 36 216
1 4 1 36 216 484
1 13 5 36 191 36 191 36 5 36 191 191 36 5 36
1 9 1 36 3 1 36 191 36 5 88
1 11 5 36 191 36 5 36 5 36 36 191 36
1 8 36 6 3 1 36 197 445 658
1 5 36 6 197 445 658
1 3 36 191 424
1 8 1 36 5 36 191 36 5 88
1 3 1 36 216
1 2 15 139
1 4 2 36 191 424
1 3 36 191 36
1 2 16 150
1 3 1 36 216
1 3 1 36 216
1 2 1 37
1 3 1 36 205
1 3 2 36 194
1 3 36 36 212
1 3 16 36 3
1 4 1 36 191 36
1 6 5 36 191 36 36 3
1 3 1 36 36
1 4 36 191 36 3
1 1 14
1 4 36 36 3 5
1 4 15 36 5 5
1 5 1 36 191 16 36
1 5 16 36 36 3 36
1 4 1 36 36 36
1 7 36 191 36 36 3 77 279
1 3 6 197 443
1 3 1 36 194
1 3 2 36 212
1 3 1 36 204
1 3 1 36 3
1 3 36 3 73
1 5 6 77 197 445 658
1 5 3 5 36 204 456
1 7 36 3 6 77 197 445 658
1 7 36 3 6 77 197 445 658
1 4 1 36 36 3
1 3 1 36 36
1 2 13 133
1 3 1 36 195
1 14 1 36 191 414 1 36 8 1 36 36 36 36 36 36
1 3 2 36 221
1 9 5 414 1 191 191 36 191 8 36
1 9 36 414 1 36 191 191 36 36 8
1 7 36 191 191 191 191 191 418
1 4 36 36 36 36
1 4 36 414 1 37
1 8 1 414 1 36 191 36 191 36
1 8 414 1 36 36 191 191 36 220
1 6 5 6 77 197 445 658
1 3 1 36 36
1 2 16 151
1 6 3 5 3 36 3 66
1 17 1 36 36 191 36 5 36 5 1 36 5 5 5 36 191 5 36
1 8 5 36 194 36 194 191 36 202
1 18 5 36 194 191 5 36 194 191 5 36 194 36 194 191 191 36 194 431
1 14 1 36 3 1 36 3 5 36 3 6 77 197 445 658
1 8 1 36 3 1 191 36 3 75
1 4 1 36 195 435
1 2 195 437
1 2 16 153
1 4 2 5 3 66
1 9 5 36 3 1 6 77 197 445 658
1 4 16 36 3 66
1 11 1 36 36 191 36 191 36 191 5 36 36
1 8 8 36 191 191 36 5 36 191
1 3 1 36 5
1 4 5 3 1 191
1 5 8 36 36 8 114
1 5 36 36 5 1 36
1 2 12 129
1 3 15 36 191
1 3 36 191 191
1 6 36 191 36 195 36 195
1 4 36 191 191 5
1 4 194 36 207 467
1 5 1 36 191 36 191
1 3 1 36 5
1 2 3 75
1 7 36 36 36 191 36 191 427
1 9 5 36 191 191 191 191 191 204 455
1 6 195 36 191 36 36 222
1 12 1 36 191 414 617 786 191 191 414 617 786 932
1 8 5 5 36 191 191 191 191 427
1 3 36 194 430
1 14 2 1 414 1 36 191 8 36 191 36 191 3 72 266
1 10 1 191 191 414 617 786 191 36 36 3
1 8 1 36 191 36 8 1 36 204
1 3 36 3 82
1 9 16 414 617 786 191 36 191 36 204
1 2 1 38
1 5 1 5 414 617 789
1 4 3 1 36 36
1 8 414 1 36 191 191 414 617 787
1 5 1 191 414 617 786
1 2 204 462
1 6 1 191 191 191 36 221
1 4 1 36 191 36
1 2 204 462
1 6 1 191 414 1 191 36
1 15 1 191 414 1 36 414 1 191 36 191 191 191 191 36 191
1 4 1 414 617 787
1 4 1 191 36 191
1 10 1 16 414 1 191 191 414 1 191 426
1 11 5 1 5 414 1 191 36 191 36 191 414
1 8 1 191 414 1 36 191 36 204
1 7 1 191 36 191 36 191 414
1 4 1 191 16 152
1 10 414 1 36 191 8 1 36 191 36 191
1 4 1 414 1 36
1 7 1 191 191 16 414 617 788
1 2 204 455
1 9 2 1 414 1 36 36 191 8 1
1 11 1 191 16 414 1 191 36 191 8 1 36
1 9 1 414 1 191 36 191 36 191 191
1 3 1 36 191
1 8 1 414 617 786 191 8 1 52
1 3 36 5 36
1 2 36 198
1 3 1 36 198
1 2 19 162
1 2 19 162
1 2 19 162
1 2 19 162
1 1 10
1 4 6 3 77 278
1 9 1 191 414 617 786 191 191 191 191
1 6 6 3 197 447 662 829
1 5 1 414 617 786 932
1 5 6 3 197 445 658
1 13 1 191 191 191 191 414 617 786 191 8 1 191 36
1 6 6 3 36 197 447 660
1 2 1 52
1 3 6 3 80
1 13 1 191 414 1 36 36 8 1 191 191 191 8 115
1 4 6 3 197 443
1 8 1 191 414 1 36 191 191 191
1 4 6 3 197 443
1 5 5 1 191 414 617
1 4 3 36 191 413
1 7 1 191 414 617 786 191 417
1 3 6 3 70
1 14 36 36 191 191 191 414 617 786 191 8 1 191 191 191
1 6 6 3 197 447 662 829
1 4 16 414 617 788
1 6 6 3 197 447 662 829
1 4 36 191 16 150
1 3 6 3 74
1 1 33
1 7 6 3 77 197 447 662 829
1 12 1 414 1 36 8 1 191 191 191 8 36 191
1 2 16 154
1 2 15 146
1 11 1 414 1 36 191 191 191 191 191 191 408
1 10 1 36 191 16 414 1 36 191 191 191
1 4 1 36 36 220
1 8 1 191 414 617 786 191 191 408
1 3 2 1 52
1 2 1 52
1 7 414 617 786 191 191 191 408
1 2 194 434
1 4 5 1 16 150
1 6 1 191 414 617 786 933
1 5 1 414 617 786 191
1 8 414 617 786 191 191 191 191 191
1 10 1 191 191 414 617 786 191 191 191 191
1 3 6 3 70
1 4 6 3 1 42
1 4 36 191 414 1
1 4 6 3 5 95
1 3 36 36 414
1 3 8 36 220
1 2 11 125
1 3 1 414 1
1 3 1 36 414
1 3 1 36 192
1 2 414 624
1 11 1 191 191 191 191 414 617 786 191 191 408
1 1 33
1 1 18
1 14 1 191 191 414 1 191 36 191 191 8 1 191 36 191
1 1 35
1 4 6 3 1 51
1 3 3 6 100
1 13 1 5 414 1 191 36 191 191 8 1 36 191 8
1 9 1 36 36 36 36 8 1 414 1
1 2 1 40
1 3 36 191 409
1 5 5 6 3 77 281
1 3 1 191 414
1 5 1 5 204 456 671
1 5 36 191 414 1 191
1 7 2 1 6 3 197 445 658
1 5 1 8 1 414 1
1 4 1 36 8 116
1 3 36 204 456
1 3 6 3 74
1 4 6 3 197 443
1 9 36 191 36 36 191 191 414 1 191
1 5 1 191 36 191 414
1 5 15 36 191 414 1
1 5 5 6 3 197 443
1 5 5 36 414 1 6
1 4 6 3 197 443
1 7 1 191 36 191 191 414 621
1 2 15 141
1 3 1 36 447
1 4 36 191 414 1
1 3 36 16 156
1 3 1 8 116
1 7 3 1 36 6 197 445 658
1 4 194 191 414 620
1 4 6 3 1 43
1 4 6 3 1 42
1 8 1 36 5 1 191 8 1 191
1 6 15 36 5 1 191 414
1 8 2 1 36 8 1 191 414 1
1 6 6 3 197 447 662 829
1 4 36 191 191 414
1 6 6 3 36 197 447 660
1 4 1 191 191 414
1 3 36 191 414
1 4 1 8 1 414
1 3 1 8 116
1 4 5 36 5 36
1 6 2 5 36 36 16 153
1 5 36 191 191 36 202
1 1 17
1 4 1 36 205 464
1 2 36 208
1 6 1 36 204 456 671 836
1 4 36 2 1 47
1 2 3 73
1 4 1 36 191 413
1 3 1 36 192
1 2 204 459
1 4 36 191 36 5
1 3 5 36 36
1 4 2 36 36 191
1 5 1 36 191 36 36
1 2 5 90
1 5 1 36 204 456 671
1 3 6 6 6
1 6 1 36 204 456 671 837
1 5 3 8 36 204 456
1 2 6 106
1 5 1 8 1 191 414
1 4 194 36 36 203
1 2 11 126
1 5 195 191 36 191 36
1 4 6 1 36 205
1 5 3 1 36 204 456
1 5 1 36 204 456 671
1 2 2 56
1 4 5 5 5 1
