789 276
1 6 1 37 2 1 3 73
1 5 5 5 37 5 5
1 5 37 5 37 6 102
1 6 1 37 37 3 1 3
1 6 5 37 37 7 1 41
1 3 1 37 1
1 3 1 37 37
1 2 4 89
1 6 1 37 1 37 1 40
1 5 3 1 37 8 37
1 4 3 9 37 8
1 2 8 112
1 2 8 115
1 9 5 37 1 37 1 37 42 229 478
1 4 3 1 37 200
1 4 1 37 3 75
1 4 1 37 3 8
1 5 1 37 3 8 116
1 2 10 133
1 3 37 204 442
1 4 7 1 37 206
1 5 3 9 37 1 46
1 4 5 37 1 37
1 3 1 37 207
1 3 3 5 93
1 5 37 37 5 37 3
1 4 9 37 6 105
1 3 16 37 198
1 3 37 9 37
1 7 2 37 5 1 37 37 207
1 3 1 37 207
1 5 37 2 37 37 3
1 5 5 37 5 37 3
1 5 3 37 37 1 3
1 3 5 37 37
1 6 3 9 37 37 5 3
1 3 1 37 207
1 3 1 37 6
1 2 6 104
1 2 1 47
1 2 11 135
1 2 11 136
1 4 5 1 37 207
1 4 1 37 37 208
1 4 15 37 37 3
1 4 1 37 9 125
1 4 37 1 37 3
1 3 1 37 37
1 6 2 1 37 204 442 624
1 2 2 64
1 3 9 37 3
1 2 2 62
1 5 1 1 37 5 3
1 2 4 89
1 4 1 37 209 452
1 3 1 37 205
1 4 5 1 37 3
1 4 9 1 37 204
1 4 1 37 205 445
1 4 1 37 1 44
1 4 1 37 204 442
1 3 1 37 207
1 7 16 37 1 1 1 37 3
1 4 16 37 1 50
1 5 5 5 37 3 1
1 3 1 37 5
1 3 1 37 37
1 3 37 1 3
1 4 1 37 37 1
1 4 5 1 37 3
1 3 1 37 3
1 3 37 5 95
1 3 1 37 3
1 3 1 37 3
1 3 1 5 93
1 4 5 37 7 110
1 3 37 6 37
1 5 5 3 1 8 115
1 3 1 37 5
1 3 9 37 3
1 3 5 37 37
1 3 5 5 1
1 2 15 148
1 3 37 42 238
1 3 37 15 153
1 3 37 37 15
1 2 15 153
1 3 5 8 113
1 1 17
1 2 15 153
1 5 1 37 3 5 5
1 3 1 37 1
1 4 8 37 1 5
1 2 8 113
1 3 8 37 1
1 2 8 118
1 2 8 119
1 2 8 113
1 2 8 115
1 3 5 5 1
1 3 37 1 5
1 6 1 37 5 37 1 3
1 8 1 37 1 37 1 37 1 37
1 3 37 37 207
1 7 3 1 37 37 1 3 37
1 5 3 1 37 1 3
1 4 1 37 1 44
1 3 1 37 207
1 3 9 37 198
1 5 16 37 1 1 3
1 2 2 65
1 5 1 37 1 1 44
1 2 15 154
1 4 1 37 37 3
1 4 1 37 5 3
1 5 1 16 37 1 3
1 4 5 37 37 199
1 2 12 139
1 6 5 37 7 1 37 199
1 8 37 5 37 3 8 37 8 117
1 8 1 37 37 8 81 82 299 536
1 3 3 1 37
1 8 2 37 1 37 1 37 1 39
1 2 8 112
1 2 3 74
1 7 3 37 3 1 37 3 81
1 3 37 37 5
1 3 37 37 207
1 2 5 94
1 3 37 3 37
1 3 3 81 293
1 7 3 1 3 37 37 37 211
1 3 2 37 205
1 2 16 161
1 4 37 1 44 245
1 2 15 149
1 3 1 44 244
1 2 44 245
1 3 5 3 73
1 6 5 37 3 37 3 5
1 3 1 37 1
1 4 2 1 44 245
1 2 1 54
1 9 1 37 3 5 37 1 3 81 294
1 4 8 3 82 301
1 3 1 37 204
1 2 3 80
1 7 5 37 3 5 37 3 81
1 3 3 1 38
1 4 1 37 3 81
1 1 25
1 3 5 37 1
1 6 1 37 5 5 5 37
1 3 6 37 198
1 4 1 37 6 37
1 3 1 37 16
1 5 8 81 82 299 536
1 4 1 1 37 8
1 1 27
1 7 8 3 1 37 82 299 536
1 6 7 1 37 8 37 7
1 4 1 37 5 37
1 4 1 37 8 115
1 4 2 1 37 205
1 1 14
1 3 37 2 62
1 3 37 37 37
1 3 1 37 207
1 2 2 63
1 4 8 3 1 51
1 5 216 649 786 28 185
1 3 216 468 649
1 4 5 37 37 468
1 2 8 123
1 2 1 51
1 3 8 121 349
1 1 24
1 3 37 37 468
1 3 5 8 116
1 1 23
1 3 216 468 649
1 6 1 37 216 649 786 28
1 2 8 122
1 10 1 37 1 37 1 37 216 468 649 786
1 3 216 468 649
1 8 1 1 1 37 1 37 216 463
1 4 37 37 216 463
1 2 2 60
1 5 1 37 37 209 453
1 2 2 69
1 2 37 217
1 2 1 45
1 2 42 241
1 3 1 37 217
1 4 1 37 2 66
1 2 216 469
1 1 18
1 1 20
1 5 1 37 37 209 454
1 5 216 468 649 783 894
1 2 2 70
1 2 2 65
1 5 216 468 649 786 900
1 2 42 240
1 2 28 183
1 3 37 204 442
1 6 216 468 649 783 893 973
1 5 15 37 216 649 787
1 2 28 183
1 4 37 15 37 219
1 2 2 67
1 7 8 3 37 82 468 647 782
1 3 37 42 237
1 2 8 124
1 3 15 37 786
1 2 8 119
1 2 15 156
1 1 22
1 4 1 37 207 448
1 6 216 468 649 783 893 973
1 3 15 37 209
1 2 2 68
1 4 15 37 468 646
1 5 216 649 783 893 972
1 3 37 204 443
1 3 1 37 209
1 6 216 468 649 783 893 973
1 1 30
1 4 216 468 649 784
1 4 37 37 1 55
1 2 42 237
1 6 216 468 649 783 893 973
1 3 5 42 235
1 4 9 37 786 900
1 3 216 468 649
1 2 9 129
1 2 1 55
1 4 5 37 786 900
1 3 216 468 649
1 3 8 121 349
1 4 1 37 786 900
1 4 216 468 649 785
1 7 9 37 216 468 649 786 900
1 3 8 121 349
1 3 1 37 211
1 5 37 216 649 786 897
1 4 1 37 216 463
1 4 8 121 349 568
1 8 1 37 1 37 216 468 649 786
1 1 21
1 3 37 207 450
1 3 216 468 649
1 1 31
1 4 216 468 649 786
1 1 32
1 1 31
1 4 1 37 216 465
1 2 42 239
1 3 1 37 207
1 4 37 216 468 649
1 2 8 122
1 3 216 649 786
1 2 8 122
1 4 37 216 649 789
1 2 28 186
1 2 37 215
1 3 216 468 649
1 1 27
1 3 1 37 207
1 3 216 649 788
1 2 42 239
1 1 31
1 6 37 216 649 786 28 28
1 5 1 37 216 786 900
1 4 37 37 1 56
1 4 216 468 649 786
1 3 37 216 465
1 5 5 37 216 786 28
1 4 37 5 37 468
1 3 216 649 787
1 5 5 37 216 649 787
1 4 5 37 468 651
1 2 12 141
1 2 2 62
1 3 8 121 349
1 2 8 120
1 2 28 185
1 4 37 37 207 449
1 1 24
1 1 33
1 4 1 37 37 786
1 4 37 468 649 786
1 5 37 216 649 786 899
1 6 1 37 1 37 786 28
1 3 1 37 786
1 5 1 37 37 207 450
1 3 216 468 649
1 3 8 121 349
1 5 37 82 468 649 786
1 3 8 121 349
1 2 42 230
1 8 37 5 37 216 468 649 786 898
1 7 5 37 216 649 786 28 184
1 8 5 37 216 468 649 786 900 978
1 2 5 98
1 3 5 37 201
1 2 42 234
1 2 15 155
1 3 28 28 28
1 3 28 28 182
1 3 28 28 28
1 2 4 91
1 3 28 28 28
1 3 28 28 28
1 3 28 28 28
1 3 28 28 28
1 3 28 28 28
1 2 28 182
1 3 28 28 28
1 3 28 28 28
1 5 1 37 216 786 900
1 3 1 37 786
1 2 216 462
1 3 28 28 28
1 2 10 131
1 2 216 467
1 3 37 216 786
1 2 10 134
1 5 5 37 216 468 650
1 5 5 37 216 786 898
1 2 5 100
1 1 13
1 1 13
1 3 37 1 46
1 4 5 37 216 465
1 1 13
1 3 216 786 901
1 1 21
1 2 12 138
1 2 2 63
1 5 2 1 37 786 898
1 2 4 91
1 3 37 216 786
1 3 37 216 464
1 2 8 123
1 2 8 122
1 4 5 37 216 786
1 3 8 121 349
1 2 28 182
1 2 15 155
1 3 2 1 37
1 4 1 37 1 37
1 4 9 37 205 445
1 2 4 89
1 5 2 1 37 1 39
1 5 37 37 1 37 204
1 2 11 136
1 7 15 37 37 1 37 214 458
1 3 1 37 214
1 5 16 37 6 1 43
1 5 1 37 1 37 37
1 3 5 37 3
1 12 37 3 5 1 37 16 37 8 81 82 299 536
1 4 1 37 198 436
1 11 1 9 37 16 37 3 8 81 82 299 536
1 3 1 37 204
1 5 37 37 1 37 3
1 3 16 37 3
1 3 1 37 37
1 3 5 37 3
1 3 37 204 440
1 4 37 16 37 3
1 3 3 1 51
1 4 5 1 37 6
1 2 5 95
1 4 5 37 1 37
1 1 17
1 4 5 37 1 37
1 2 44 247
1 9 1 37 5 37 5 5 42 229 481
1 7 37 3 1 37 5 1 37
1 2 7 107
1 2 6 102
1 5 5 37 37 37 1
1 3 1 37 1
1 2 1 38
1 2 4 88
1 3 16 37 1
1 3 16 37 1
1 4 5 1 37 198
1 3 3 1 47
1 2 16 161
1 5 1 37 204 442 624
1 3 6 1 39
1 2 3 76
1 2 5 95
1 2 3 78
1 2 44 244
1 3 3 5 96
1 4 1 37 37 1
1 5 3 37 37 3 84
1 4 3 37 3 5
1 3 1 37 198
1 5 3 1 37 3 75
1 2 3 72
1 4 3 5 3 84
1 4 3 5 3 84
1 2 6 103
1 5 5 5 5 5 99
1 4 1 37 204 442
1 4 1 37 204 442
1 4 1 37 204 442
1 5 3 1 37 204 442
1 5 1 37 1 37 205
1 4 1 37 205 444
1 3 1 37 205
1 4 1 37 205 444
1 3 1 37 37
1 4 1 37 1 1
1 3 1 37 5
1 2 15 148
1 4 1 37 37 1
1 6 37 1 37 37 37 198
1 3 37 9 1
1 3 15 37 1
1 4 37 1 1 5
1 3 1 37 5
1 5 5 37 1 37 5
1 5 1 37 1 37 1
1 3 37 1 37
1 7 3 1 37 37 3 1 37
1 1 26
1 2 2 61
1 3 1 37 218
1 2 5 94
1 2 42 231
1 1 31
1 2 12 140
1 2 10 132
1 5 8 3 82 299 536
1 2 37 218
1 2 12 139
1 5 8 3 81 82 298
1 4 3 1 37 204
1 5 42 1 37 2 61
1 2 7 111
1 1 30
1 1 30
1 4 1 37 37 5
1 7 8 3 5 37 82 299 536
1 7 8 3 1 37 82 299 536
1 3 8 3 86
1 4 3 37 8 113
1 9 1 37 1 37 8 3 82 299 536
1 2 12 139
1 5 5 1 37 7 109
1 3 1 37 206
1 3 3 8 114
1 5 1 8 81 82 298
1 6 8 3 37 82 299 536
1 3 3 1 37
1 3 8 3 83
1 6 37 8 3 37 82 300
1 4 8 3 82 300
1 4 8 3 81 296
1 2 1 40
1 4 8 3 82 300
1 6 1 37 8 3 37 212
1 5 8 3 5 37 213
1 6 3 8 81 82 299 536
1 4 8 3 82 300
1 6 1 8 3 37 82 300
1 5 8 3 82 299 536
1 7 37 8 3 37 82 299 536
1 8 1 37 8 3 1 37 82 300
1 1 23
1 3 1 37 5
1 5 8 3 37 82 300
1 2 42 232
1 5 37 1 37 214 459
1 1 25
1 6 5 37 1 37 214 459
1 3 1 37 201
1 5 8 3 5 37 213
1 6 8 3 37 82 299 536
1 2 37 211
1 4 37 37 37 37
1 7 16 37 5 3 1 37 1
1 3 1 37 207
1 3 2 37 198
1 4 1 37 1 37
1 3 37 15 152
1 6 5 37 1 37 3 73
1 4 1 37 205 444
1 10 37 37 1 37 1 37 5 37 1 37
1 4 37 1 37 204
1 6 1 37 1 37 205 444
1 4 16 37 1 48
1 7 1 37 1 37 3 1 37
1 4 1 16 37 205
1 7 2 1 37 204 442 624 763
1 11 15 37 1 1 37 3 1 37 1 37 3
1 5 1 37 37 16 37
1 7 37 1 37 1 37 37 207
1 4 37 37 9 37
1 6 5 5 37 37 3 1
1 5 37 1 37 3 75
1 4 37 1 37 37
1 5 9 37 5 37 198
1 5 37 3 1 5 37
1 8 1 37 3 1 37 1 37 3
1 7 37 1 37 3 1 37 3
1 3 1 37 1
1 3 1 37 207
1 4 3 1 37 2
1 3 6 1 37
1 7 3 1 37 1 37 8 120
1 2 3 77
1 5 3 1 37 8 112
1 4 3 1 37 37
1 1 19
1 3 9 37 210
1 4 2 1 37 217
1 4 1 37 1 37
1 3 1 37 206
1 7 1 37 8 3 82 299 536
1 3 1 37 198
1 3 1 37 5
1 4 3 1 37 201
1 6 1 37 1 3 37 1
1 1 23
1 5 7 1 37 1 41
1 6 6 1 37 6 1 37
1 6 37 1 1 37 37 37
1 4 1 37 3 5
1 3 1 37 1
1 6 6 37 1 37 1 37
1 4 3 1 37 1
1 5 3 1 37 1 37
1 2 7 108
1 4 1 37 204 441
1 5 5 37 42 229 479
1 6 5 1 37 1 5 37
1 3 1 37 37
1 3 5 37 1
1 3 37 7 107
1 3 5 37 221
1 1 14
1 3 5 37 205
1 3 2 1 37
1 3 37 1 38
1 8 37 5 37 3 37 3 9 130
1 5 8 81 82 299 536
1 5 5 37 37 1 37
1 5 15 37 1 16 162
1 3 37 198 435
1 3 1 37 15
1 3 1 37 198
1 2 4 89
1 7 37 37 9 37 8 3 73
1 2 11 137
1 3 1 37 216
1 1 30
1 2 12 139
1 5 1 37 9 37 37
1 2 4 90
1 4 16 37 204 442
1 4 5 37 204 442
1 4 2 37 9 37
1 4 5 1 37 5
1 4 1 37 204 442
1 4 5 3 1 37
1 5 3 9 37 204 442
1 2 15 151
1 3 9 37 205
1 3 37 204 442
1 1 14
1 8 1 16 37 1 37 5 1 5
1 3 37 1 37
1 4 1 1 37 3
1 3 1 37 198
1 3 5 37 6
1 4 2 1 37 3
1 3 1 1 37
1 5 3 1 37 1 37
1 1 25
1 8 2 1 37 6 1 37 216 466
1 4 1 5 37 216
1 14 5 37 3 1 37 3 1 37 1 8 81 82 299 536
1 4 1 37 37 216
1 4 1 37 216 461
1 13 5 37 1 37 1 37 5 37 1 1 37 5 37
1 9 1 37 3 1 37 1 37 5 92
1 11 5 37 1 37 5 37 5 37 37 1 37
1 8 37 8 3 1 37 82 299 536
1 3 37 8 120
1 3 37 1 55
1 3 1 37 216
1 2 15 148
1 4 2 37 1 55
1 3 37 1 37
1 2 16 157
1 3 1 37 216
1 3 1 37 216
1 8 1 2 1 2 37 37 2 64
1 3 1 37 205
1 3 2 37 6
1 3 37 37 214
1 3 1 37 37
1 4 37 1 37 3
1 1 14
1 4 37 37 3 5
1 4 15 37 5 5
1 5 16 37 37 3 37
1 4 1 37 37 37
1 7 37 1 37 37 3 81 295
1 3 1 37 6
1 3 2 37 214
1 5 8 81 82 299 536
1 5 3 5 37 204 442
1 7 37 3 8 81 82 299 536
1 7 37 3 8 81 82 299 536
1 4 1 37 37 3
1 3 1 37 37
1 3 2 37 222
1 9 5 42 1 1 1 37 1 9 37
1 9 37 42 1 37 1 1 37 37 9
1 4 37 37 37 37
1 5 37 42 1 2 37
1 8 1 42 1 37 1 37 1 37
1 6 5 8 81 82 299 536
1 3 1 37 37
1 2 16 158
1 6 3 5 3 37 3 71
1 17 1 37 37 1 37 5 37 5 1 37 5 5 5 37 1 5 37
1 8 5 37 6 37 6 1 37 202
1 18 5 37 6 1 5 37 6 1 5 37 6 37 6 1 1 37 6 103
1 14 1 37 3 1 37 3 5 37 3 8 81 82 299 536
1 8 1 37 3 1 1 37 3 79
1 2 7 109
1 2 16 159
1 2 2 62
1 9 5 37 3 1 8 81 82 299 536
1 11 1 37 37 1 37 1 37 1 5 37 37
1 3 1 37 5
1 4 5 3 1 1
1 5 9 37 37 9 126
1 5 37 37 5 1 37
1 2 11 136
1 3 15 37 1
1 3 37 1 1
1 4 37 1 1 5
1 4 6 37 207 447
1 3 1 37 5
1 2 3 79
1 7 37 37 37 1 37 1 59
1 2 7 107
1 10 1 1 1 42 229 478 1 37 37 3
1 3 37 3 87
1 2 16 160
1 3 1 3 37
1 5 1 5 42 229 480
1 4 3 1 37 37
1 8 42 1 37 1 1 42 229 479
1 5 1 1 42 229 478
1 2 44 248
1 6 1 1 1 1 37 222
1 4 1 37 1 37
1 15 1 1 42 1 37 42 1 1 37 1 1 1 1 37 1
1 4 1 42 229 479
1 3 1 16 160
1 8 1 1 42 1 37 1 37 204
1 7 1 1 37 1 37 1 42
1 4 1 42 1 37
1 9 2 1 42 1 37 37 1 9 1
1 4 1 1 16 160
1 9 1 42 1 1 37 1 37 1 1
1 3 1 37 1
1 3 37 5 37
1 3 1 37 213
1 1 18
1 1 18
1 1 18
1 1 35
1 4 8 3 81 296
1 9 1 1 42 229 478 1 1 1 1
1 6 8 3 82 468 647 782
1 5 1 42 229 478 660
1 5 8 3 82 299 536
1 13 1 1 1 1 1 42 229 478 1 9 1 1 37
1 6 8 3 37 82 468 648
1 3 8 3 85
1 13 1 1 42 1 37 37 9 1 1 1 1 9 127
1 4 8 3 82 300
1 4 8 3 82 300
1 5 5 1 1 42 229
1 7 1 1 42 229 478 1 43
1 3 8 3 83
1 14 37 37 1 1 1 42 229 478 1 9 1 1 1 1
1 6 8 3 82 468 647 782
1 2 16 160
1 6 8 3 82 468 647 782
1 4 37 1 16 157
1 1 34
1 7 8 3 81 82 468 647 782
1 12 1 42 1 37 9 1 1 1 1 9 37 1
1 2 16 161
1 11 1 42 1 37 1 1 1 1 1 1 2
1 8 1 1 42 229 478 1 1 2
1 3 2 1 58
1 2 1 58
1 2 6 106
1 4 5 1 16 157
1 6 1 1 42 229 478 661
1 5 1 42 229 478 1
1 8 42 229 478 1 1 1 1 1
1 10 1 1 1 42 229 478 1 1 1 1
1 3 8 3 83
1 4 8 3 1 52
1 4 37 1 42 1
1 4 8 3 5 97
1 3 37 37 42
1 3 9 37 220
1 3 1 42 1
1 3 1 37 42
1 3 1 37 198
1 2 42 236
1 11 1 1 1 1 1 42 229 478 1 1 2
1 1 34
1 1 29
1 14 1 1 1 42 1 1 37 1 1 9 1 1 37 1
1 1 36
1 4 8 3 1 57
1 3 3 8 121
1 13 1 5 42 1 1 37 1 1 9 1 37 1 9
1 9 1 37 37 37 37 9 1 42 1
1 2 1 39
1 3 37 1 38
1 5 5 8 3 81 297
1 3 1 5 95
1 5 37 1 42 1 1
1 7 2 1 8 3 82 299 536
1 3 37 204 442
1 3 8 3 78
1 5 15 37 1 42 1
1 5 5 8 3 82 300
1 5 5 37 42 1 8
1 4 8 3 82 300
1 7 1 1 37 1 1 42 233
1 2 15 150
1 3 1 37 468
1 3 37 16 163
1 3 1 9 128
1 5 3 1 37 8 120
1 4 6 1 42 232
1 4 8 3 1 53
1 4 8 3 1 52
1 8 1 37 5 1 1 9 1 1
1 6 15 37 5 1 1 42
1 6 8 3 82 468 647 782
1 4 37 1 1 42
1 4 1 1 1 42
1 3 37 1 42
1 4 1 9 1 42
1 4 5 37 5 37
1 5 37 1 1 37 202
1 2 37 208
1 4 37 2 1 49
1 2 3 76
1 4 1 37 1 8
1 3 1 37 198
1 2 44 246
1 4 37 1 37 5
1 3 5 37 37
1 4 2 37 37 1
1 5 1 37 1 37 37
1 2 5 101
1 5 1 37 204 442 624
1 6 1 37 204 442 624 764
1 2 8 119
1 5 1 9 1 1 42
1 4 6 37 37 203
1 2 10 133
1 5 7 1 37 1 37
1 2 8 112
1 5 3 1 37 204 442
1 5 1 37 204 442 624
1 2 2 64
1 4 5 5 5 1
