771 282
1 3 1 61 2
1 4 1 61 1 34
1 5 1 1 61 1 1
1 6 3 61 61 2 3 62
1 5 1 61 61 220 449
1 4 3 61 220 450
1 2 4 82
1 6 61 219 2 1 61 2
1 7 3 61 61 219 3 61 61
1 5 2 1 61 222 456
1 4 2 6 61 7
1 3 7 3 61
1 3 7 7 96
1 9 7 61 219 3 67 3 61 2 47
1 9 1 61 219 61 219 61 67 252 3
1 4 2 3 61 224
1 6 3 7 3 61 219 436
1 4 3 61 2 48
1 4 3 61 2 7
1 5 3 61 2 7 97
1 4 3 61 219 61
1 4 2 3 61 226
1 2 10 110
1 3 61 229 469
1 3 3 61 230
1 3 61 229 469
1 2 220 449
1 5 2 6 61 219 435
1 3 3 61 232
1 4 6 61 233 485
1 3 16 61 221
1 3 61 6 61
1 7 15 61 1 3 61 61 232
1 3 3 61 232
1 5 61 15 61 61 2
1 5 1 61 1 61 2
1 6 2 1 1 1 61 2
1 6 2 6 61 61 1 2
1 3 3 61 232
1 3 3 61 233
1 2 233 483
1 5 1 61 219 2 61
1 2 3 70
1 1 11
1 1 11
1 4 3 61 61 236
1 4 14 61 61 2
1 5 61 61 61 2 61
1 4 3 61 6 88
1 4 61 219 61 2
1 3 3 61 61
1 2 15 135
1 1 9
1 2 15 132
1 5 3 3 61 1 2
1 4 3 61 238 494
1 2 4 83
1 4 3 61 230 476
1 4 3 61 229 469
1 3 3 61 232
1 7 16 61 219 3 3 61 2
1 4 16 61 219 442
1 5 1 1 61 2 3
1 3 3 61 1
1 3 3 61 61
1 3 61 219 2
1 4 1 3 61 2
1 3 61 2 48
1 3 61 1 229
1 3 3 61 2
1 4 3 61 61 61
1 3 1 3 61
1 3 1 1 61
1 3 3 1 35
1 4 1 61 220 452
1 3 61 233 61
1 5 1 2 3 7 7
1 3 3 61 1
1 3 6 61 2
1 3 1 61 61
1 2 14 126
1 3 61 67 259
1 2 61 234
1 2 14 129
1 2 1 37
1 2 14 129
1 5 3 61 2 1 1
1 3 3 61 219
1 4 7 61 219 1
1 2 7 94
1 2 7 99
1 2 7 101
1 5 7 7 61 1 40
1 3 1 1 3
1 3 16 61 230
1 3 61 219 1
1 2 16 144
1 5 1 61 1 61 61
1 6 3 61 1 61 219 2
1 8 3 61 219 61 219 61 219 61
1 3 61 61 232
1 7 2 3 61 61 219 2 61
1 5 2 3 61 219 2
1 4 3 61 219 437
1 3 61 219 443
1 3 61 232 478
1 4 3 61 219 443
1 3 6 61 221
1 5 3 61 219 3 76
1 2 15 138
1 5 3 61 219 3 229
1 4 3 61 61 2
1 4 3 61 1 2
1 2 12 118
1 8 61 1 61 2 7 61 7 98
1 3 2 3 61
1 8 15 61 219 61 219 61 219 439
1 3 3 61 229
1 2 2 50
1 7 2 61 2 3 61 2 55
1 3 61 61 1
1 4 3 61 220 448
1 4 3 61 1 38
1 5 1 61 2 1 38
1 3 61 2 61
1 3 2 55 212
1 2 16 147
1 3 3 229 470
1 3 61 219 437
1 2 14 125
1 3 3 229 469
1 2 229 470
1 3 1 2 45
1 6 1 61 2 61 2 1
1 3 3 61 219
1 4 15 3 229 470
1 2 3 75
1 9 3 61 2 1 61 219 2 55 211
1 4 7 2 222 458
1 2 2 54
1 3 2 3 64
1 4 3 61 2 55
1 1 21
1 2 2 44
1 3 1 61 219
1 6 3 61 1 1 1 61
1 3 233 61 221
1 4 3 61 233 61
1 3 3 61 235
1 5 7 55 222 459 662
1 4 3 3 61 7
1 5 7 61 222 459 662
1 7 7 2 3 61 222 459 662
1 4 3 61 1 61
1 7 7 2 3 61 219 61 229
1 8 3 61 7 7 55 222 459 662
1 1 13
1 2 7 96
1 3 61 61 61
1 3 3 61 232
1 2 15 134
1 4 26 389 609 776
1 3 26 170 389
1 3 61 222 461
1 2 15 132
1 3 26 171 392
1 1 22
1 1 5
1 4 1 61 61 243
1 2 7 103
1 2 3 76
1 3 7 95 293
1 1 5
1 3 61 61 243
1 3 26 389 609
1 2 1 37
1 3 26 170 389
1 3 7 55 214
1 10 3 61 219 61 219 61 26 170 389 609
1 3 26 170 389
1 8 3 3 3 61 219 61 26 166
1 4 61 61 26 166
1 1 23
1 2 15 137
1 5 3 61 61 238 495
1 2 15 142
1 2 26 172
1 2 61 237
1 2 3 69
1 3 3 61 237
1 4 3 61 15 139
1 2 26 172
1 2 19 151
1 5 3 61 61 238 496
1 5 26 170 389 229 472
1 2 15 138
1 4 15 61 219 444
1 2 67 261
1 3 3 61 244
1 6 61 1 61 26 389 608
1 2 27 174
1 3 61 229 469
1 3 61 219 441
1 6 26 170 389 229 469 673
1 1 28
1 5 14 61 26 389 610
1 2 27 174
1 2 15 140
1 6 7 2 61 222 460 664
1 1 18
1 2 7 101
1 5 61 1 61 243 502
1 1 24
1 4 3 61 232 479
1 6 26 170 389 229 469 673
1 3 14 61 238
1 2 15 141
1 4 14 61 243 502
1 5 26 389 229 469 672
1 3 61 229 471
1 6 26 170 389 229 469 673
1 3 3 61 238
1 4 26 170 389 607
1 4 61 61 219 444
1 6 26 170 389 229 469 673
1 1 28
1 3 1 67 256
1 5 26 170 389 229 471
1 4 6 61 171 394
1 2 6 92
1 2 3 77
1 3 26 170 389
1 3 7 95 293
1 4 3 61 171 394
1 7 6 61 26 170 389 609 777
1 3 7 95 293
1 3 3 61 241
1 5 61 26 389 609 775
1 4 3 61 26 166
1 4 7 95 293 541
1 8 3 61 219 61 26 170 389 609
1 1 23
1 3 61 232 481
1 3 26 170 389
1 2 29 179
1 4 26 170 389 609
1 1 30
1 2 29 180
1 8 61 219 61 61 219 1 67 260
1 4 3 61 26 167
1 2 7 104
1 3 3 61 232
1 4 61 26 170 389
1 2 7 102
1 2 7 102
1 6 3 61 26 170 389 609
1 2 27 176
1 3 26 170 389
1 3 3 61 232
1 2 67 260
1 2 29 180
1 5 61 26 389 609 776
1 5 3 61 26 171 394
1 4 61 61 219 445
1 4 26 170 389 609
1 3 61 26 167
1 4 61 1 61 243
1 3 26 389 610
1 5 1 61 26 389 610
1 4 3 61 67 260
1 2 12 121
1 2 15 132
1 3 7 95 293
1 2 27 175
1 4 61 61 232 480
1 5 26 170 389 609 778
1 4 3 61 61 171
1 2 26 166
1 6 3 61 219 61 171 393
1 3 3 61 171
1 5 3 61 61 232 481
1 3 26 170 389
1 3 7 95 293
1 7 1 61 26 170 389 609 777
1 2 1 36
1 4 1 61 225 464
1 2 67 255
1 3 61 225 465
1 3 27 27 27
1 2 14 131
1 3 27 27 27
1 3 27 27 173
1 3 27 27 27
1 2 4 85
1 3 27 27 27
1 3 27 27 27
1 3 27 27 27
1 3 27 27 27
1 3 27 27 27
1 3 27 27 27
1 3 27 27 27
1 5 3 61 26 171 394
1 3 3 61 171
1 2 26 164
1 2 61 234
1 5 1 61 26 171 394
1 3 27 27 27
1 2 10 109
1 2 26 169
1 3 61 26 171
1 2 10 112
1 5 1 61 26 170 390
1 3 61 222 461
1 5 1 61 26 171 391
1 1 8
1 3 1 61 171
1 3 61 219 435
1 4 1 61 26 167
1 1 8
1 3 26 171 395
1 2 12 116
1 1 23
1 2 12 120
1 2 12 117
1 3 61 26 171
1 2 15 134
1 5 15 3 61 171 391
1 2 4 85
1 3 61 26 163
1 2 7 103
1 2 7 102
1 4 1 61 26 171
1 3 7 95 293
1 2 27 173
1 2 14 131
1 3 15 3 61
1 4 3 61 219 61
1 3 3 61 230
1 7 1 61 61 219 61 2 3
1 2 4 82
1 5 15 3 61 219 439
1 5 61 61 219 61 229
1 1 11
1 5 6 61 219 61 219
1 4 61 1 2 3
1 3 3 61 240
1 5 16 61 233 3 68
1 5 3 61 219 61 61
1 3 1 61 2
1 4 3 61 221 455
1 4 3 6 61 235
1 3 61 220 451
1 3 3 61 229
1 5 61 61 219 61 2
1 3 6 61 2
1 4 3 3 61 241
1 3 16 61 2
1 3 1 61 2
1 3 61 229 467
1 4 3 61 219 2
1 2 61 235
1 3 2 3 76
1 4 1 3 61 233
1 4 1 1 229 473
1 3 1 229 473
1 1 17
1 4 1 61 219 61
1 2 229 473
1 5 3 61 2 61 61
1 7 61 2 3 61 1 3 61
1 2 220 448
1 2 233 482
1 5 1 61 61 61 219
1 2 3 64
1 3 16 61 219
1 3 1 3 61
1 2 4 83
1 3 16 61 219
1 4 1 3 61 221
1 3 2 3 70
1 2 16 147
1 5 3 61 229 469 671
1 3 233 3 71
1 3 3 61 219
1 2 2 49
1 3 1 229 469
1 3 229 469 670
1 3 2 1 38
1 4 3 61 61 219
1 5 2 61 61 2 57
1 4 2 61 2 1
1 4 2 1 2 1
1 3 3 61 221
1 5 2 3 61 2 48
1 2 2 44
1 4 2 1 2 57
1 4 2 1 2 57
1 2 233 484
1 5 1 1 1 1 43
1 4 3 61 229 469
1 4 3 61 229 469
1 5 2 3 61 229 469
1 5 3 61 219 61 230
1 4 3 61 230 475
1 3 3 61 230
1 4 3 61 230 475
1 3 3 61 61
1 4 3 61 219 3
1 3 3 61 1
1 2 14 126
1 4 3 61 61 219
1 3 61 6 3
1 4 61 219 3 1
1 6 3 3 1 61 1 61
1 5 1 61 219 61 1
1 5 3 61 219 61 219
1 3 61 219 61
1 7 2 3 61 61 2 3 61
1 1 25
1 5 7 2 222 459 662
1 2 15 133
1 3 3 61 245
1 2 1 39
1 2 67 258
1 2 29 178
1 2 12 120
1 2 10 111
1 2 29 178
1 5 7 2 222 459 662
1 2 61 245
1 5 7 2 55 222 457
1 3 26 170 388
1 5 67 3 61 15 133
1 2 220 453
1 4 3 61 225 464
1 1 28
1 1 28
1 2 12 118
1 4 3 61 61 1
1 7 7 2 1 61 222 459 662
1 7 7 2 3 61 222 459 662
1 5 2 61 7 3 65
1 3 7 2 59
1 4 7 2 1 36
1 9 3 61 219 61 7 2 222 459 662
1 2 12 118
1 5 1 3 61 220 451
1 3 61 61 231
1 3 3 61 231
1 3 2 7 100
1 5 3 7 55 222 457
1 6 7 2 61 222 459 662
1 3 2 3 61
1 4 7 2 222 456
1 2 3 63
1 4 7 2 222 456
1 6 3 61 7 2 61 242
1 5 7 2 1 61 223
1 4 7 2 222 456
1 6 3 7 2 61 222 456
1 5 7 2 222 459 662
1 6 2 61 7 222 459 662
1 7 61 7 2 61 222 459 662
1 8 3 61 7 2 3 61 222 456
1 6 7 2 55 222 459 662
1 3 7 2 56
1 1 22
1 2 67 254
1 7 2 3 61 7 2 55 213
1 4 61 219 61 240
1 1 21
1 5 1 61 219 61 240
1 4 3 61 225 464
1 6 2 7 61 222 459 662
1 6 7 2 61 222 459 662
1 2 61 241
1 7 16 61 1 2 3 61 219
1 3 3 61 232
1 2 16 143
1 3 15 61 221
1 4 3 61 219 61
1 2 61 234
1 4 3 61 230 475
1 10 61 61 219 61 219 61 1 61 219 61
1 2 3 64
1 4 61 219 61 229
1 6 3 61 219 61 230 475
1 7 3 61 219 61 2 3 61
1 2 3 73
1 11 14 61 219 3 61 2 3 61 219 61 2
1 4 1 61 15 136
1 4 61 61 219 438
1 7 61 219 61 219 61 61 232
1 4 61 61 6 61
1 6 1 1 61 61 2 3
1 4 61 219 61 61
1 5 6 61 1 61 221
1 5 61 2 3 1 61
1 8 3 61 2 3 61 219 61 2
1 7 61 219 61 2 3 61 2
1 3 3 61 219
1 3 3 61 232
1 4 2 3 61 15
1 3 233 3 61
1 9 2 3 61 219 61 7 222 459 662
1 7 7 2 3 61 222 460 664
1 7 7 2 3 61 222 459 662
1 2 2 47
1 6 2 3 61 7 3 65
1 4 2 3 61 61
1 1 20
1 3 6 61 239
1 4 3 61 219 61
1 3 3 61 231
1 3 3 61 221
1 3 3 61 1
1 5 2 3 61 225 463
1 6 3 61 219 2 61 219
1 1 22
1 2 220 449
1 6 233 3 61 233 3 61
1 3 3 61 219
1 6 233 61 219 61 219 61
1 4 2 3 61 219
1 5 2 3 61 219 61
1 2 220 447
1 4 3 61 229 468
1 5 1 61 67 252 510
1 6 1 3 61 219 1 61
1 3 3 61 61
1 3 1 61 219
1 3 1 61 218
1 4 61 219 3 61
1 1 13
1 3 1 61 230
1 3 15 3 61
1 2 1 35
1 3 61 219 432
1 8 61 1 61 2 61 2 6 93
1 5 7 55 222 459 662
1 5 1 61 61 219 61
1 3 61 219 1
1 3 61 221 454
1 3 3 61 234
1 3 3 61 221
1 7 61 61 6 61 7 2 45
1 3 1 61 219
1 1 11
1 3 3 61 26
1 2 12 118
1 1 32
1 2 4 81
1 5 3 61 6 61 61
1 2 4 84
1 4 1 3 61 1
1 4 3 61 229 469
1 5 2 6 61 229 469
1 2 14 128
1 3 6 61 230
1 3 61 229 469
1 1 13
1 4 3 3 61 2
1 3 1 61 233
1 5 2 3 61 219 61
1 8 2 3 61 7 55 222 459 662
1 1 21
1 8 15 3 61 233 3 61 26 168
1 4 3 1 61 26
1 10 1 61 2 3 61 2 3 61 219 434
1 4 3 61 61 26
1 4 3 61 26 165
1 9 3 61 2 3 61 219 61 1 41
1 11 1 61 219 61 1 61 1 61 61 219 61
1 8 61 7 2 3 61 222 459 662
1 5 61 7 222 459 662
1 3 61 219 444
1 8 3 61 1 61 219 61 1 41
1 3 3 61 26
1 4 15 61 219 444
1 3 61 219 61
1 2 16 144
1 3 3 61 26
1 3 3 61 26
1 2 3 72
1 3 3 61 230
1 3 15 61 233
1 3 61 61 240
1 3 16 61 2
1 4 3 61 219 61
1 6 1 61 219 61 61 2
1 3 3 61 61
1 4 61 219 61 2
1 1 13
1 4 14 61 1 1
1 4 3 61 219 440
1 5 16 61 61 2 61
1 4 3 61 61 61
1 3 7 222 456
1 3 3 61 229
1 3 3 61 2
1 3 61 2 49
1 5 7 55 222 459 662
1 5 2 1 61 229 469
1 7 61 2 7 55 222 459 662
1 7 61 2 7 55 222 459 662
1 3 3 61 61
1 2 12 119
1 3 3 61 220
1 14 3 61 219 67 3 61 6 3 61 61 61 61 61 61
1 3 15 61 247
1 9 61 67 3 61 219 3 61 61 6
1 7 61 219 3 3 3 3 70
1 4 61 61 61 61
1 8 67 3 61 61 219 3 61 246
1 3 3 61 61
1 2 16 143
1 6 2 1 2 61 2 52
1 17 3 61 61 219 61 1 61 1 3 61 1 1 1 61 219 1 61
1 8 1 61 233 61 233 3 61 227
1 14 3 61 2 3 61 2 1 61 2 7 55 222 459 662
1 8 3 61 2 3 3 61 2 53
1 4 3 61 220 447
1 2 220 451
1 2 16 145
1 4 16 61 2 52
1 11 3 61 61 219 61 219 61 219 1 61 61
1 8 6 61 219 3 61 1 61 219
1 3 3 61 1
1 4 1 2 3 3
1 5 6 61 61 6 91
1 5 61 219 61 220 448
1 4 61 219 3 1
1 5 3 61 219 61 219
1 3 3 61 1
1 7 61 61 61 219 61 219 446
1 9 1 61 219 3 3 3 3 229 468
1 16 3 61 219 67 252 3 3 3 67 252 3 61 219 61 219 437
1 8 1 1 61 219 3 3 3 79
1 3 61 233 482
1 7 15 3 67 3 61 219 433
1 8 3 61 219 61 6 3 61 229
1 3 61 2 60
1 5 3 1 67 252 511
1 8 67 3 61 219 3 67 252 510
1 5 3 3 67 252 3
1 2 229 474
1 4 3 61 219 61
1 2 229 474
1 6 3 3 67 3 3 61
1 4 3 3 61 219
1 11 1 3 1 67 3 3 61 219 61 219 67
1 8 3 3 67 3 61 219 61 229
1 7 3 3 61 219 61 219 67
1 3 3 3 73
1 5 67 3 61 219 433
1 4 3 67 3 61
1 4 3 3 3 73
1 2 229 468
1 8 15 3 67 3 61 61 219 433
1 3 3 61 219
1 8 3 67 252 3 3 6 3 78
1 3 61 1 61
1 2 61 223
1 3 3 61 223
1 2 19 152
1 2 19 152
1 2 19 152
1 2 19 152
1 1 9
1 4 7 2 55 213
1 9 3 67 252 3 61 219 3 3 3
1 5 7 2 222 459 662
1 6 7 2 61 222 460 663
1 2 3 78
1 3 7 2 58
1 13 3 3 67 3 61 61 6 3 3 3 3 6 89
1 8 3 3 67 3 61 219 3 3
1 4 7 2 222 456
1 5 1 3 3 67 252
1 4 2 61 219 434
1 7 3 3 67 252 3 3 68
1 3 7 2 46
1 14 61 61 219 3 3 67 252 3 3 6 3 3 3 3
1 2 16 146
1 3 7 2 51
1 1 31
1 6 7 2 55 222 460 664
1 12 3 67 3 61 6 3 3 3 3 6 61 219
1 2 16 147
1 2 14 130
1 4 3 61 219 440
1 4 3 61 61 246
1 3 15 3 78
1 2 3 78
1 7 67 252 3 3 3 3 72
1 3 1 3 73
1 10 3 3 67 252 3 6 3 3 3 3
1 5 3 67 252 3 3
1 10 3 3 3 67 252 3 3 3 3 3
1 3 7 2 46
1 4 7 2 1 42
1 3 61 61 67
1 3 6 61 246
1 2 10 111
1 3 3 67 3
1 3 3 61 67
1 3 3 61 221
1 2 67 257
1 1 31
1 1 33
1 4 7 2 3 80
1 3 2 7 95
1 13 3 1 67 3 3 61 219 3 6 3 61 219 433
1 3 61 219 432
1 2 1 37
1 3 3 3 67
1 5 3 1 229 469 671
1 5 61 219 67 3 3
1 7 15 3 7 2 222 459 662
1 5 3 6 3 67 3
1 4 3 61 6 90
1 3 7 2 51
1 4 7 2 222 456
1 9 61 219 61 61 219 3 67 3 3
1 5 3 3 61 219 67
1 5 14 61 219 67 3
1 5 1 61 67 3 7
1 4 7 2 222 456
1 7 3 3 61 219 3 67 253
1 2 14 127
1 3 3 61 243
1 4 61 219 67 3
1 2 61 235
1 7 2 3 61 7 222 459 662
1 4 7 2 3 66
1 4 7 2 3 65
1 8 3 61 1 3 3 6 3 3
1 6 14 61 1 3 3 67
1 8 15 3 61 6 3 3 67 3
1 5 7 2 222 460 664
1 4 61 219 3 67
1 6 7 2 61 222 460 663
1 4 3 3 3 67
1 4 3 6 3 67
1 3 3 6 90
1 4 1 61 1 61
1 2 15 132
1 5 61 219 3 61 227
1 1 17
1 4 3 61 230 476
1 2 61 236
1 6 3 61 229 469 671 825
1 4 61 15 3 74
1 2 2 49
1 4 3 61 219 434
1 3 1 61 61
1 4 15 61 61 219
1 2 1 34
1 5 3 61 229 469 671
1 3 7 7 7
1 6 3 61 229 469 671 826
1 5 2 6 61 229 469
1 2 7 101
1 5 3 6 3 3 67
1 4 233 61 61 228
1 2 10 110
1 4 7 3 61 230
1 5 2 3 61 229 469
1 5 3 61 229 469 671
1 2 15 135
1 4 1 1 1 3
