748 267
1 5 1 34 2 1 36
1 3 5 34 3
1 4 5 34 5 78
1 5 5 5 34 5 5
1 5 34 5 34 165 382
1 6 1 34 34 3 163 3
1 5 5 34 34 166 386
1 4 1 34 166 389
1 3 1 34 163
1 3 1 34 34
1 2 4 72
1 6 34 163 3 5 34 3
1 6 1 34 163 34 163 364
1 7 1 34 34 163 163 34 34
1 5 3 163 34 6 34
1 5 3 5 34 168 392
1 2 6 89
1 9 6 34 163 163 41 1 34 3 61
1 9 5 34 163 34 163 34 41 200 438
1 2 1 40
1 4 1 34 3 6
1 4 1 34 163 34
1 4 3 163 34 170
1 3 34 171 398
1 3 1 34 172
1 3 34 171 398
1 2 3 63
1 4 5 34 163 34
1 3 1 34 173
1 3 3 5 77
1 5 34 34 5 34 3
1 4 11 34 165 384
1 3 14 34 164
1 3 34 11 34
1 7 2 34 5 1 34 34 173
1 5 34 2 34 34 3
1 6 3 5 5 5 34 3
1 5 3 34 34 163 3
1 3 5 34 34
1 2 3 63
1 5 5 34 163 3 34
1 1 10
1 4 5 1 34 173
1 4 1 34 34 175
1 4 13 34 34 3
1 4 1 34 11 106
1 5 34 34 34 3 34
1 4 1 34 11 106
1 4 34 163 34 3
1 3 1 34 34
1 6 2 1 34 171 398 595
1 1 9
1 3 11 34 3
1 3 2 5 83
1 5 1 1 34 5 3
1 2 4 72
1 3 1 34 177
1 3 1 34 172
1 2 4 71
1 4 5 1 34 3
1 4 11 163 34 171
1 4 1 34 172 403
1 4 1 34 163 171
1 3 1 34 173
1 7 14 34 163 163 163 34 3
1 3 1 34 5
1 3 1 34 34
1 3 34 163 3
1 4 1 34 34 163
1 4 5 1 34 3
1 3 34 3 66
1 3 1 34 3
1 3 34 5 82
1 3 1 34 3
1 3 1 34 3
1 4 1 34 34 34
1 3 5 1 34
1 3 5 5 34
1 3 1 5 77
1 4 5 3 163 365
1 3 5 34 34
1 3 5 5 1
1 2 13 112
1 3 34 41 207
1 3 34 34 174
1 2 13 115
1 2 5 80
1 1 15
1 2 13 115
1 5 1 34 3 5 5
1 3 1 34 163
1 4 6 34 163 5
1 2 6 88
1 3 6 34 163
1 2 6 93
1 2 6 95
1 2 6 88
1 2 6 89
1 3 5 5 1
1 3 14 34 172
1 2 14 120
1 5 5 34 5 34 34
1 8 1 34 163 34 163 34 163 34
1 7 3 163 34 34 163 3 34
1 5 3 163 34 163 3
1 4 1 34 163 171
1 3 34 163 372
1 3 34 173 404
1 3 1 34 173
1 4 1 34 163 372
1 5 1 34 163 163 373
1 5 14 34 163 163 3
1 2 2 51
1 5 1 34 163 163 171
1 2 13 116
1 4 1 34 34 3
1 5 1 14 34 163 3
1 4 5 34 34 167
1 4 5 34 166 386
1 8 1 34 34 6 67 168 394 591
1 3 3 163 34
1 3 1 34 171
1 2 6 87
1 2 3 59
1 3 34 34 5
1 3 34 34 173
1 4 1 34 166 387
1 4 1 34 5 83
1 2 5 79
1 5 5 34 3 5 83
1 3 34 3 34
1 3 3 67 242
1 7 3 163 3 34 34 34 180
1 3 2 34 172
1 2 14 124
1 2 1 42
1 4 34 163 171 399
1 2 1 42
1 2 171 399
1 3 2 1 42
1 2 1 44
1 9 1 34 3 5 34 163 3 67 243
1 3 1 34 171
1 7 5 34 3 5 34 3 67
1 4 1 34 3 67
1 1 19
1 2 3 57
1 3 5 34 163
1 6 1 34 5 5 5 34
1 4 1 34 165 381
1 3 1 34 14
1 5 6 67 168 394 591
1 5 6 34 168 394 591
1 1 21
1 7 6 3 163 34 168 394 591
1 2 166 386
1 4 1 34 5 34
1 7 6 3 163 34 163 34 171
1 4 1 34 6 89
1 4 2 1 34 172
1 2 6 92
1 4 34 2 5 34
1 3 1 34 173
1 2 2 49
1 4 6 3 163 373
1 4 183 427 624 778
1 3 34 168 395
1 4 2 5 41 210
1 3 183 775 895
1 1 20
1 1 7
1 4 5 34 34 426
1 2 1 45
1 3 6 91 282
1 1 7
1 3 34 34 426
1 3 183 427 624
1 2 5 80
1 1 20
1 3 6 67 246
1 6 1 34 183 427 624 778
1 2 6 97
1 10 1 34 163 34 163 34 183 426 621 775
1 3 183 426 621
1 4 34 34 183 422
1 1 24
1 2 2 47
1 2 183 428
1 2 1 43
1 2 41 211
1 4 1 34 2 52
1 2 183 428
1 1 17
1 1 18
1 4 1 34 34 177
1 5 183 426 621 773 891
1 2 2 53
1 2 2 51
1 5 183 426 621 775 896
1 4 2 34 163 374
1 3 1 34 184
1 6 34 5 34 183 427 623
1 3 34 171 398
1 3 34 163 371
1 5 183 426 621 773 889
1 3 25 2 55
1 5 13 34 183 427 625
1 2 34 174
1 7 6 3 34 168 426 620 771
1 3 34 41 206
1 2 6 94
1 1 16
1 3 13 34 775
1 5 34 5 34 426 619
1 2 13 119
1 4 1 34 173 405
1 5 183 426 621 773 889
1 3 1 34 177
1 3 25 2 55
1 3 1 34 177
1 4 183 426 621 774
1 4 34 34 163 374
1 2 41 206
1 5 183 426 621 773 889
1 3 25 2 55
1 3 5 41 204
1 5 183 426 621 773 890
1 4 11 34 775 896
1 3 183 426 621
1 2 11 109
1 4 5 34 775 896
1 4 183 426 621 772
1 7 11 34 183 426 621 775 896
1 3 6 91 282
1 3 1 34 180
1 5 34 183 427 624 777
1 4 1 34 183 422
1 1 24
1 3 34 173 407
1 1 27
1 4 183 426 621 775
1 1 28
1 8 34 163 34 34 163 5 41 209
1 2 6 96
1 2 41 209
1 3 1 34 173
1 2 6 97
1 3 183 427 624
1 2 6 97
1 6 1 34 183 426 621 775
1 4 34 183 427 626
1 2 22 143
1 2 34 182
1 3 183 426 621
1 1 21
1 3 183 427 627
1 2 41 209
1 5 34 183 427 624 778
1 4 34 34 163 375
1 4 183 426 621 775
1 3 34 183 424
1 5 5 34 183 775 894
1 4 34 5 34 426
1 3 183 427 625
1 5 5 34 183 427 625
1 4 5 34 426 622
1 4 1 34 41 209
1 7 2 5 34 183 426 621 775
1 3 6 91 282
1 2 6 90
1 2 22 142
1 4 34 34 173 406
1 1 7
1 5 183 426 621 775 897
1 1 29
1 4 1 34 34 775
1 2 183 422
1 4 34 426 621 775
1 5 34 183 427 624 779
1 6 1 34 163 34 775 894
1 5 1 34 34 173 407
1 3 6 91 282
1 5 34 168 426 621 775
1 3 6 91 282
1 2 41 201
1 8 34 5 34 183 426 621 775 893
1 6 5 34 183 427 624 778
1 8 5 34 183 426 621 775 896 982
1 2 5 81
1 3 5 34 178
1 2 41 208
1 2 34 178
1 3 22 141 337
1 2 13 118
1 3 22 141 337
1 3 22 141 337
1 2 4 75
1 3 22 141 337
1 3 22 141 337
1 3 22 141 337
1 3 22 141 337
1 3 22 141 337
1 2 22 140
1 3 22 141 337
1 3 22 141 337
1 5 1 34 183 775 896
1 3 1 34 775
1 2 34 174
1 5 5 34 183 775 896
1 3 22 141 337
1 2 183 425
1 3 34 183 775
1 1 30
1 3 34 168 395
1 5 5 34 183 775 893
1 2 5 86
1 1 8
1 3 5 34 775
1 1 8
1 3 34 163 367
1 4 5 34 183 424
1 2 26 149
1 1 24
1 2 26 152
1 2 26 148
1 3 34 183 775
1 5 2 1 34 775 893
1 2 4 75
1 3 34 183 775
1 3 34 183 423
1 2 6 97
1 3 6 91 282
1 2 13 118
1 3 2 1 34
1 3 1 34 172
1 4 11 34 172 403
1 7 5 34 34 163 34 3 163
1 5 2 1 34 163 363
1 5 34 34 163 34 171
1 1 10
1 5 11 34 163 34 163
1 4 34 5 3 163
1 7 13 34 34 163 34 179 416
1 3 1 34 179
1 4 14 34 165 380
1 12 34 3 5 1 34 14 34 6 67 168 394 591
1 3 34 166 391
1 5 34 34 163 34 3
1 3 11 34 3
1 4 1 1 34 180
1 3 14 34 3
1 3 1 34 34
1 4 1 34 163 3
1 4 5 1 34 165
1 3 5 5 82
1 2 5 82
1 4 5 34 163 34
1 1 15
1 9 1 34 5 34 5 5 41 200 441
1 5 1 34 3 34 34
1 7 34 3 163 34 5 1 34
1 2 165 382
1 5 5 34 34 34 163
1 3 1 34 163
1 2 1 37
1 3 14 34 163
1 3 5 1 34
1 2 4 71
1 3 14 34 163
1 3 14 34 163
1 4 5 1 34 164
1 3 3 163 368
1 2 14 124
1 5 1 34 171 398 595
1 2 165 380
1 3 1 34 163
1 2 3 64
1 3 171 398 594
1 3 3 5 83
1 4 1 34 34 163
1 4 3 5 3 5
1 3 1 34 164
1 2 3 57
1 2 165 383
1 5 5 5 5 5 85
1 4 1 34 171 398
1 4 1 34 171 398
1 5 3 163 34 171 398
1 5 1 34 163 34 172
1 4 1 34 172 402
1 3 1 34 34
1 4 1 34 163 163
1 3 1 34 5
1 2 13 112
1 4 1 34 34 163
1 6 34 163 34 34 34 164
1 3 13 34 163
1 3 1 34 5
1 6 1 1 5 34 5 34
1 5 5 34 163 34 5
1 5 1 34 163 34 163
1 3 34 163 34
1 7 3 163 34 34 3 163 34
1 1 23
1 5 6 3 168 394 591
1 2 2 48
1 2 41 202
1 1 27
1 1 27
1 2 34 185
1 2 26 150
1 5 6 3 67 168 393
1 4 3 163 34 171
1 3 183 426 618
1 5 41 1 34 2 48
1 2 166 390
1 3 1 34 178
1 3 25 2 54
1 3 25 2 54
1 2 26 150
1 4 1 34 34 5
1 7 6 3 163 34 168 394 591
1 4 3 34 6 87
1 3 6 3 70
1 4 6 3 5 81
1 4 3 34 6 88
1 9 1 34 163 34 6 3 168 394 591
1 2 26 150
1 5 5 1 34 166 391
1 3 34 34 186
1 3 1 34 186
1 2 1 40
1 3 6 3 60
1 6 34 6 3 34 168 392
1 4 6 3 67 244
1 2 1 39
1 4 6 3 168 392
1 6 1 34 6 3 34 181
1 5 6 3 5 34 169
1 6 3 6 67 168 394 591
1 4 6 3 168 392
1 5 6 3 168 394 591
1 4 3 34 6 90
1 8 1 34 6 3 163 34 168 392
1 6 6 3 67 168 394 591
1 3 6 3 68
1 3 1 34 5
1 5 6 3 34 168 392
1 2 41 203
1 7 3 163 34 6 3 67 244
1 5 34 163 34 179 417
1 1 19
1 6 5 34 163 34 179 417
1 3 1 34 178
1 5 6 3 5 34 169
1 6 3 6 34 168 394 591
1 6 6 3 34 168 394 591
1 2 34 180
1 4 34 34 34 34
1 3 1 34 173
1 2 14 121
1 4 1 34 163 34
1 6 5 34 163 34 3 58
1 4 1 34 172 402
1 10 34 34 163 34 163 34 5 34 163 34
1 2 1 37
1 4 34 163 34 171
1 6 1 34 163 34 172 402
1 4 14 34 163 369
1 4 1 14 34 172
1 7 2 1 34 171 398 595 754
1 4 5 34 2 50
1 4 34 34 163 368
1 5 1 34 34 14 34
1 6 5 5 34 34 3 163
1 5 34 163 34 3 66
1 8 1 34 3 163 34 163 34 3
1 7 34 163 34 3 163 34 3
1 3 1 34 163
1 3 1 34 173
1 7 3 163 34 163 34 6 90
1 8 6 3 163 34 168 426 620 771
1 7 6 3 163 34 168 394 591
1 4 3 163 34 34
1 3 11 34 189
1 4 2 1 34 176
1 7 1 34 6 3 168 394 591
1 3 1 34 164
1 3 1 34 5
1 6 1 34 163 3 34 163
1 1 20
1 6 34 163 163 34 34 34
1 4 1 34 3 5
1 3 1 34 163
1 2 165 381
1 4 3 163 34 163
1 4 1 34 171 397
1 5 5 34 41 200 439
1 6 5 1 34 163 5 34
1 3 34 166 387
1 4 34 163 163 34
1 1 12
1 3 5 34 172
1 2 5 77
1 3 34 163 362
1 7 34 5 34 3 34 3 63
1 5 6 67 168 394 591
1 5 5 34 34 163 34
1 3 34 163 5
1 4 13 34 163 370
1 3 1 34 174
1 3 1 34 164
1 2 4 72
1 7 34 34 11 34 6 3 58
1 3 5 34 163
1 3 1 34 183
1 3 25 2 49
1 1 32
1 2 4 73
1 5 1 34 11 34 34
1 2 4 74
1 4 14 34 171 398
1 4 5 34 171 398
1 4 2 34 11 34
1 4 1 34 171 398
1 4 5 3 163 34
1 2 13 114
1 3 11 34 172
1 8 1 14 34 163 34 5 1 5
1 3 34 163 34
1 4 1 1 34 3
1 3 1 34 164
1 3 5 34 165
1 4 2 1 34 3
1 3 1 1 34
1 8 3 163 34 6 67 168 394 591
1 1 19
1 4 1 5 34 183
1 10 5 34 3 163 34 3 163 34 163 365
1 4 1 34 34 183
1 13 5 34 163 34 163 34 5 34 163 163 34 5 34
1 9 1 34 3 163 34 163 34 5 76
1 8 34 6 3 163 34 168 394 591
1 8 1 34 5 34 163 34 5 76
1 2 13 112
1 4 2 34 163 374
1 3 34 163 34
1 2 14 120
1 3 1 34 172
1 3 2 34 165
1 3 34 34 179
1 3 14 34 3
1 4 1 34 163 34
1 6 5 34 163 34 34 3
1 3 1 34 34
1 1 12
1 4 34 34 3 5
1 4 13 34 5 5
1 4 1 34 163 370
1 5 14 34 34 3 34
1 7 34 163 34 34 3 67 245
1 2 6 90
1 3 1 34 165
1 3 2 34 179
1 3 1 34 171
1 3 1 34 3
1 3 34 3 62
1 7 34 3 6 67 168 394 591
1 7 34 3 6 67 168 394 591
1 4 1 34 34 3
1 2 26 151
1 3 1 34 166
1 14 1 34 163 41 1 34 11 163 34 34 34 34 34 34
1 9 5 41 1 1 1 34 163 11 34
1 9 34 41 1 34 163 163 34 34 11
1 7 34 163 163 163 163 163 368
1 4 34 41 1 35
1 8 1 41 1 34 163 34 163 34
1 8 41 1 34 34 163 163 34 188
1 2 5 80
1 3 1 34 34
1 6 3 5 3 34 3 56
1 4 5 34 165 381
1 4 5 34 165 380
1 14 1 34 3 163 34 3 5 34 3 6 67 168 394 591
1 4 1 34 166 388
1 2 166 391
1 2 14 123
1 4 2 5 3 56
1 5 5 34 3 163 365
1 4 14 34 3 56
1 11 1 34 34 163 34 163 34 163 5 34 34
1 8 11 34 163 163 34 5 34 163
1 5 34 34 5 1 34
1 1 10
1 3 13 34 163
1 3 34 163 163
1 5 34 163 34 166 387
1 4 34 163 163 5
1 2 165 381
1 5 1 34 163 34 163
1 2 3 65
1 7 34 34 34 163 34 163 379
1 9 5 34 163 163 163 163 163 171 397
1 2 166 387
1 12 1 34 163 41 200 438 163 163 41 200 438 638
1 8 5 5 34 163 163 163 163 379
1 3 34 165 382
1 13 2 1 41 1 34 163 11 34 163 34 163 3 66
1 10 1 1 1 41 200 438 163 34 34 3
1 8 1 34 163 34 11 163 34 171
1 9 14 41 200 438 163 34 163 34 171
1 2 1 36
1 5 1 5 41 200 440
1 4 3 163 34 34
1 8 41 1 34 163 163 41 200 439
1 5 1 1 41 200 438
1 2 171 401
1 6 1 1 1 1 34 190
1 4 1 34 163 34
1 2 171 401
1 6 1 1 41 1 1 34
1 15 1 1 41 1 34 41 1 1 34 163 163 163 163 34 163
1 4 1 41 200 439
1 4 1 1 34 163
1 10 1 14 41 1 1 1 41 1 1 46
1 11 5 1 5 41 1 1 34 163 34 163 41
1 8 1 1 41 1 34 163 34 171
1 7 1 1 34 163 34 163 41
1 4 1 1 14 122
1 10 41 1 34 163 11 163 34 163 34 163
1 7 1 1 1 14 41 200 442
1 2 171 397
1 9 2 1 41 1 34 34 163 11 163
1 11 1 1 14 41 1 1 34 163 11 163 34
1 9 1 41 1 1 34 163 34 163 163
1 3 1 34 163
1 8 1 41 200 438 163 11 163 378
1 3 34 5 34
1 2 34 169
1 3 1 34 169
1 1 17
1 1 17
1 1 17
1 1 9
1 9 1 1 41 200 438 163 163 163 163
1 6 6 3 168 426 620 771
1 5 1 41 200 438 638
1 5 6 3 168 394 591
1 13 1 1 1 1 1 41 200 438 163 11 163 163 34
1 6 6 3 34 168 426 617
1 2 1 46
1 3 6 3 69
1 13 1 1 41 1 34 34 11 163 163 163 163 11 107
1 4 6 3 168 392
1 8 1 1 41 1 34 163 163 163
1 4 6 3 168 392
1 5 5 1 1 41 200
1 4 3 34 163 365
1 7 1 1 41 200 438 163 377
1 6 6 3 168 426 620 771
1 4 14 41 200 442
1 6 6 3 168 426 620 771
1 3 34 163 370
1 3 6 3 64
1 12 1 41 1 34 11 163 163 163 163 11 34 163
1 2 13 117
1 11 1 41 1 34 163 163 163 163 163 163 361
1 4 1 34 163 370
1 4 1 34 34 188
1 8 1 1 41 200 438 163 163 361
1 3 2 1 46
1 2 1 46
1 7 41 200 438 163 163 163 361
1 2 165 385
1 6 1 1 41 200 438 639
1 8 41 200 438 163 163 163 163 163
1 10 1 1 1 41 200 438 163 163 163 163
1 3 6 3 60
1 4 6 3 163 366
1 4 34 163 41 1
1 4 6 3 5 84
1 3 34 34 41
1 1 30
1 3 1 34 41
1 2 41 212
1 11 1 1 1 1 1 41 200 438 163 163 361
1 1 31
1 1 16
1 14 1 1 1 41 1 1 34 163 163 11 163 163 34 163
1 1 33
1 4 6 3 163 376
1 3 3 6 91
1 9 1 34 34 34 34 11 163 41 1
1 2 1 38
1 3 34 163 362
1 3 1 1 41
1 3 1 5 82
1 5 34 163 41 1 1
1 5 1 11 163 41 1
1 4 1 34 11 108
1 3 34 171 398
1 4 6 3 168 392
1 9 34 163 34 34 163 163 41 1 1
1 5 1 1 34 163 41
1 5 13 34 163 41 1
1 2 5 80
1 5 5 34 41 1 40
1 4 6 3 168 392
1 7 1 1 34 163 163 41 205
1 2 13 113
1 4 34 163 41 1
1 3 34 14 125
1 3 1 11 108
1 2 165 380
1 8 1 34 5 1 1 11 163 163
1 6 13 34 5 1 1 41
1 8 2 1 34 11 163 163 41 1
1 4 34 163 163 41
1 6 6 3 34 168 426 617
1 3 34 163 41
1 4 1 11 163 41
1 3 1 11 108
1 4 5 34 5 34
1 6 2 5 34 34 14 123
1 5 34 163 163 34 187
1 1 15
1 4 1 34 172 403
1 2 34 175
1 6 1 34 171 398 595 754
1 2 3 62
1 3 1 34 164
1 2 171 400
1 4 34 163 34 5
1 3 5 34 34
1 4 2 34 34 163
1 5 1 34 163 34 34
1 2 5 78
1 2 6 89
1 6 1 34 171 398 595 755
1 2 3 63
1 2 6 95
1 5 1 11 163 163 41
1 1 30
1 2 166 386
1 2 6 87
1 5 1 34 171 398 595
1 4 5 5 5 1
