751 81
1 6 1 23 23 23 23 23
1 3 2 4 5
1 4 7 7 4 5
1 5 5 5 4 5 5
1 9 5 4 6 32 32 32 32 32 32
1 6 2 3 2 4 4 3
1 7 1 23 23 23 23 23 23
1 4 7 7 4 3
1 3 4 4 3
1 3 3 4 1
1 6 2 4 5 2 3 4
1 7 4 4 3 3 4 4 3
1 5 8 59 71 77 77
1 3 4 3 27
1 4 7 7 7 7
1 9 7 7 4 3 25 3 3 4 29
1 4 7 4 3 2
1 6 7 7 7 7 4 3
1 4 79 2 4 3
1 5 9 36 36 36 36
1 4 4 3 4 3
1 6 10 38 62 4 29 29
1 3 11 12 4
1 3 11 4 3
1 4 7 4 3 27
1 5 7 7 4 26 56
1 3 13 4 3
1 3 1 23 23
1 5 2 4 5 4 4
1 10 6 32 32 32 32 32 32 32 32 32
1 3 4 26 4
1 7 13 4 4 3 5 4 28
1 3 13 4 3
1 5 2 4 5 4 5
1 6 2 4 5 5 5 2
1 5 2 3 4 4 2
1 6 2 5 4 4 26 56
1 3 13 4 3
1 4 6 32 32 32
1 5 4 2 3 4 5
1 3 11 39 39
1 3 3 4 29
1 4 13 4 3 5
1 4 15 43 43 43
1 4 2 4 4 14
1 4 2 24 24 24
1 5 4 2 4 4 4
1 4 2 4 3 4
1 3 4 4 3
1 6 15 11 12 4 3 28
1 4 7 7 7 7
1 3 2 4 26
1 3 13 41 41
1 5 2 5 4 3 3
1 3 3 4 1
1 3 11 4 3
1 3 4 3 27
1 4 2 4 3 5
1 4 12 4 3 26
1 4 15 11 4 3
1 4 12 3 4 3
1 4 11 12 4 3
1 3 13 4 3
1 7 2 4 3 3 3 4 30
1 4 7 7 4 30
1 5 3 2 4 5 5
1 3 5 4 3
1 4 3 4 4 3
1 3 7 7 4
1 3 12 40 40
1 3 2 4 3
1 3 2 4 3
1 4 4 4 4 3
1 3 4 3 5
1 3 4 5 5
1 3 1 23 23
1 5 79 81 81 81 81
1 3 5 4 3
1 3 4 4 5
1 3 3 5 5
1 3 4 3 27
1 4 15 44 63 63
1 3 14 42 42
1 3 14 42 42
1 3 14 42 42
1 3 5 31 31
1 3 44 44 63
1 3 14 42 42
1 5 5 5 2 4 3
1 3 3 4 3
1 4 5 3 4 29
1 5 5 3 4 5 31
1 3 3 4 29
1 3 3 27 27
1 6 11 39 39 39 39 39
1 3 5 5 31
1 5 14 42 42 42 42
1 3 11 4 30
1 3 5 3 4
1 4 79 4 3 27
1 5 4 4 5 4 5
1 6 2 3 4 5 4 3
1 8 4 3 4 3 4 3 4 3
1 3 13 4 4
1 7 4 2 3 4 4 3 2
1 5 2 3 4 3 2
1 4 12 3 4 3
1 3 6 32 32
1 3 1 4 26
1 6 2 24 24 24 24 24
1 5 2 3 3 4 30
1 4 2 4 30 58
1 4 2 5 4 3
1 4 7 4 4 5
1 6 16 45 65 75 80 80
1 8 12 40 40 40 40 40 40 40
1 3 4 3 2
1 11 4 5 3 6 32 32 3 4 3 4 28
1 3 12 4 3
1 7 8 34 59 79 4 3 27
1 5 4 3 6 32 32
1 7 72 2 4 3 2 4 2
1 3 5 4 4
1 3 13 4 4
1 5 1 4 29 29 29
1 4 13 41 41 41
1 4 6 32 32 32
1 5 13 41 41 41 41
1 3 4 2 4
1 7 72 78 78 78 78 78 78
1 3 11 4 28
1 4 15 15 43 43
1 5 15 15 43 43 43
1 7 72 78 78 78 78 78 78
1 3 11 12 3
1 3 1 23 23
1 6 5 2 4 2 4 5
1 3 3 4 3
1 6 15 15 15 43 43 43
1 5 3 27 27 27 27
1 10 13 41 41 41 41 41 41 41 41 41
1 9 9 35 61 61 61 61 61 61 61
1 4 72 78 78 78
1 3 1 23 23
1 4 72 2 4 3
1 3 3 4 5
1 3 1 4 6
1 4 4 6 32 3
1 3 7 4 3
1 5 8 34 59 72 79
1 4 79 4 3 3
1 5 8 34 59 71 77
1 6 7 4 3 4 3 27
1 7 8 34 59 71 77 77 77
1 6 7 4 29 29 29 29
1 4 4 5 4 3
1 7 12 4 3 4 3 2 24
1 8 8 34 59 72 79 81 81 81
1 4 15 15 43 43
1 4 7 7 7 7
1 3 4 4 4
1 3 13 4 3
1 6 7 7 7 7 7 7
1 3 18 48 48
1 3 9 36 36
1 3 18 48 48
1 4 8 33 33 33
1 4 17 47 47 47
1 5 9 35 61 61 61
1 6 18 49 66 19 50 50
1 3 9 35 79
1 3 17 47 47
1 3 18 49 67
1 4 8 33 33 33
1 4 20 18 48 48
1 3 49 66 19
1 5 9 35 61 61 61
1 6 17 18 49 67 67 67
1 4 9 35 61 61
1 10 18 49 66 19 4 3 4 3 4 3
1 3 49 66 19
1 11 21 16 46 46 46 46 46 46 46 46 46
1 9 21 16 46 46 46 46 46 46 46
1 9 15 44 63 63 63 63 63 63 63
1 6 15 11 39 4 4 3
1 4 12 49 66 76
1 4 12 40 40 40
1 3 15 11 39
1 4 12 40 40 40
1 6 15 43 43 43 43 43
1 6 22 53 53 53 53 53
1 4 15 15 15 44
1 7 15 44 63 63 63 63 63
1 5 15 44 63 63 63
1 5 7 7 7 7 7
1 3 22 53 53
1 6 13 4 3 4 30 58
1 8 20 18 49 66 19 3 4 28
1 4 17 17 47 47
1 3 20 51 51
1 3 11 12 4
1 3 44 63 63
1 8 16 45 65 75 80 80 80 80
1 6 11 39 39 39 4 14
1 4 21 52 52 52
1 7 8 34 17 59 71 69 79
1 9 11 12 49 66 76 76 76 76 76
1 5 9 35 61 61 61
1 3 17 47 47
1 3 18 4 14
1 9 9 35 61 61 61 61 61 61 61
1 5 44 63 63 63 63
1 3 11 39 39
1 4 22 54 68 68
1 4 44 63 63 63
1 7 22 54 11 12 49 66 19
1 3 44 63 63
1 8 22 54 11 12 49 67 67 67
1 4 44 63 63 63
1 4 11 39 39 4
1 7 22 54 11 12 49 66 19
1 8 16 45 65 75 80 80 80 80
1 3 44 63 63
1 6 22 54 11 39 39 39
1 11 22 54 11 39 39 39 39 39 39 4 4
1 3 44 63 63
1 7 22 54 11 12 49 66 19
1 7 16 45 65 74 74 74 74
1 3 11 39 39
1 7 21 52 52 52 52 52 52
1 3 49 66 19
1 6 9 36 36 36 36 36
1 4 17 18 19 3
1 4 20 18 4 5
1 3 49 66 19
1 3 9 35 79
1 4 20 18 4 3
1 5 9 35 61 61 61
1 7 20 18 49 66 19 4 26
1 3 9 35 79
1 9 9 35 18 48 48 48 48 48 48
1 6 17 47 47 47 47 47
1 7 20 51 51 51 51 51 51
1 4 8 33 33 33
1 8 18 49 66 19 4 3 4 3
1 3 7 7 7
1 6 10 37 37 37 37 37
1 4 18 49 66 19
1 3 7 7 7
1 11 18 49 66 19 50 50 50 50 50 50 50
1 7 20 18 49 67 67 67 67
1 4 9 35 61 61
1 7 9 35 18 49 66 19 50
1 3 13 4 3
1 4 49 66 19 4
1 4 9 35 61 61
1 4 9 35 61 61
1 6 18 49 66 19 4 3
1 7 7 7 7 7 7 7 4
1 3 49 66 19
1 4 7 7 7 7
1 5 18 49 66 19 50
1 3 7 7 7
1 5 20 18 19 4 3
1 4 20 51 51 51
1 4 18 49 66 19
1 7 20 18 49 66 76 76 76
1 5 17 18 19 4 5
1 4 17 47 47 47
1 5 7 7 7 4 5
1 4 7 7 4 5
1 7 18 49 67 67 67 67 67
1 4 21 16 46 46
1 5 9 35 61 61 61
1 4 9 35 18 48
1 7 7 7 7 7 7 4 4
1 5 7 7 7 7 7
1 4 18 4 4 3
1 4 49 66 76 76
1 4 18 49 66 76
1 9 9 35 61 61 61 61 61 61 61
1 6 17 18 4 3 4 3
1 5 18 48 48 48 48
1 3 9 35 79
1 3 9 35 79
1 6 17 18 49 67 67 67
1 8 9 35 61 61 61 61 61 61
1 9 9 35 61 61 61 61 61 61 61
1 7 7 7 7 7 7 4 5
1 7 7 7 7 7 7 7 7
1 6 7 7 7 7 7 4
1 3 17 17 17
1 4 17 17 17 47
1 3 17 17 17
1 3 1 23 23
1 3 17 17 17
1 3 17 17 47
1 3 17 17 17
1 3 17 17 17
1 3 17 17 17
1 3 17 17 17
1 3 17 17 17
1 3 17 17 17
1 3 17 17 17
1 3 17 17 17
1 3 17 17 17
1 5 20 18 19 4 3
1 3 18 4 3
1 5 20 18 19 4 5
1 3 17 17 17
1 7 7 7 7 7 4 3 27
1 3 18 19 50
1 3 18 19 4
1 4 7 7 7 7
1 5 9 35 18 48 48
1 3 9 36 36
1 8 7 7 7 7 7 4 5 31
1 3 18 4 5
1 6 20 18 48 48 48 48
1 4 7 7 7 7
1 7 21 16 46 46 46 46 46
1 5 21 16 46 46 46
1 6 21 16 46 46 46 46
1 7 21 16 46 46 46 46 46
1 3 18 19 4
1 3 18 48 48
1 6 9 35 18 4 3 28
1 3 18 19 4
1 7 20 18 19 4 5 31 31
1 3 9 35 79
1 3 4 3 28
1 4 4 3 4 3
1 3 11 4 3
1 4 15 11 4 26
1 7 3 2 4 3 4 4 5
1 3 3 4 1
1 6 3 6 32 32 3 28
1 5 12 4 3 4 4
1 3 12 4 29
1 5 3 4 3 4 26
1 4 3 2 5 4
1 3 7 4 3
1 9 10 38 62 4 29 29 29 29 29
1 5 4 4 3 4 3
1 3 2 4 5
1 12 8 34 59 72 79 4 30 58 58 58 58 58
1 4 12 40 40 40
1 7 16 45 65 75 80 80 80
1 3 12 4 3
1 5 2 4 3 4 4
1 5 2 24 24 24 24
1 3 2 4 30
1 3 4 4 3
1 3 5 31 31
1 3 72 78 78
1 4 6 32 3 5
1 3 7 7 7
1 4 4 3 4 5
1 4 7 7 7 7
1 10 12 12 4 25 55 55 55 55 55 55
1 7 4 3 5 4 3 2 4
1 3 4 4 29
1 7 3 4 5 31 31 31 31
1 5 3 4 4 4 5
1 3 4 1 23
1 3 3 4 30
1 3 4 3 27
1 3 3 4 30
1 3 3 4 30
1 3 13 41 41
1 3 11 12 40
1 5 15 11 12 4 3
1 3 3 4 3
1 3 11 12 40
1 3 1 23 23
1 4 3 4 4 3
1 4 5 2 4 2
1 4 5 2 5 2
1 3 1 4 3
1 3 19 50 50
1 4 19 50 50 50
1 4 19 50 50 50
1 3 19 50 50
1 5 19 50 50 50 50
1 4 11 12 4 3
1 4 11 12 4 3
1 5 11 12 4 3 2
1 4 11 11 4 3
1 4 11 11 4 3
1 4 3 3 4 3
1 3 5 4 3
1 3 4 3 27
1 4 3 4 4 3
1 6 1 4 4 4 3 4
1 3 3 26 4
1 3 3 4 14
1 4 5 3 3 4
1 3 5 4 3
1 6 4 5 4 5 3 3
1 5 5 4 3 4 5
1 3 4 3 4
1 3 16 46 46
1 7 7 7 7 4 29 29 29
1 9 10 38 62 4 28 57 57 57 57
1 5 7 7 7 7 7
1 4 16 46 46 46
1 6 10 38 62 4 6 32
1 6 7 7 7 7 7 7
1 5 8 34 59 69 79
1 5 16 45 65 74 74
1 4 12 4 3 2
1 5 1 23 23 23 23
1 6 7 7 7 7 7 7
1 4 17 47 47 47
1 3 7 7 7
1 3 7 7 7
1 3 16 46 46
1 4 5 4 4 3
1 7 8 34 59 70 70 70 70
1 6 8 59 71 77 77 77
1 5 8 59 70 70 70
1 8 8 34 59 72 78 78 78 78
1 7 16 45 65 74 74 74 74
1 8 16 45 65 74 74 74 74 74
1 7 16 45 65 74 74 74 74
1 7 8 34 59 71 77 77 77
1 7 8 34 60 60 60 60 60
1 3 4 3 2
1 3 8 33 33
1 6 8 59 71 69 79 4
1 4 8 59 69 79
1 4 8 33 33 33
1 5 16 45 64 64 64
1 5 8 33 33 33 33
1 6 8 34 59 72 79 2
1 4 8 59 69 79
1 6 8 59 71 69 79 3
1 5 8 34 59 69 79
1 6 8 34 59 79 4 2
1 7 8 34 59 71 69 79 4
1 8 8 59 71 77 77 77 77 77
1 6 8 34 59 72 2 24
1 3 7 7 7
1 3 8 59 72
1 3 5 4 3
1 5 8 59 71 69 79
1 6 8 59 72 2 24 24
1 7 8 33 33 33 33 33 33
1 7 7 7 7 7 4 3 4
1 10 7 7 7 7 7 7 4 3 4 5
1 4 17 47 47 47
1 5 8 33 33 33 33
1 6 8 34 59 71 77 77
1 6 8 34 59 71 69 79
1 4 4 4 4 4
1 7 3 4 3 2 5 4 30
1 3 13 4 3
1 3 1 4 28
1 4 4 3 4 3
1 4 11 39 39 4
1 6 1 23 23 23 23 23
1 4 11 11 4 3
1 10 4 3 4 5 4 3 4 3 4 4
1 4 11 11 39 39
1 4 12 4 3 4
1 5 1 23 23 23 23
1 7 11 39 39 39 4 3 28
1 11 2 4 3 4 3 2 4 3 3 4 14
1 4 13 41 41 41
1 5 4 30 58 58 58
1 4 4 26 4 4
1 6 3 2 4 4 5 5
1 6 3 27 27 27 27 27
1 4 4 4 3 4
1 5 1 4 5 4 26
1 5 4 5 3 2 4
1 7 2 4 3 2 4 3 4
1 3 3 4 3
1 3 13 4 3
1 4 28 57 57 57
1 3 4 3 6
1 4 79 81 81 81
1 8 8 34 59 70 70 70 70 70
1 4 4 4 3 2
1 10 7 7 7 7 7 7 7 4 3 27
1 5 7 7 7 4 26
1 4 4 3 4 3
1 7 16 45 65 74 74 74 74
1 7 8 34 59 69 79 4 3
1 3 5 4 3
1 5 7 7 4 3 2
1 6 3 4 2 3 4 3
1 5 7 7 4 3 27
1 4 5 2 4 3
1 3 3 4 3
1 4 3 4 3 2
1 9 7 7 7 4 4 5 4 5 31
1 6 3 4 4 25 4 5
1 6 4 5 3 4 3 5
1 3 7 4 5
1 4 4 3 3 4
1 3 4 3 27
1 3 11 4 5
1 3 4 3 28
1 3 1 23 23
1 3 1 23 23
1 12 9 35 61 61 61 61 61 61 61 61 61 61
1 5 8 34 59 72 79
1 5 4 3 4 4 5
1 3 5 3 4
1 5 14 42 42 42 42
1 3 4 1 4
1 3 14 42 42
1 3 1 4 3
1 3 1 4 1
1 11 9 35 61 61 61 61 61 61 61 61 61
1 3 3 4 5
1 3 12 12 40
1 3 4 5 31
1 5 4 4 26 4 3
1 3 11 11 39
1 4 11 12 4 30
1 4 11 12 4 5
1 4 4 26 4 28
1 4 5 4 3 5
1 4 11 12 4 3
1 4 4 3 2 5
1 5 11 12 4 26 56
1 3 11 11 39
1 3 11 12 4
1 3 13 4 29
1 8 5 3 5 4 3 4 30 58
1 3 4 3 4
1 4 2 4 3 3
1 3 1 4 3
1 3 6 32 32
1 4 2 4 3 28
1 3 4 3 3
1 5 4 3 4 3 2
1 8 8 34 59 72 79 4 3 2
1 4 4 3 4 29
1 14 8 34 59 72 79 3 4 3 2 4 3 2 4 5
1 13 4 5 4 3 3 4 5 4 3 4 3 4 5
1 11 4 3 28 57 57 57 57 57 57 57 57
1 11 4 3 4 4 5 4 5 4 3 4 5
1 5 8 34 59 79 4
1 5 5 5 31 31 31
1 9 7 7 7 4 3 4 5 4 3
1 3 19 4 3
1 3 19 3 27
1 4 19 3 4 28
1 3 4 3 4
1 3 19 3 27
1 3 19 4 3
1 3 19 4 3
1 8 12 40 40 40 40 40 40 40
1 3 11 4 3
1 3 7 4 4
1 3 2 4 30
1 4 4 3 4 3
1 6 2 4 4 3 4 5
1 3 4 4 3
1 3 12 4 29
1 4 5 2 4 4
1 5 4 30 58 58 58
1 7 7 7 7 4 4 3 4
1 3 8 59 79
1 3 7 4 28
1 3 12 4 3
1 3 2 4 3
1 3 12 40 40
1 5 8 34 59 72 79
1 5 11 12 4 5 2
1 7 8 34 59 72 79 2 4
1 3 4 4 3
1 3 7 4 3
1 14 4 4 4 4 4 4 3 26 4 3 25 3 4 3
1 9 7 4 4 3 3 4 3 25 4
1 7 13 41 41 41 41 41 41
1 5 4 28 3 25 4
1 8 4 3 4 3 4 3 25 3
1 6 8 34 59 72 79 81
1 3 4 4 3
1 14 8 34 59 72 79 3 2 4 5 3 2 5 2 24
1 12 2 24 24 24 24 24 24 24 24 24 24 24
1 17 4 5 3 4 5 5 5 4 3 5 4 5 4 3 4 4 3
1 14 10 38 62 4 3 6 32 32 3 6 32 32 32 32
1 14 8 34 59 72 79 2 4 5 2 4 3 2 4 3
1 13 2 24 24 24 24 24 24 24 24 24 24 24 24
1 14 16 45 65 74 74 74 74 74 74 74 74 74 74 74
1 6 16 45 65 74 74 74
1 12 7 4 3 27 27 27 27 27 27 27 27 27
1 11 8 34 59 72 79 2 4 28 57 57 57
1 9 8 34 59 72 79 3 2 4 5
1 10 2 4 5 3 2 4 28 57 57 57
1 11 4 4 5 3 4 3 4 3 4 4 3
1 8 3 4 5 4 3 3 4 26
1 3 5 4 3
1 4 3 3 2 5
1 5 6 32 32 32 32
1 5 4 3 5 4 4
1 3 13 4 29
1 3 3 4 14
1 6 7 4 29 29 29 29
1 4 13 41 41 41
1 5 3 4 3 4 3
1 3 5 4 3
1 5 11 12 4 30 58
1 9 12 12 3 3 3 3 3 4 5
1 6 7 4 4 3 4 29
1 16 12 3 4 3 4 3 4 25 3 3 3 4 25 3 4 3
1 12 12 4 4 25 55 55 55 55 55 55 55 55
1 4 7 7 7 4
1 15 4 3 27 27 27 27 27 27 27 27 27 27 27 27 27
1 8 12 4 3 26 4 3 4 3
1 3 7 7 4
1 9 12 4 3 4 3 3 4 25 55
1 11 12 4 3 26 3 3 25 4 25 55 55
1 4 4 4 3 2
1 10 4 3 4 4 25 3 3 4 3 25
1 3 12 40 40
1 10 12 40 40 40 40 40 40 40 40 40
1 5 12 12 12 40 40
1 6 4 3 3 25 3 3
1 15 3 4 3 3 3 3 4 3 3 25 4 3 25 3 3
1 4 3 4 3 3
1 16 4 3 26 3 3 4 29 29 29 29 29 29 29 29 29 29
1 11 25 3 4 3 4 3 3 25 55 55 55
1 8 12 4 3 4 3 25 3 3
1 7 25 3 4 3 4 3 3
1 10 12 3 3 4 3 25 55 55 55 55
1 10 3 4 3 4 3 26 3 4 3 25
1 4 4 3 25 3
1 8 3 26 4 25 55 55 55 55
1 9 3 26 3 4 4 3 25 3 28
1 9 3 3 4 3 4 3 3 25 3
1 3 3 4 3
1 3 4 5 4
1 3 79 81 81
1 3 8 33 33
1 3 15 44 44
1 3 15 44 44
1 3 15 44 44
1 3 15 44 44
1 3 15 44 63
1 4 8 33 33 33
1 9 3 3 3 3 3 4 25 3 3
1 6 8 34 17 59 69 79
1 9 3 3 3 3 4 3 4 25 3
1 5 8 34 59 69 79
1 13 4 3 3 26 3 3 4 25 3 3 3 3 3
1 6 8 33 33 33 33 33
1 4 8 33 33 33
1 4 8 59 69 79
1 8 3 3 3 4 3 25 3 3
1 4 8 59 69 79
1 5 4 25 3 3 5
1 11 10 38 62 73 73 73 73 73 73 73 73
1 14 3 3 3 3 26 3 3 4 25 3 3 3 4 4
1 6 8 34 17 59 69 79
1 7 3 3 3 26 4 25 55
1 5 8 59 70 70 70
1 11 1 23 23 23 23 23 23 23 23 23 23
1 7 8 34 17 59 72 2 24
1 12 3 4 26 3 3 3 3 26 4 3 25 3
1 3 11 12 40
1 3 15 44 63
1 11 28 3 3 3 3 3 3 4 3 25 3
1 10 3 3 3 4 3 25 55 55 55 55
1 12 3 3 3 3 4 25 3 27 27 27 27 27
1 7 28 3 3 3 3 4 25
1 7 3 4 25 3 27 27 27
1 5 3 3 4 25 3
1 8 3 3 3 3 3 3 4 25
1 10 3 3 3 3 3 4 25 3 3 3
1 3 8 33 33
1 6 8 34 59 70 70 70
1 4 3 25 3 4
1 5 8 33 33 33 33
1 4 25 55 55 55
1 7 10 38 62 4 3 6 32
1 3 3 25 3
1 3 25 4 3
1 7 16 45 65 75 80 80 80
1 11 28 3 3 3 4 25 3 3 3 3 3
1 9 28 3 3 3 3 3 3 25 55
1 4 12 40 40 40
1 14 3 4 3 3 26 3 3 4 3 3 25 3 3 3
1 3 7 7 7
1 8 9 35 61 61 61 61 61 61
1 3 8 33 33
1 13 7 7 4 3 26 3 3 4 3 3 25 55 55
1 9 3 25 3 26 4 4 4 4 3
1 3 4 6 32
1 3 1 23 23
1 6 7 7 7 7 7 7
1 3 25 3 3
1 5 15 11 12 40 40
1 5 3 25 3 26 3
1 5 3 25 55 55 55
1 3 11 12 4
1 4 8 59 69 79
1 9 3 3 25 3 3 4 4 3 4
1 5 3 25 3 4 14
1 5 8 59 69 79 81
1 5 79 3 25 4 5
1 4 8 59 69 79
1 10 7 7 7 7 7 7 7 4 3 3
1 6 8 34 59 69 79 81
1 3 17 47 47
1 4 3 25 3 4
1 3 17 47 47
1 4 5 31 31 31
1 7 8 34 59 79 4 3 2
1 4 79 81 81 81
1 4 8 33 33 33
1 8 3 3 26 3 3 5 4 3
1 6 25 3 3 5 4 14
1 8 3 25 3 3 26 4 3 28
1 6 8 34 17 59 69 79
1 4 25 3 3 4
1 6 8 33 33 33 33 33
1 4 25 3 3 3
1 3 25 3 4
1 4 25 3 26 3
1 4 4 5 4 5
1 7 7 7 7 4 4 5 31
1 5 7 4 3 3 4
1 5 15 15 15 11 39
1 4 15 11 4 3
1 6 11 39 39 39 4 3
1 5 15 15 43 43 43
1 4 11 12 12 40
1 3 3 27 27
1 4 5 4 3 4
1 3 4 4 5
1 4 3 4 4 28
1 5 4 4 3 4 3
1 3 5 31 31
1 5 15 11 12 4 3
1 3 79 81 81
1 7 15 15 15 11 12 4 3
1 5 11 12 4 26 56
1 4 10 37 37 37
1 3 7 7 7
1 5 4 3 4 3 27
1 4 11 4 3 27
1 5 11 12 4 3 2
1 5 15 11 12 4 3
1 3 11 12 40
1 4 3 5 5 5
