779 98
1 6 1 27 27 27 27 27
1 3 2 5 35
1 5 35 35 5 35 35
1 9 35 5 6 39 39 39 39 39 39
1 6 2 3 2 5 34 69
1 7 1 27 27 27 27 27 27
1 4 7 7 7 3
1 3 3 5 3
1 3 5 34 69
1 6 2 5 35 2 3 5
1 6 8 40 40 40 40 40
1 7 5 34 69 3 5 34 69
1 5 5 37 37 37 37
1 5 9 75 34 35 2
1 4 94 5 30 67
1 3 5 3 29
1 4 7 7 7 7
1 9 3 5 36 72 72 72 72 72 72
1 4 7 7 3 2
1 7 7 7 3 5 3 29 29
1 6 7 7 7 7 7 3
1 4 94 2 5 3
1 5 10 44 44 44 44
1 4 5 3 5 3
1 4 7 7 3 2
1 6 11 47 79 5 37 37
1 3 12 5 3
1 3 12 13 5
1 4 7 7 3 29
1 4 5 3 5 35
1 3 14 5 3
1 5 2 5 35 5 34
1 10 6 39 39 39 39 39 39 39 39 39
1 3 1 5 38
1 3 5 30 5
1 3 14 5 3
1 5 2 5 34 70 70
1 5 2 5 35 5 35
1 5 2 3 5 34 2
1 3 5 34 35
1 6 2 35 5 34 70 70
1 3 14 5 3
1 3 6 5 3
1 5 5 2 3 5 35
1 3 12 48 48
1 3 5 3 29
1 3 3 5 37
1 4 14 5 3 35
1 4 16 52 52 52
1 4 2 5 34 70
1 4 2 28 28 28
1 4 2 28 28 28
1 4 2 5 3 5
1 3 16 13 49
1 3 2 5 30
1 3 14 50 50
1 5 2 35 5 3 3
1 3 3 5 1
1 4 13 49 49 49
1 3 12 5 3
1 4 13 5 3 30
1 4 16 12 5 3
1 4 13 3 5 3
1 4 12 13 5 3
1 3 14 5 3
1 7 2 5 3 3 3 5 38
1 4 7 3 5 38
1 5 3 2 5 35 35
1 3 35 5 3
1 3 5 34 69
1 3 2 3 5
1 4 2 5 3 35
1 3 2 5 3
1 3 2 5 3
1 3 2 5 3
1 4 5 34 5 3
1 3 5 3 35
1 3 5 35 35
1 3 1 27 27
1 5 7 7 7 7 7
1 3 5 6 5
1 3 35 5 3
1 3 2 5 30
1 3 5 34 35
1 3 3 35 35
1 4 16 53 80 80
1 3 15 51 51
1 3 15 51 51
1 3 15 51 51
1 3 35 71 71
1 3 15 51 51
1 5 35 35 2 5 3
1 3 3 5 3
1 5 35 3 5 35 71
1 3 3 29 29
1 6 12 48 48 48 48 48
1 3 35 35 71
1 5 15 51 51 51 51
1 3 3 35 35
1 3 35 3 5
1 4 94 5 3 29
1 6 2 3 5 35 5 3
1 8 5 3 5 3 5 3 5 3
1 3 14 5 34
1 7 5 2 3 5 34 69 87
1 5 2 3 5 3 2
1 4 13 3 5 3
1 3 17 54 54
1 3 6 39 39
1 3 14 5 3
1 4 17 54 54 54
1 3 1 5 30
1 6 2 28 28 28 28 28
1 5 2 3 3 5 38
1 4 2 5 38 73
1 5 13 3 3 5 3
1 4 2 3 29 29
1 4 2 5 34 69
1 5 2 3 5 38 73
1 4 7 7 7 7
1 6 7 7 3 29 29 29
1 8 9 43 75 89 94 5 34 69
1 11 5 35 3 6 39 39 39 39 39 39 39
1 7 9 43 75 94 5 3 29
1 7 89 2 5 3 2 5 2
1 3 35 5 34
1 3 14 5 34
1 4 14 50 50 50
1 4 6 39 39 39
1 3 5 2 5
1 5 89 2 3 29 29
1 7 89 96 96 96 96 96 96
1 3 12 5 4
1 3 12 13 49
1 4 16 16 13 3
1 5 16 16 13 3 5
1 7 89 96 96 96 96 96 96
1 3 12 13 3
1 3 16 16 13
1 3 1 27 27
1 6 35 2 5 2 5 35
1 3 3 5 3
1 6 16 16 16 13 3 4
1 5 3 29 29 29 29
1 10 14 50 50 50 50 50 50 50 50 50
1 9 10 45 77 77 77 77 77 77 77
1 3 13 5 3
1 4 89 96 96 96
1 7 89 2 5 35 2 5 35
1 3 1 27 27
1 4 89 2 5 3
1 3 17 54 54
1 3 89 2 28
1 6 5 35 35 35 5 3
1 3 1 5 6
1 4 5 6 5 3
1 3 7 7 3
1 5 9 43 75 89 94
1 5 9 43 75 34 70
1 6 17 54 54 54 54 54
1 7 9 43 75 34 69 87 94
1 6 8 40 40 40 40 40
1 4 5 35 5 3
1 7 13 5 3 5 3 2 94
1 4 12 5 3 4
1 4 16 16 13 49
1 4 5 35 71 71
1 3 5 34 5
1 3 14 5 3
1 7 10 44 44 44 44 44 44
1 5 18 20 18 19 21
1 3 19 57 21
1 3 18 55 55
1 4 20 58 58 58
1 3 18 20 58
1 4 9 42 42 42
1 5 10 45 77 77 77
1 6 18 19 57 21 59 59
1 3 10 45 94
1 5 10 45 77 77 77
1 3 20 5 34
1 3 18 19 21
1 4 22 18 55 55
1 3 19 57 21
1 5 10 45 78 90 90
1 6 20 18 19 21 5 3
1 4 10 45 78 90
1 10 18 19 57 21 5 3 5 3 5 3
1 3 19 57 21
1 9 23 24 62 62 62 62 62 62 62
1 8 24 62 62 62 62 62 62 62
1 9 16 53 20 5 4 33 33 33 33
1 6 16 12 48 48 48 48
1 3 25 64 64
1 4 13 49 49 49
1 3 16 12 48
1 8 16 53 20 58 58 58 58 58
1 6 16 52 52 52 52 52
1 4 16 16 16 53
1 7 16 53 20 58 58 58 58
1 5 16 53 80 80 80
1 5 7 7 7 7 7
1 3 25 64 64
1 6 14 5 3 5 38 73
1 5 22 18 19 57 21
1 4 20 20 58 58
1 3 22 60 60
1 7 12 48 48 48 48 48 48
1 4 25 65 84 84
1 3 53 80 80
1 7 25 65 12 13 19 57 21
1 8 24 63 83 93 97 97 97 97
1 6 12 48 48 48 48 48
1 4 23 61 61 61
1 4 7 7 7 7
1 9 10 45 77 77 77 77 77 77 77
1 7 9 43 57 75 34 2 94
1 9 12 13 19 57 81 81 81 81 81
1 5 10 45 77 77 77
1 3 20 58 58
1 3 18 5 15
1 9 10 45 77 77 77 77 77 77 77
1 5 53 20 5 35 5
1 3 12 48 48
1 4 25 65 84 84
1 4 53 80 80 80
1 7 25 65 12 13 19 57 21
1 3 53 80 80
1 8 25 65 12 13 19 56 56 56
1 4 53 20 5 15
1 6 25 64 64 64 64 64
1 4 12 48 48 48
1 3 53 80 80
1 7 25 65 12 13 19 57 21
1 8 24 63 83 93 97 97 97 97
1 6 25 65 12 48 48 48
1 11 25 65 12 48 48 48 48 48 48 48 48
1 3 53 80 80
1 7 25 65 12 13 19 57 21
1 7 24 63 83 8 41 74 74
1 3 12 48 48
1 4 22 18 5 30
1 3 19 57 21
1 4 20 18 21 59
1 4 22 18 5 35
1 3 19 57 21
1 3 10 45 94
1 3 10 45 94
1 9 10 45 18 20 1 27 27 27 27
1 6 20 1 27 27 27 27
1 7 22 60 60 60 60 60 60
1 4 9 42 42 42
1 8 18 19 57 21 5 3 5 3
1 3 7 7 7
1 3 18 55 55
1 3 19 57 21
1 4 18 19 57 21
1 3 7 7 7
1 3 7 7 7
1 7 22 18 19 56 56 56 56
1 4 10 45 77 77
1 3 14 5 3
1 4 19 57 21 5
1 4 10 45 78 90
1 3 18 19 21
1 4 10 45 78 90
1 6 18 19 57 21 5 3
1 5 22 60 60 60 60
1 3 7 7 7
1 7 7 7 7 7 7 7 7
1 3 19 57 21
1 3 7 7 7
1 3 14 5 3
1 3 7 7 7
1 6 20 20 18 19 21 5
1 5 22 18 21 5 3
1 5 20 18 21 5 35
1 4 20 5 35 5
1 4 20 58 58 58
1 5 7 7 7 7 7
1 7 18 19 56 56 56 56 56
1 4 23 24 62 62
1 7 18 19 57 21 5 35 71
1 3 10 45 94
1 4 10 45 18 20
1 7 7 7 7 7 7 7 7
1 4 10 45 77 77
1 5 7 7 7 7 7
1 7 7 7 7 7 7 7 7
1 4 18 5 34 69
1 4 19 57 81 81
1 9 10 45 77 77 77 77 77 77 77
1 3 18 5 3
1 5 18 55 55 55 55
1 3 19 57 21
1 3 10 45 94
1 5 18 19 57 75 34
1 3 10 45 94
1 6 20 18 19 21 59 59
1 9 10 45 18 19 57 21 5 35 5
1 8 10 45 77 77 77 77 77 77
1 9 10 45 77 77 77 77 77 77 77
1 3 18 55 55
1 7 7 7 7 7 7 7 7
1 3 20 20 20
1 4 20 20 20 58
1 3 20 20 20
1 3 1 27 27
1 3 20 20 1
1 3 20 20 20
1 3 20 20 20
1 3 20 20 20
1 3 20 20 20
1 3 20 20 20
1 3 20 20 20
1 3 20 20 20
1 4 20 20 1 27
1 3 20 20 20
1 5 22 18 21 5 3
1 4 18 21 5 37
1 4 22 18 55 55
1 5 22 18 21 5 35
1 3 20 20 20
1 7 7 7 7 7 7 3 29
1 3 18 21 59
1 3 18 21 5
1 4 7 7 7 7
1 7 10 45 18 20 58 58 58
1 5 10 45 18 55 55
1 5 9 42 42 42 42
1 3 10 44 44
1 8 26 66 85 85 85 85 85 85
1 3 18 5 35
1 4 26 66 85 85
1 6 26 66 85 85 85 85
1 3 26 66 85
1 4 26 66 85 85
1 7 23 24 62 62 62 62 62
1 5 23 24 62 62 62
1 6 23 24 62 62 62 62
1 7 23 24 62 62 62 62 62
1 3 18 21 5
1 6 10 45 18 5 3 4
1 3 20 20 1
1 3 18 21 5
1 7 22 18 21 5 35 71 71
1 6 18 21 5 35 71 71
1 4 10 45 78 90
1 4 18 21 5 35
1 3 10 45 94
1 3 20 1 27
1 3 20 20 58
1 3 5 3 4
1 4 16 12 5 30
1 7 3 2 5 3 5 34 35
1 3 3 5 1
1 6 3 6 39 39 39 39
1 5 13 5 3 5 34
1 3 13 5 37
1 5 3 5 3 5 30
1 7 3 29 29 29 29 29 29
1 3 17 54 54
1 9 11 47 79 5 37 37 37 37 37
1 5 5 34 69 86 86
1 3 2 5 35
1 12 9 43 75 89 94 5 38 73 73 73 73 73
1 4 13 49 49 49
1 11 9 43 75 89 94 2 5 38 73 73 73
1 7 24 63 83 93 97 97 97
1 3 13 5 3
1 5 2 5 3 5 34
1 3 2 5 30
1 3 2 5 38
1 3 5 34 69
1 3 2 5 35
1 3 35 71 71
1 4 2 3 5 3
1 4 2 5 38 73
1 3 89 96 96
1 4 6 5 3 35
1 4 7 7 7 7
1 3 7 7 7
1 4 5 3 5 35
1 3 16 16 16
1 4 5 3 5 35
1 4 7 7 7 7
1 5 5 34 2 5 3
1 3 5 34 70
1 5 3 5 34 5 35
1 3 3 5 3
1 3 5 1 27
1 3 3 5 38
1 3 5 3 35
1 3 5 3 29
1 3 3 5 38
1 3 3 5 38
1 4 1 5 3 35
1 3 12 13 49
1 4 21 59 59 59
1 3 3 5 3
1 3 12 13 49
1 3 12 13 49
1 3 1 27 27
1 3 12 12 13
1 3 14 50 50
1 4 3 5 34 69
1 9 7 7 7 7 7 7 7 7 7
1 4 35 2 5 2
1 4 35 2 35 2
1 3 1 5 3
1 5 7 7 7 3 2
1 4 21 59 59 59
1 4 21 59 59 59
1 3 21 59 59
1 5 21 59 59 59 59
1 4 12 13 5 3
1 4 12 13 5 3
1 5 12 13 5 3 2
1 5 12 5 3 5 3
1 3 12 5 3
1 4 12 12 5 3
1 3 5 34 69
1 4 3 3 5 3
1 3 35 5 3
1 4 3 5 34 69
1 3 3 30 5
1 3 3 5 15
1 3 35 5 3
1 6 5 35 5 35 3 3
1 5 35 5 3 5 35
1 5 3 5 3 5 3
1 7 5 3 2 5 34 69 87
1 3 24 62 62
1 5 9 43 75 87 94
1 3 12 48 48
1 6 7 7 7 7 7 3
1 7 7 7 7 7 7 7 7
1 9 11 47 79 5 4 33 33 33 33
1 5 7 7 7 7 7
1 4 24 62 62 62
1 6 7 7 7 7 7 7
1 5 9 43 75 87 94
1 6 7 7 7 7 7 7
1 5 24 63 83 8 41
1 7 9 43 76 76 76 76 76
1 4 13 5 3 2
1 3 12 48 48
1 5 1 27 27 27 27
1 3 7 7 7
1 3 24 62 62
1 7 9 43 75 34 35 2 94
1 7 9 43 75 34 69 87 94
1 7 9 43 75 88 88 88 88
1 6 9 75 34 70 70 70
1 5 9 75 88 88 88
1 8 9 43 75 89 96 96 96 96
1 9 9 43 75 87 94 5 3 5 3
1 8 24 63 83 92 92 92 92 92
1 7 24 63 83 8 41 74 74
1 6 9 43 75 34 2 94
1 3 5 3 2
1 3 9 42 42
1 6 9 75 34 2 94 5
1 4 9 75 87 94
1 4 9 42 42 42
1 5 24 63 82 82 82
1 4 9 75 87 94
1 6 7 7 7 7 7 3
1 5 9 42 42 42 42
1 6 9 43 75 89 94 2
1 4 9 75 87 94
1 6 9 75 34 2 94 3
1 5 9 43 75 87 94
1 6 9 43 75 94 5 2
1 7 9 43 75 34 2 94 5
1 8 9 75 34 69 87 94 5 3
1 6 9 43 75 89 2 94
1 3 7 7 7
1 3 9 75 89
1 6 9 75 89 2 94 98
1 7 7 7 7 7 7 3 5
1 8 7 7 7 7 7 7 3 29
1 10 7 7 7 7 7 7 7 3 5 35
1 4 20 58 58 58
1 6 9 43 75 34 70 70
1 6 9 43 75 34 2 94
1 7 9 43 75 87 94 98 98
1 4 5 34 5 34
1 7 3 5 3 2 35 5 38
1 6 3 5 34 69 87 95
1 3 1 5 4
1 6 1 27 27 27 27 27
1 4 12 12 5 3
1 10 5 3 5 35 5 3 5 3 5 34
1 6 12 12 5 3 5 3
1 5 1 27 27 27 27
1 7 5 3 2 5 3 5 3
1 4 12 5 38 73
1 11 2 5 3 5 3 2 5 3 3 5 15
1 8 3 5 3 6 39 39 39 39
1 4 14 50 50 50
1 5 5 38 73 73 73
1 7 14 5 34 69 86 86 86
1 4 5 30 5 34
1 6 3 2 5 34 35 35
1 4 5 34 69 86
1 5 1 5 35 5 30
1 5 5 35 3 2 5
1 8 2 5 3 5 3 2 5 3
1 7 2 5 3 2 5 3 5
1 3 3 5 3
1 3 14 5 3
1 4 4 33 33 33
1 3 5 3 6
1 9 9 43 75 94 5 3 5 3 2
1 8 9 43 57 75 34 69 87 94
1 7 9 43 75 34 69 87 94
1 4 94 98 98 98
1 8 9 43 75 88 88 88 88 88
1 10 7 7 7 7 3 6 39 39 39 39
1 5 7 7 7 7 7
1 13 13 49 49 49 49 49 49 49 49 49 49 49 49
1 4 5 3 5 3
1 7 24 63 83 8 41 74 74
1 7 9 43 75 87 94 5 3
1 3 1 5 3
1 3 35 5 3
1 5 7 7 7 3 2
1 6 3 5 2 3 5 3
1 4 9 43 75 89
1 5 7 3 5 3 29
1 6 5 3 6 5 3 6
1 6 5 34 5 3 3 5
1 3 3 5 3
1 6 5 3 5 3 5 6
1 4 3 5 3 2
1 5 5 3 5 3 2
1 9 7 3 31 5 34 35 5 35 71
1 4 13 49 49 49
1 6 5 35 3 5 3 35
1 3 5 34 69
1 3 3 5 35
1 4 21 5 37 37
1 3 7 7 7
1 3 5 3 29
1 3 5 3 4
1 3 1 27 27
1 12 10 45 77 77 77 77 77 77 77 77 77 77
1 5 9 43 75 89 94
1 3 35 3 5
1 5 15 51 51 51 51
1 3 5 1 5
1 3 15 51 51
1 3 1 5 1
1 11 10 45 77 77 77 77 77 77 77 77 77
1 3 3 5 35
1 3 13 49 49
1 3 21 5 3
1 6 7 7 7 7 7 7
1 5 24 63 83 8 41
1 4 7 7 7 7
1 3 5 35 71
1 4 12 13 5 38
1 4 5 30 5 4
1 4 12 13 5 3
1 3 12 12 48
1 3 12 5 30
1 3 14 5 37
1 8 35 3 35 5 3 5 38 73
1 3 1 5 3
1 3 6 5 35
1 4 2 5 3 4
1 3 5 3 3
1 5 5 3 5 3 2
1 8 9 43 75 89 94 5 3 2
1 4 5 3 5 37
1 13 11 47 79 91 91 91 91 91 91 91 91 91 91
1 4 21 5 35 3
1 4 21 5 34 69
1 13 24 63 83 92 92 92 92 92 92 92 92 92 92
1 13 5 35 5 3 3 5 35 5 3 5 3 5 35
1 11 5 3 5 34 35 5 35 5 3 5 35
1 8 9 43 75 34 69 87 94 5
1 5 9 43 75 94 5
1 3 21 59 59
1 4 21 59 59 59
1 3 5 3 5
1 3 21 59 59
1 3 21 5 3
1 3 21 5 3
1 8 13 49 49 49 49 49 49 49
1 3 6 5 4
1 4 5 3 5 3
1 6 2 5 34 69 86 86
1 3 5 34 69
1 4 2 5 3 5
1 4 35 35 5 15
1 5 5 38 73 73 73
1 5 5 2 5 34 70
1 4 5 34 5 3
1 3 6 5 3
1 3 13 5 3
1 3 2 5 3
1 3 13 49 49
1 5 9 43 75 89 94
1 7 9 43 75 89 94 2 5
1 7 9 43 75 89 94 2 5
1 4 2 5 34 69
1 3 5 34 69
1 5 24 63 83 93 97
1 14 5 34 5 34 5 34 69 86 86 86 86 86 86 86
1 10 5 30 3 5 3 31 3 29 29 29
1 9 5 30 3 5 3 3 3 31 68
1 9 7 7 7 3 3 5 3 31 5
1 7 14 50 50 50 50 50 50
1 4 5 34 5 34
1 8 5 3 5 3 5 3 31 3
1 8 7 7 3 3 5 34 69 86
1 6 9 43 75 89 94 98
1 3 5 34 69
1 14 9 43 75 89 94 3 2 5 35 3 2 35 2 28
1 17 5 35 3 5 35 35 35 5 3 35 5 35 5 3 5 34 69
1 14 11 47 79 5 3 6 39 39 39 39 39 39 39 39
1 19 3 6 39 39 39 39 39 39 39 39 39 39 39 39 39 39 39 39 39
1 13 2 28 28 28 28 28 28 28 28 28 28 28 28
1 14 24 63 83 92 92 92 92 92 92 92 92 92 92 92
1 6 24 63 83 92 92 92
1 12 8 40 40 40 40 40 40 40 40 40 40 40
1 11 9 43 75 89 94 2 5 4 33 33 33
1 9 9 43 75 89 94 3 2 5 35
1 10 2 5 35 3 2 5 4 33 33 33
1 8 3 5 35 5 3 3 5 30
1 3 35 5 3
1 4 3 3 2 35
1 5 5 3 35 5 34
1 3 14 5 37
1 3 3 3 5
1 6 8 40 40 40 40 40
1 4 35 3 3 5
1 4 14 50 50 50
1 5 3 5 3 5 3
1 3 35 5 3
1 5 12 13 5 38 73
1 16 13 3 5 30 5 37 37 37 37 37 37 37 37 37 37 37
1 9 13 49 49 49 49 49 49 49 49
1 6 7 7 7 3 5 37
1 12 13 5 34 70 70 70 70 70 70 70 70 70
1 4 7 7 7 7
1 10 2 5 34 69 3 5 36 69 3 3
1 3 7 7 7
1 3 5 2 3
1 4 5 34 69 87
1 5 3 5 36 69 3
1 3 13 49 49
1 4 5 3 5 3
1 15 3 5 3 3 3 3 5 3 3 31 5 3 31 3 3
1 6 13 3 5 34 70 70
1 16 5 3 30 3 3 5 37 37 37 37 37 37 37 37 37 37
1 11 31 3 5 3 5 3 3 31 68 68 68
1 8 13 5 3 5 3 31 3 3
1 7 31 3 5 3 5 3 3
1 10 3 5 3 5 3 30 3 5 3 31
1 4 5 3 31 3
1 4 13 49 49 49
1 9 3 30 3 5 34 69 86 86 86
1 11 5 3 30 3 5 3 3 31 68 68 68
1 9 3 3 5 3 5 3 3 31 3
1 10 3 5 37 37 37 37 37 37 37 37
1 3 5 35 5
1 3 94 98 98
1 3 9 42 42
1 3 16 53 80
1 3 16 53 80
1 3 16 53 80
1 9 3 3 3 3 3 5 36 69 3
1 6 9 43 57 75 87 94
1 13 5 3 3 30 3 3 5 36 69 3 3 3 3
1 11 20 58 58 58 58 58 58 58 58 58 58
1 4 9 42 42 42
1 13 8 40 40 40 40 40 40 40 40 40 40 40 40
1 4 9 75 87 94
1 8 3 3 3 5 3 31 3 3
1 4 9 75 87 94
1 5 5 36 69 3 35
1 8 9 43 75 89 94 3 5 2
1 11 11 47 79 91 91 91 91 91 91 91 91
1 3 9 42 42
1 14 3 3 3 3 30 3 3 5 36 69 3 3 5 34
1 7 3 3 3 30 5 36 72
1 6 9 43 57 75 87 94
1 9 3 3 3 5 36 69 86 86 86
1 11 1 27 27 27 27 27 27 27 27 27 27
1 12 3 5 30 3 3 3 3 30 5 3 31 3
1 3 12 13 49
1 3 16 53 80
1 11 4 32 69 3 3 3 3 5 3 31 3
1 10 3 3 3 5 3 31 68 68 68 68
1 8 4 32 69 3 5 36 69 3
1 13 17 54 54 54 54 54 54 54 54 54 54 54 54
1 13 17 54 54 54 54 54 54 54 54 54 54 54 54
1 7 4 32 69 3 3 5 36
1 16 11 47 79 5 4 33 33 33 33 33 33 33 33 33 33 33
1 7 3 5 36 69 86 86 86
1 10 3 3 3 3 30 3 5 36 69 3
1 8 3 3 3 3 3 3 5 36
1 10 3 3 3 3 3 5 36 69 3 3
1 4 3 31 3 5
1 5 9 42 42 42 42
1 3 31 5 34
1 4 31 68 68 68
1 7 11 47 79 5 3 6 39
1 3 3 31 3
1 3 31 5 3
1 3 1 5 3
1 7 24 63 83 93 97 97 97
1 11 4 32 69 3 5 36 69 3 3 3 3
1 9 4 32 69 3 3 3 3 31 68
1 14 3 5 3 3 30 3 3 5 3 3 31 3 3 3
1 3 7 7 7
1 8 10 45 77 77 77 77 77 77
1 3 9 42 42
1 13 7 3 5 3 30 3 3 5 3 3 31 68 68
1 9 3 31 3 30 5 34 5 34 69
1 3 5 6 39
1 3 1 27 27
1 3 31 3 3
1 5 16 12 13 49 49
1 5 3 3 31 3 5
1 7 9 43 75 87 94 3 4
1 5 3 31 3 30 3
1 3 12 13 5
1 7 9 43 75 34 70 70 70
1 4 9 75 87 94
1 5 31 3 5 3 3
1 5 3 31 3 5 15
1 5 9 75 87 94 98
1 4 9 75 87 94
1 6 9 43 75 87 94 98
1 3 20 5 3
1 4 3 31 3 5
1 3 20 58 58
1 4 35 71 71 71
1 7 9 43 75 94 5 3 2
1 4 94 98 98 98
1 4 9 42 42 42
1 6 9 43 75 88 88 88
1 6 31 3 3 35 5 15
1 8 3 31 3 3 30 5 3 4
1 6 9 43 57 75 87 94
1 6 9 42 42 42 42 42
1 4 31 3 3 3
1 3 31 3 5
1 4 31 3 30 3
1 3 31 68 68
1 4 5 35 5 35
1 7 7 7 7 7 7 7 7
1 5 7 7 3 3 5
1 5 16 16 16 12 48
1 4 16 12 5 3
1 4 16 16 16 52
1 5 16 16 52 52 52
1 4 94 3 5 3
1 3 1 5 3
1 3 5 34 35
1 4 3 5 34 70
1 3 35 71 71
1 5 16 12 13 5 3
1 3 94 98 98
1 7 16 16 16 12 13 5 3
1 5 12 13 5 30 67
1 5 12 5 3 29 29
1 5 31 3 3 30 3
1 4 11 46 46 46
1 3 7 7 7
1 5 5 3 5 3 29
1 4 12 5 3 29
1 5 16 12 13 5 3
1 3 12 13 49
1 4 3 35 35 35
