783 88
1 3 1 2 3
1 4 7 7 2 3
1 5 3 3 2 3 3
1 9 3 2 4 31 31 31 31 31 31
1 6 1 5 1 2 2 5
1 7 6 34 34 34 34 34 34
1 4 7 7 2 5
1 3 5 2 5
1 3 5 2 26
1 6 7 5 2 5 2 5
1 7 2 2 5 5 2 2 5
1 5 2 26 26 5 1
1 4 83 2 32 62
1 3 2 5 33
1 4 7 7 7 7
1 9 7 7 2 5 8 5 5 2 26
1 9 5 2 8 2 5 2 5 2 3
1 4 7 2 5 1
1 7 7 7 5 2 5 33 33
1 6 7 7 7 7 2 5
1 4 83 1 2 5
1 4 2 5 2 5
1 4 7 2 5 1
1 3 9 10 2
1 3 9 2 5
1 3 9 10 2
1 5 7 5 2 32 62
1 4 2 5 2 3
1 3 6 34 34
1 5 1 2 3 2 2
1 10 4 31 31 31 31 31 31 31 31 31
1 3 6 2 29
1 3 2 32 2
1 7 11 2 2 5 3 2 27
1 3 11 2 5
1 5 1 2 2 27 59
1 6 1 2 3 3 3 1
1 3 2 2 3
1 3 4 2 5
1 4 4 2 32 62
1 5 2 1 5 2 3
1 3 9 36 36
1 3 2 5 33
1 4 11 2 5 3
1 4 12 39 39 39
1 4 1 25 25 25
1 5 2 1 2 2 2
1 4 1 25 25 25
1 4 1 2 5 2
1 3 2 2 5
1 6 12 9 10 2 5 27
1 3 12 10 37
1 4 7 7 7 7
1 3 1 2 32
1 3 11 3 30
1 5 1 3 2 5 5
1 3 5 2 26
1 4 10 37 37 37
1 3 2 5 33
1 4 1 2 5 3
1 4 10 2 5 32
1 4 12 9 2 5
1 4 10 5 2 5
1 4 9 10 2 5
1 3 11 2 5
1 4 7 5 2 29
1 5 5 1 2 3 3
1 3 3 2 5
1 3 2 2 5
1 3 1 5 2
1 4 5 2 2 5
1 4 1 2 5 3
1 3 7 7 2
1 3 1 2 5
1 3 10 37 37
1 3 1 2 5
1 3 1 2 5
1 4 2 2 2 5
1 3 2 5 3
1 5 7 7 7 2 3
1 3 2 4 2
1 5 83 88 88 88 88
1 3 1 2 32
1 3 2 2 3
1 3 5 3 3
1 3 2 5 33
1 4 12 40 63 63
1 3 3 30 30
1 3 40 63 63
1 3 7 7 7
1 3 5 2 5
1 4 3 5 2 26
1 5 3 5 2 3 30
1 3 5 2 26
1 3 5 33 33
1 6 9 36 36 36 36 36
1 3 3 3 30
1 3 5 3 3
1 3 9 2 29
1 3 3 5 2
1 4 83 2 5 29
1 5 2 2 3 2 3
1 6 1 5 2 3 2 5
1 8 2 5 2 5 2 5 2 5
1 7 2 1 5 2 2 5 1
1 5 1 5 2 5 1
1 4 10 5 2 5
1 3 13 41 41
1 3 4 31 31
1 3 11 2 5
1 4 13 41 41 41
1 3 6 2 32
1 6 1 25 25 25 25 25
1 5 1 5 5 2 29
1 5 10 5 5 2 5
1 4 1 5 29 61
1 4 1 2 2 5
1 4 1 3 2 5
1 5 1 5 2 29 5
1 4 7 2 2 3
1 6 14 42 65 75 75 75
1 6 7 2 5 33 33 33
1 8 10 37 37 37 37 37 37 37
1 8 15 45 67 79 83 2 2 5
1 3 2 5 1
1 11 2 3 5 4 31 31 31 31 31 31 31
1 3 10 2 5
1 7 15 45 67 78 78 78 78
1 5 2 5 4 31 31
1 7 79 1 2 5 1 2 1
1 3 3 2 2
1 5 6 2 26 26 5
1 4 11 3 2 5
1 4 4 31 31 31
1 5 11 3 1 2 3
1 3 2 1 2
1 5 79 1 5 33 33
1 7 79 86 86 86 86 86 86
1 3 9 10 37
1 5 12 12 10 5 2
1 7 79 86 86 86 86 86 86
1 3 12 12 10
1 3 6 34 34
1 6 3 1 2 1 2 3
1 6 12 12 12 10 5 27
1 5 5 33 33 33 33
1 10 11 3 30 30 30 30 30 30 30 30
1 9 16 46 68 68 68 68 68 68 68
1 3 10 2 5
1 4 79 86 86 86
1 7 79 1 2 3 1 2 3
1 3 6 34 34
1 4 79 1 2 5
1 3 13 41 41
1 3 79 1 25
1 3 5 2 3
1 6 2 3 3 3 2 5
1 3 6 2 4
1 4 2 4 2 5
1 3 7 2 5
1 5 15 45 67 79 83
1 4 83 2 5 5
1 6 13 41 41 41 41 41
1 7 15 45 67 77 84 76 83
1 4 2 3 2 5
1 7 10 2 5 2 5 1 25
1 8 15 45 67 79 83 88 88 88
1 4 9 2 5 27
1 4 12 12 10 37
1 4 7 7 7 7
1 4 2 3 30 30
1 3 2 2 2
1 7 16 47 47 47 47 47 47
1 6 7 7 7 5 1 25
1 5 17 18 17 49 19
1 3 49 70 19
1 3 17 48 48
1 4 18 50 50 50
1 3 16 47 47
1 3 17 18 50
1 4 15 44 44 44
1 4 18 2 2 3
1 5 16 46 68 68 68
1 6 17 49 70 19 51 51
1 3 16 46 83
1 5 16 46 68 68 68
1 3 17 49 19
1 4 15 44 44 44
1 4 20 17 48 48
1 3 49 70 19
1 6 18 17 49 19 2 5
1 3 49 70 19
1 11 21 14 43 43 43 43 43 43 43 43 43
1 9 21 14 43 43 43 43 43 43 43
1 8 14 43 43 43 43 43 43 43
1 9 12 40 18 2 27 59 59 59 59
1 6 12 9 36 36 36 36
1 4 10 49 70 80
1 3 22 54 54
1 4 10 37 37 37
1 3 12 9 36
1 8 12 40 18 50 50 50 50 50
1 4 10 37 37 37
1 6 12 39 39 39 39 39
1 6 22 54 54 54 54 54
1 7 12 40 18 50 50 50 50
1 5 12 40 63 63 63
1 5 7 7 7 7 7
1 6 11 2 5 2 29 61
1 5 20 17 49 70 19
1 8 20 17 49 70 19 5 2 27
1 4 18 18 50 50
1 3 20 52 52
1 7 9 36 36 36 36 36 36
1 4 22 55 71 71
1 3 9 10 2
1 7 22 55 9 10 49 70 19
1 8 14 42 65 75 75 75 75 75
1 6 9 36 36 36 36 36
1 4 21 53 53 53
1 4 7 2 28 60
1 9 16 46 68 68 68 68 68 68 68
1 7 15 45 70 67 77 76 83
1 3 17 2 28
1 9 16 46 68 68 68 68 68 68 68
1 5 40 18 2 3 2
1 4 22 55 71 71
1 4 40 63 63 63
1 7 22 55 9 10 49 70 19
1 3 40 63 63
1 8 22 55 9 10 49 69 69 69
1 4 40 18 2 28
1 6 22 54 54 54 54 54
1 4 9 36 36 36
1 3 40 63 63
1 3 40 63 63
1 6 22 55 9 36 36 36
1 11 22 55 9 36 36 36 36 36 36 36 36
1 7 22 55 9 10 49 70 19
1 7 14 42 65 74 82 87 87
1 3 9 36 36
1 7 21 53 53 53 53 53 53
1 4 20 17 2 32
1 3 49 70 19
1 6 16 47 47 47 47 47
1 4 18 17 19 5
1 3 49 70 19
1 3 16 46 83
1 4 20 17 2 5
1 5 16 46 68 68 68
1 7 20 17 49 70 19 2 32
1 9 16 46 17 18 6 34 34 34 34
1 6 18 6 34 34 34 34
1 4 15 44 44 44
1 3 17 48 48
1 3 49 70 19
1 6 23 56 56 56 56 56
1 4 17 49 70 19
1 3 7 7 7
1 3 7 7 7
1 11 17 49 70 19 51 51 51 51 51 51 51
1 7 20 17 49 69 69 69 69
1 7 16 46 17 49 70 19 51
1 3 11 2 5
1 4 49 70 19 2
1 4 16 46 68 68
1 3 17 49 19
1 5 20 52 52 52 52
1 3 7 7 7
1 7 7 7 7 7 7 7 2
1 3 49 70 19
1 3 7 7 7
1 3 11 2 5
1 4 7 7 7 7
1 5 17 49 70 19 51
1 3 7 7 7
1 6 18 18 17 49 19 2
1 4 20 52 52 52
1 4 17 49 70 19
1 7 20 17 49 70 80 80 80
1 4 18 2 3 2
1 4 18 50 50 50
1 5 7 7 7 2 3
1 4 7 7 2 3
1 7 17 49 69 69 69 69 69
1 4 21 14 43 43
1 7 17 49 70 19 2 3 30
1 3 16 46 83
1 5 16 46 68 68 68
1 4 16 46 17 18
1 4 16 46 68 68
1 7 7 7 7 7 7 7 7
1 4 17 2 2 5
1 4 49 70 80 80
1 4 17 49 70 80
1 6 18 17 2 5 2 5
1 3 17 2 5
1 5 17 48 48 48 48
1 3 49 70 19
1 5 17 49 70 67 77
1 3 16 46 83
1 6 18 17 49 19 51 51
1 9 16 46 17 49 70 19 2 3 2
1 8 16 46 68 68 68 68 68 68
1 9 16 46 68 68 68 68 68 68 68
1 3 17 48 48
1 7 7 7 7 7 7 2 3
1 7 7 7 7 7 7 7 7
1 6 7 7 7 7 7 2
1 3 18 18 18
1 3 6 34 34
1 3 18 18 18
1 3 18 18 6
1 3 18 18 18
1 3 18 18 18
1 3 18 18 18
1 3 18 18 18
1 4 18 18 6 34
1 3 18 18 18
1 3 18 18 18
1 5 20 17 19 2 5
1 3 17 2 5
1 4 17 19 2 26
1 4 20 17 48 48
1 3 18 18 18
1 3 17 19 51
1 7 16 46 17 18 50 50 50
1 5 15 44 44 44 44
1 8 24 58 73 73 73 73 73 73
1 3 17 2 3
1 4 24 58 73 73
1 6 24 58 73 73 73 73
1 6 20 17 48 48 48 48
1 3 24 58 73
1 4 24 58 73 73
1 7 21 14 43 43 43 43 43
1 7 21 14 43 43 43 43 43
1 3 17 48 48
1 6 16 46 17 2 5 27
1 3 18 18 6
1 3 17 19 2
1 7 20 17 19 2 3 30 30
1 6 17 19 2 3 30 30
1 4 16 46 68 68
1 4 17 19 2 3
1 3 16 46 83
1 3 18 6 34
1 3 18 18 50
1 4 2 5 2 5
1 3 9 2 5
1 4 12 9 2 32
1 7 5 1 2 5 2 2 3
1 3 5 2 26
1 6 5 4 31 31 31 31
1 5 10 2 5 2 2
1 5 5 2 5 2 32
1 4 5 1 3 2
1 7 5 33 33 33 33 33 33
1 9 23 57 72 2 26 5 4 2 29
1 5 2 2 5 2 5
1 3 1 2 3
1 12 15 45 67 79 83 2 29 61 61 61 61 61
1 11 15 45 67 79 83 1 2 29 61 61 61
1 5 1 2 5 2 2
1 3 1 2 32
1 5 1 25 25 25 25
1 3 1 2 29
1 3 2 2 5
1 3 1 2 3
1 3 3 30 30
1 4 1 5 2 5
1 4 1 2 29 61
1 3 79 86 86
1 4 4 2 5 3
1 4 7 7 7 7
1 3 7 7 7
1 4 2 5 2 3
1 3 12 12 12
1 4 2 5 2 3
1 4 7 7 7 7
1 10 10 10 2 8 3 3 2 3 2 5
1 5 2 2 1 2 5
1 7 2 5 3 2 5 1 2
1 3 2 2 26
1 7 5 2 3 30 30 30 30
1 5 5 2 2 2 3
1 3 5 2 5
1 3 2 5 3
1 3 2 5 33
1 3 5 2 29
1 3 5 2 29
1 4 6 2 5 3
1 3 11 38 38
1 3 9 10 37
1 5 12 9 10 2 5
1 4 19 51 51 51
1 3 5 2 5
1 3 9 10 37
1 3 6 34 34
1 3 9 9 10
1 3 11 3 1
1 4 5 2 2 5
1 9 7 7 7 7 7 7 2 2 1
1 4 3 1 2 1
1 4 3 1 3 1
1 3 6 2 5
1 5 7 7 2 5 1
1 3 19 51 51
1 3 19 51 51
1 5 19 51 51 51 51
1 4 9 10 2 5
1 4 9 10 2 5
1 5 9 2 5 2 5
1 4 9 9 2 5
1 3 9 2 5
1 3 2 2 5
1 4 5 5 2 5
1 3 3 2 5
1 3 2 5 33
1 6 6 2 2 2 5 2
1 3 5 2 28
1 4 3 5 5 2
1 3 3 2 5
1 6 2 3 2 3 5 5
1 5 3 2 5 2 3
1 5 5 2 5 2 5
1 3 2 5 2
1 7 2 5 1 2 2 5 1
1 3 14 43 43
1 5 15 45 67 76 83
1 3 9 36 36
1 6 55 71 71 71 71 71
1 9 23 57 72 2 27 59 59 59 59
1 6 23 57 72 2 4 31
1 6 7 7 7 7 7 7
1 5 15 45 67 76 83
1 6 55 71 71 71 71 71
1 5 14 42 65 74 82
1 7 15 45 66 66 66 66 66
1 4 10 2 5 1
1 3 9 36 36
1 5 6 34 34 34 34
1 6 55 71 71 71 71 71
1 4 18 50 50 50
1 3 55 71 71
1 3 14 43 43
1 4 3 2 2 5
1 7 15 45 67 77 85 85 85
1 7 15 45 67 77 84 76 83
1 7 15 45 67 78 78 78 78
1 6 15 67 77 85 85 85
1 9 15 45 67 76 83 2 5 2 5
1 7 14 42 65 75 75 75 75
1 8 14 42 65 75 75 75 75 75
1 7 14 42 65 74 82 87 87
1 7 14 42 65 74 82 87 87
1 7 15 45 67 77 85 85 85
1 7 15 45 66 66 66 66 66
1 6 15 45 67 77 76 83
1 6 15 67 77 76 83 2
1 4 15 67 76 83
1 4 15 44 44 44
1 5 14 42 64 64 64
1 4 15 67 76 83
1 6 7 2 1 25 25 25
1 5 15 44 44 44 44
1 4 15 67 76 83
1 6 15 67 77 76 83 5
1 8 15 67 77 84 76 83 2 5
1 3 3 2 5
1 5 15 67 77 76 83
1 7 15 44 44 44 44 44 44
1 7 7 7 7 7 2 5 2
1 8 7 7 7 7 7 2 5 33
1 4 18 50 50 50
1 5 15 44 44 44 44
1 6 15 45 67 77 76 83
1 7 15 45 67 76 83 88 88
1 4 2 2 2 2
1 7 5 2 5 1 3 2 29
1 3 11 2 5
1 6 5 2 2 5 1 25
1 4 2 5 2 5
1 4 9 36 36 36
1 6 6 34 34 34 34 34
1 10 2 5 2 3 2 5 2 5 2 2
1 4 9 9 36 36
1 4 10 2 5 2
1 6 9 9 2 5 2 5
1 5 6 34 34 34 34
1 7 2 5 1 2 5 2 5
1 4 9 2 29 5
1 7 9 36 36 36 36 36 36
1 11 1 2 5 2 5 1 2 5 5 2 28
1 8 5 2 5 4 31 31 31 31
1 4 11 38 38 38
1 7 11 2 2 5 2 5 2
1 6 5 33 33 33 33 33
1 4 2 2 5 2
1 5 6 2 3 2 32
1 5 2 3 5 1 2
1 8 1 2 5 2 5 1 2 5
1 7 1 2 5 1 2 5 2
1 3 5 2 5
1 3 11 2 5
1 4 7 2 5 1
1 9 15 45 67 78 78 78 78 78 78
1 8 15 45 70 67 77 84 76 83
1 7 15 45 67 77 84 76 83
1 4 83 88 88 88
1 8 15 45 67 78 78 78 78 78
1 4 2 2 5 1
1 10 7 7 7 7 5 4 31 31 31 31
1 5 7 7 7 2 32
1 13 10 37 37 37 37 37 37 37 37 37 37 37 37
1 4 2 5 2 5
1 7 14 42 65 74 82 87 87
1 7 15 45 67 76 83 2 5
1 3 6 2 5
1 3 3 2 5
1 6 5 2 1 5 2 5
1 4 15 45 67 79
1 6 2 5 4 2 5 4
1 6 2 2 2 5 5 2
1 4 3 1 2 5
1 3 5 2 5
1 6 2 5 2 5 2 4
1 5 2 5 2 5 1
1 9 7 5 8 2 2 3 2 3 30
1 4 10 10 2 5
1 6 5 2 2 8 2 3
1 3 2 2 5
1 3 5 2 3
1 4 19 2 26 26
1 3 7 2 3
1 4 2 5 5 2
1 3 2 5 33
1 3 9 2 3
1 3 6 34 34
1 5 2 5 2 2 3
1 3 3 5 2
1 5 7 7 5 2 28
1 3 7 2 5
1 3 6 2 5
1 3 6 2 26
1 11 16 46 68 68 68 68 68 68 68 68 68
1 3 10 10 37
1 3 19 2 5
1 6 55 71 71 71 71 71
1 5 14 42 65 74 82
1 4 7 7 7 7
1 3 2 3 30
1 5 2 2 32 2 5
1 3 9 9 36
1 4 9 10 2 29
1 4 9 10 2 3
1 4 2 32 2 27
1 4 3 2 5 3
1 4 9 10 2 5
1 4 2 5 1 3
1 5 9 10 2 32 62
1 3 9 2 32
1 3 9 10 2
1 3 11 2 26
1 8 3 5 3 2 5 2 29 5
1 3 2 5 2
1 4 1 2 5 5
1 3 4 2 3
1 5 2 5 2 5 1
1 8 15 45 67 79 83 2 5 1
1 4 2 5 2 26
1 13 23 57 72 81 81 81 81 81 81 81 81 81 81
1 4 19 2 3 5
1 14 15 45 67 79 83 5 2 5 1 2 5 1 2 3
1 4 19 2 2 5
1 13 14 42 65 75 75 75 75 75 75 75 75 75 75
1 11 2 5 27 59 59 59 59 59 59 59 59
1 8 15 45 67 77 84 76 83 2
1 5 15 45 67 78 78
1 5 3 3 30 30 30
1 9 7 7 7 2 5 2 3 2 5
1 3 19 2 5
1 3 19 5 33
1 4 19 5 2 27
1 3 19 5 29
1 3 19 2 5
1 3 19 2 5
1 8 10 37 37 37 37 37 37 37
1 3 9 2 5
1 3 4 2 27
1 3 13 41 41
1 3 1 2 29
1 4 2 5 2 5
1 3 2 2 5
1 4 1 2 5 2
1 3 10 2 26
1 4 3 1 2 2
1 4 3 3 2 28
1 5 2 29 5 2 5
1 5 2 1 2 2 29
1 4 2 2 2 5
1 7 7 7 7 2 2 5 2
1 3 15 67 78
1 3 4 2 5
1 3 13 41 41
1 3 10 37 37
1 5 9 10 2 3 1
1 7 15 45 67 79 83 1 2
1 4 1 2 2 5
1 3 2 2 5
1 5 14 42 65 75 75
1 3 7 2 5
1 14 2 2 2 2 2 2 5 32 2 5 8 5 2 5
1 10 2 32 5 2 5 8 5 33 33 33
1 9 2 32 5 2 5 5 5 8 3
1 9 7 2 2 5 5 2 5 8 2
1 4 2 2 2 2
1 5 2 27 59 59 59
1 8 7 2 5 5 2 2 5 8
1 6 15 45 67 79 83 88
1 3 2 2 5
1 14 15 45 67 79 83 5 1 2 3 5 1 3 1 25
1 12 1 25 25 25 25 25 25 25 25 25 25 25
1 17 2 3 5 2 3 3 3 2 5 3 2 3 2 5 2 2 5
1 14 23 57 72 2 5 4 31 31 31 31 31 31 31 31
1 19 5 4 31 31 31 31 31 31 31 31 31 31 31 31 31 31 31 31 31
1 14 15 45 67 79 83 1 2 3 1 2 5 1 2 5
1 13 1 25 25 25 25 25 25 25 25 25 25 25 25
1 14 14 42 65 75 75 75 75 75 75 75 75 75 75 75
1 6 14 42 65 75 75 75
1 11 15 45 67 79 83 1 2 27 59 59 59
1 9 15 45 67 79 83 5 1 2 3
1 10 1 2 3 5 1 2 27 59 59 59
1 11 2 2 3 5 2 5 2 5 2 2 5
1 3 3 2 5
1 4 5 5 1 3
1 5 4 31 31 31 31
1 5 2 5 3 2 2
1 3 11 2 26
1 3 5 2 28
1 3 5 5 2
1 6 7 2 26 26 5 2
1 4 3 5 5 2
1 5 9 10 2 29 61
1 16 10 5 2 32 2 26 26 5 8 35 35 35 35 35 35 35
1 9 10 10 5 5 5 5 5 2 3
1 6 7 2 2 5 2 26
1 16 10 5 2 5 2 5 2 8 5 5 5 2 8 5 2 5
1 4 7 7 7 2
1 15 2 5 33 33 33 33 33 33 33 33 33 33 33 33 33
1 10 1 2 2 5 5 2 8 5 5 5
1 8 10 2 5 32 2 5 2 5
1 3 7 7 2
1 9 10 2 5 2 5 5 2 8 29
1 3 2 1 5
1 11 10 2 5 32 5 5 8 2 8 3 5
1 10 2 5 2 2 8 5 5 2 5 8
1 5 5 2 8 5 5
1 3 10 37 37
1 10 10 37 37 37 37 37 37 37 37 37
1 4 2 5 2 5
1 5 10 10 10 37 37
1 6 2 5 5 8 5 5
1 15 5 2 5 5 5 5 2 5 5 8 2 5 8 5 5
1 6 10 5 2 2 8 5
1 4 5 2 5 5
1 16 2 5 32 5 5 2 26 5 5 8 5 5 5 8 29 5
1 11 8 5 2 5 2 5 5 8 3 5 3
1 8 10 2 5 2 5 8 5 5
1 7 8 5 2 5 2 5 5
1 10 10 5 5 2 5 8 3 30 30 30
1 10 5 2 5 2 5 32 5 2 5 8
1 8 5 32 2 8 29 5 5 5
1 4 10 10 10 10
1 9 5 32 5 2 2 5 8 5 27
1 11 2 5 32 5 2 5 5 8 29 5 5
1 3 5 2 5
1 10 5 2 26 5 32 5 5 2 8 5
1 3 2 3 2
1 3 83 88 88
1 3 12 40 63
1 3 12 40 63
1 3 12 40 63
1 3 12 40 63
1 4 15 44 44 44
1 6 15 45 70 67 76 83
1 9 5 5 5 5 2 5 2 8 5
1 5 15 45 67 76 83
1 6 15 44 44 44 44 44
1 11 18 50 50 50 50 50 50 50 50 50 50
1 13 7 7 5 5 5 5 32 2 2 5 8 5 5
1 4 15 67 76 83
1 8 5 5 5 2 5 8 5 5
1 4 15 67 76 83
1 8 15 45 67 79 83 5 2 1
1 11 23 57 72 81 81 81 81 81 81 81 81
1 3 15 44 44
1 6 15 45 70 67 76 83
1 7 5 5 5 32 2 8 29
1 6 15 45 70 67 76 83
1 9 5 5 5 2 8 5 29 5 2
1 5 15 67 78 78 78
1 11 6 34 34 34 34 34 34 34 34 34 34
1 7 15 45 70 67 79 1 25
1 3 9 10 37
1 3 12 40 63
1 10 5 5 5 2 5 8 29 5 2 5
1 12 5 5 5 5 2 8 5 29 61 61 61 61
1 8 7 5 5 5 2 8 5 5
1 13 13 41 41 41 41 41 41 41 41 41 41 41 41
1 13 13 41 41 41 41 41 41 41 41 41 41 41 41
1 7 7 5 5 5 5 2 8
1 16 23 57 72 2 27 59 59 59 59 59 59 59 59 59 59 59
1 7 5 2 8 5 29 5 3
1 10 5 5 5 5 32 5 2 8 5 5
1 5 5 5 2 8 5
1 8 5 5 5 5 5 5 2 8
1 3 15 44 44
1 6 15 45 67 78 78 78
1 4 5 8 5 2
1 3 8 2 2
1 4 8 35 35 35
1 3 5 8 5
1 3 8 2 5
1 3 6 2 5
1 7 14 42 65 75 75 75 75
1 11 7 5 5 5 2 8 5 5 5 5 5
1 4 10 37 37 37
1 14 5 2 5 5 32 5 5 2 5 5 8 5 5 5
1 3 7 7 7
1 8 16 46 68 68 68 68 68 68
1 3 15 44 44
1 13 7 5 2 5 32 5 5 2 5 5 8 3 5
1 3 2 4 31
1 3 6 34 34
1 6 7 7 7 7 7 7
1 3 8 5 5
1 5 12 9 10 37 37
1 5 5 5 8 5 2
1 7 15 45 67 76 83 5 27
1 5 5 8 5 32 5
1 5 5 8 35 35 35
1 7 15 45 67 77 85 85 85
1 9 5 5 8 5 5 2 2 5 2
1 5 8 5 2 5 5
1 5 15 67 76 83 88
1 5 83 5 8 2 3
1 4 15 67 76 83
1 10 7 5 8 35 35 35 35 35 35 35
1 6 15 45 67 76 83 88
1 3 18 50 50
1 4 3 30 30 30
1 6 15 45 67 78 78 78
1 8 5 5 32 5 5 3 2 5
1 6 8 5 5 3 2 28
1 8 5 8 5 5 32 2 5 27
1 6 15 45 70 67 76 83
1 4 8 5 5 2
1 4 8 5 5 5
1 4 8 5 32 5
1 3 8 35 35
1 5 12 12 12 9 36
1 4 12 12 12 39
1 6 9 36 36 36 36 36
1 5 12 12 39 39 39
1 4 9 10 10 37
1 4 83 5 2 5
1 3 6 2 5
1 3 5 33 33
1 4 3 2 5 2
1 3 2 2 3
1 4 5 2 2 27
1 5 2 2 5 2 5
1 3 3 30 30
1 3 83 88 88
1 7 12 12 12 9 10 2 5
1 5 9 2 5 33 33
1 5 8 5 5 32 5
1 4 23 56 56 56
1 5 9 10 2 5 1
1 5 12 9 10 2 5
1 3 9 10 37
1 4 5 3 3 3
