782 87
1 6 1 23 23 23 23 23
1 4 22 22 22 22
1 6 2 3 2 4 4 3
1 4 22 22 22 22
1 3 3 4 3
1 3 4 4 3
1 3 3 4 28
1 6 2 4 30 2 3 4
1 6 77 83 83 83 83 83
1 7 4 4 3 3 4 4 3
1 5 4 82 4 3 2
1 5 5 62 4 30 2
1 4 82 4 25 56
1 9 22 22 22 22 22 22 22 22 22
1 9 3 4 26 4 3 4 3 4 30
1 7 22 22 22 22 22 22 22
1 6 22 22 22 22 22 22
1 4 82 2 4 3
1 5 6 36 36 36 36
1 4 4 3 4 3
1 4 22 22 22 22
1 6 7 38 66 4 28 28
1 3 8 9 4
1 3 8 4 3
1 3 8 9 4
1 4 22 22 22 22
1 5 22 22 22 22 22
1 4 4 3 4 30
1 3 10 4 3
1 3 1 23 23
1 5 2 4 30 4 4
1 10 11 42 42 42 42 42 42 42 42 42
1 3 1 4 32
1 7 10 4 4 3 30 4 29
1 5 2 4 4 29 58
1 5 2 4 30 4 30
1 6 2 4 30 30 30 2
1 5 2 3 4 4 2
1 3 4 4 30
1 6 2 30 4 4 25 56
1 3 10 4 3
1 3 11 4 3
1 4 11 4 25 56
1 5 4 2 3 4 30
1 3 4 3 27
1 3 3 4 28
1 4 2 4 4 31
1 4 2 24 24 24
1 5 4 2 4 4 4
1 4 2 24 24 24
1 3 4 4 3
1 6 12 8 9 4 3 29
1 3 12 43 43
1 4 22 22 22 22
1 5 2 30 4 3 3
1 3 3 4 28
1 4 9 40 40 40
1 3 8 4 3
1 3 4 3 27
1 4 2 4 3 30
1 4 9 4 3 25
1 3 10 4 3
1 7 2 4 3 3 3 4 32
1 5 3 2 4 30 30
1 3 4 4 3
1 3 2 3 4
1 4 3 4 4 3
1 4 2 4 3 30
1 3 22 22 22
1 3 2 4 3
1 3 9 40 40
1 3 2 4 3
1 3 2 4 3
1 4 4 4 4 3
1 3 4 30 30
1 3 1 23 23
1 5 22 22 22 22 22
1 3 4 11 4
1 5 82 86 86 86 86
1 3 30 4 3
1 3 2 4 25
1 3 4 3 27
1 4 12 44 67 67
1 3 31 60 60
1 3 31 60 60
1 3 31 60 60
1 3 30 59 59
1 3 44 67 67
1 5 30 30 2 4 3
1 4 30 3 4 82
1 5 30 3 4 30 59
1 3 3 4 82
1 5 31 60 60 60 60
1 3 3 30 30
1 3 8 4 32
1 3 30 3 4
1 4 82 4 3 32
1 5 4 4 30 4 30
1 6 2 3 4 30 4 3
1 8 4 3 4 3 4 3 4 3
1 3 10 4 4
1 7 4 2 3 4 4 3 2
1 3 13 45 45
1 3 11 42 42
1 3 10 4 3
1 4 13 45 45 45
1 3 1 4 25
1 6 2 24 24 24 24 24
1 4 2 4 32 61
1 5 9 3 3 4 3
1 4 2 3 32 61
1 4 2 4 4 3
1 4 2 30 4 3
1 5 2 3 4 32 3
1 6 14 47 69 79 85 85
1 6 22 22 22 22 22 22
1 8 9 40 40 40 40 40 40 40
1 8 5 34 62 74 82 4 4 3
1 3 4 3 2
1 3 9 4 3
1 5 4 3 11 42 42
1 3 30 4 4
1 3 10 4 4
1 5 1 4 28 28 28
1 4 10 41 41 41
1 5 10 41 41 41 41
1 5 74 2 3 27 27
1 7 74 81 81 81 81 81 81
1 3 8 4 29
1 3 8 9 40
1 4 12 12 43 43
1 7 74 81 81 81 81 81 81
1 3 8 9 3
1 3 12 12 43
1 3 1 23 23
1 3 3 4 3
1 5 3 27 27 27 27
1 3 9 4 3
1 4 74 81 81 81
1 7 74 2 4 30 2 4 30
1 3 1 23 23
1 4 74 2 4 3
1 3 13 4 28
1 3 74 2 24
1 3 3 4 30
1 6 4 30 30 30 4 3
1 4 82 4 3 3
1 5 5 34 62 4 82
1 6 13 4 3 4 3 27
1 6 77 83 83 83 83 83
1 4 4 30 4 3
1 7 9 4 3 4 3 2 82
1 8 5 34 62 74 82 86 86 86
1 4 8 4 3 29
1 4 12 12 43 43
1 4 22 22 22 22
1 4 4 30 59 59
1 3 4 4 4
1 3 10 4 3
1 7 6 36 36 36 36 36 36
1 6 34 70 80 80 80 80
1 5 15 49 49 49 49
1 3 48 70 17
1 4 16 50 50 50
1 3 6 36 36
1 3 15 49 49
1 4 16 50 50 50
1 5 6 35 64 64 64
1 3 16 50 50
1 4 5 33 82 86
1 4 18 15 49 49
1 3 48 70 17
1 5 6 35 65 75 75
1 4 6 35 65 75
1 10 15 48 70 17 4 3 4 3 4 3
1 11 19 53 53 53 53 53 53 53 53 53 53
1 8 14 46 46 46 46 46 46 46
1 4 9 40 40 40
1 3 20 54 54
1 8 12 44 67 67 67 67 67 67
1 4 9 40 40 40
1 6 12 43 43 43 43 43
1 6 20 54 54 54 54 54
1 4 12 12 12 44
1 7 12 44 67 67 67 67 67
1 5 12 44 67 67 67
1 5 22 22 22 22 22
1 3 20 54 54
1 6 10 4 3 4 32 61
1 5 18 15 48 70 17
1 8 18 15 48 70 17 51 51 51
1 4 16 16 50 50
1 3 18 52 52
1 7 8 39 39 39 39 39 39
1 4 20 21 55 55
1 3 8 9 4
1 3 44 67 67
1 7 20 21 55 55 55 55 55
1 6 8 39 39 39 39 39
1 4 19 53 53 53
1 4 22 22 22 22
1 9 6 35 64 64 64 64 64 64 64
1 9 8 9 40 40 40 40 40 40 40
1 5 6 35 64 64 64
1 3 16 50 50
1 3 15 4 31
1 9 6 35 64 64 64 64 64 64 64
1 3 8 39 39
1 4 44 67 67 67
1 8 20 21 55 55 55 55 55 55
1 4 44 67 67 67
1 6 20 54 54 54 54 54
1 4 8 39 39 39
1 3 44 67 67
1 7 20 21 55 55 55 55 55
1 8 14 47 69 79 85 85 85 85
1 3 44 67 67
1 11 20 21 55 55 55 55 55 55 55 55 55
1 3 44 67 67
1 7 14 47 69 77 84 87 87
1 3 8 39 39
1 7 19 53 53 53 53 53 53
1 4 18 15 4 25
1 3 48 70 17
1 6 6 36 36 36 36 36
1 4 16 50 50 50
1 4 18 15 4 30
1 3 6 35 82
1 4 18 15 4 3
1 5 6 35 64 64 64
1 7 18 15 48 70 17 4 25
1 3 6 35 82
1 7 18 52 52 52 52 52 52
1 8 15 48 70 17 4 3 4 3
1 3 22 22 22
1 3 15 49 49
1 3 48 70 17
1 6 7 37 37 37 37 37
1 3 22 22 22
1 11 15 48 70 17 51 51 51 51 51 51 51
1 7 18 15 48 71 71 71 71
1 4 6 35 64 64
1 7 6 35 15 48 70 17 51
1 3 10 4 3
1 4 6 35 65 75
1 3 15 48 71
1 4 6 35 65 75
1 6 15 48 70 17 4 3
1 5 18 52 52 52 52
1 3 22 22 22
1 7 22 15 48 70 17 51 51
1 3 22 22 22
1 3 10 4 3
1 4 22 22 22 22
1 5 15 48 70 17 51
1 6 16 16 50 50 50 50
1 5 18 15 17 4 3
1 4 18 52 52 52
1 4 15 48 70 17
1 7 18 15 48 70 80 80 80
1 5 16 50 50 50 50
1 4 16 50 50 50
1 4 16 50 50 50
1 5 22 22 22 22 22
1 4 22 22 22 22
1 7 15 48 70 17 4 30 59
1 3 6 35 82
1 5 6 35 64 64 64
1 4 6 35 15 49
1 7 22 22 22 22 22 22 22
1 4 6 35 64 64
1 5 22 15 48 70 17
1 7 22 22 22 22 15 49 49
1 4 15 4 4 3
1 4 15 48 70 80
1 9 6 35 64 64 64 64 64 64 64
1 6 16 50 50 50 50 50
1 3 15 4 3
1 3 48 70 17
1 3 6 35 82
1 5 15 48 70 62 4
1 3 6 35 82
1 9 6 35 15 48 70 17 4 30 4
1 8 6 35 64 64 64 64 64 64
1 9 6 35 64 64 64 64 64 64 64
1 3 15 49 49
1 7 22 22 15 48 70 80 80
1 6 22 22 15 48 71 71
1 3 16 16 16
1 4 16 16 16 50
1 3 16 16 16
1 3 1 23 23
1 3 16 16 16
1 3 16 16 16
1 3 16 16 16
1 3 16 16 16
1 3 16 16 16
1 3 16 16 16
1 4 16 16 50 50
1 3 16 16 16
1 5 18 15 17 4 3
1 3 15 4 3
1 4 15 17 4 28
1 4 18 15 49 49
1 5 18 15 17 4 30
1 3 16 16 16
1 7 22 22 15 17 4 3 27
1 3 15 17 51
1 3 15 17 4
1 4 22 22 22 22
1 7 6 35 15 49 49 49 49
1 5 6 35 15 49 49
1 5 5 33 33 33 33
1 3 6 36 36
1 8 22 22 22 15 17 4 30 59
1 3 15 4 30
1 4 22 22 22 22
1 6 22 22 22 22 22 22
1 6 18 15 49 49 49 49
1 3 22 22 22
1 7 19 53 53 53 53 53 53
1 5 19 53 53 53 53
1 6 19 53 53 53 53 53
1 3 15 17 4
1 3 15 49 49
1 3 16 16 50
1 3 15 17 4
1 6 15 17 4 30 59 59
1 4 6 35 65 75
1 4 15 17 4 30
1 3 6 35 82
1 3 16 50 50
1 3 16 16 50
1 3 4 3 29
1 4 4 3 4 3
1 3 8 4 3
1 7 3 2 4 3 4 4 30
1 6 3 11 42 42 42 42
1 5 9 4 3 4 4
1 3 9 4 28
1 4 3 2 30 4
1 7 3 27 27 27 27 27 27
1 3 13 4 3
1 5 4 4 3 4 3
1 3 2 4 30
1 12 5 34 62 74 82 4 32 61 61 61 61 61
1 4 9 40 40 40
1 11 5 34 62 74 82 2 4 32 61 61 61
1 7 14 47 69 79 85 85 85
1 3 9 4 3
1 3 2 4 25
1 5 2 24 24 24 24
1 3 2 4 30
1 4 2 3 4 3
1 4 2 4 32 61
1 4 11 4 3 30
1 4 22 22 22 22
1 3 22 22 22
1 4 4 3 4 30
1 3 12 12 12
1 4 4 3 4 30
1 4 22 22 22 22
1 10 9 9 4 26 57 57 57 57 57 57
1 5 4 4 2 4 3
1 7 4 3 30 4 3 2 4
1 7 3 4 30 59 59 59 59
1 5 3 4 4 4 30
1 3 3 4 3
1 3 4 28 28
1 3 3 4 32
1 3 4 3 30
1 3 4 3 27
1 3 3 4 32
1 4 1 4 3 30
1 3 10 41 41
1 3 8 9 40
1 5 12 8 9 4 3
1 4 17 51 51 51
1 3 3 4 3
1 3 8 9 40
1 3 8 9 40
1 3 8 8 9
1 3 10 41 41
1 9 22 22 22 22 22 22 22 22 22
1 4 30 2 30 2
1 3 1 4 3
1 5 22 22 22 22 22
1 3 17 51 51
1 4 17 51 51 51
1 4 17 51 51 51
1 3 17 51 51
1 4 8 9 4 3
1 4 8 9 4 3
1 4 8 9 4 3
1 5 8 9 4 3 2
1 5 8 4 3 4 3
1 4 8 8 4 3
1 3 8 4 3
1 4 8 8 4 3
1 3 4 4 3
1 3 30 4 3
1 3 4 3 27
1 4 3 4 4 3
1 6 1 4 4 4 3 4
1 3 3 25 4
1 3 3 4 31
1 4 30 3 3 4
1 3 30 4 3
1 6 4 30 4 30 3 3
1 5 30 4 3 4 30
1 5 3 4 3 4 3
1 3 4 3 4
1 7 4 3 2 4 4 3 2
1 3 14 46 46
1 5 5 34 62 72 82
1 3 8 39 39
1 6 21 55 55 55 55 55
1 7 22 22 22 22 22 22 22
1 9 7 38 66 4 29 58 58 58 58
1 5 22 22 22 22 22
1 4 14 46 46 46
1 6 7 38 66 4 11 42
1 6 22 22 22 22 22 22
1 6 21 55 55 55 55 55
1 5 14 47 69 77 84
1 7 5 34 63 63 63 63 63
1 3 8 39 39
1 5 1 23 23 23 23
1 6 21 55 55 55 55 55
1 4 16 50 50 50
1 3 21 55 55
1 3 21 55 55
1 3 14 46 46
1 4 30 4 4 3
1 7 5 34 62 4 30 2 82
1 7 5 34 62 4 3 2 82
1 7 5 34 62 73 73 73 73
1 5 5 62 73 73 73
1 8 5 34 62 74 81 81 81 81
1 9 5 34 62 72 82 4 3 4 3
1 7 14 47 69 78 78 78 78
1 8 14 47 69 78 78 78 78 78
1 7 14 47 69 77 84 87 87
1 7 14 47 69 77 84 87 87
1 7 5 34 62 4 11 42 42
1 7 5 34 63 63 63 63 63
1 6 5 34 62 4 2 82
1 3 4 3 2
1 3 5 33 82
1 4 5 62 72 82
1 4 5 33 33 82
1 5 14 47 68 68 68
1 4 5 62 72 82
1 6 34 63 63 63 63 63
1 5 5 33 33 33 82
1 6 5 34 62 74 82 2
1 6 5 62 4 2 82 3
1 5 5 34 62 72 82
1 6 5 34 62 82 4 2
1 7 5 34 62 4 2 82 4
1 6 5 34 62 74 2 82
1 3 34 63 63
1 3 5 62 74
1 3 30 4 3
1 5 5 62 4 2 82
1 6 5 62 74 2 82 86
1 7 5 33 33 82 4 3 2
1 7 22 22 22 22 22 22 22
1 8 22 22 22 22 22 22 22 22
1 10 22 22 22 22 22 22 22 22 22 22
1 4 16 50 50 50
1 5 5 33 33 33 82
1 6 5 34 62 4 82 2
1 7 5 34 62 72 82 86 86
1 7 3 4 3 2 30 4 32
1 3 10 4 3
1 6 3 4 4 3 2 24
1 3 1 4 29
1 4 4 3 4 3
1 4 8 39 39 39
1 6 1 23 23 23 23 23
1 4 8 8 4 3
1 4 8 8 39 39
1 4 9 4 3 4
1 6 8 8 4 3 4 3
1 5 1 23 23 23 23
1 7 4 3 2 4 3 4 3
1 4 8 4 32 3
1 7 8 39 39 39 39 39 39
1 11 2 4 3 4 3 2 4 3 3 4 31
1 8 3 4 3 11 42 42 42 42
1 5 4 32 61 61 61
1 7 10 4 4 3 4 3 4
1 4 4 25 4 4
1 6 3 2 4 4 30 30
1 6 3 27 27 27 27 27
1 4 4 4 3 4
1 5 1 4 30 4 25
1 5 4 30 3 2 4
1 8 2 4 3 4 3 2 4 3
1 3 10 4 3
1 3 4 3 11
1 9 5 34 62 82 4 3 4 3 2
1 8 5 34 70 62 4 3 2 82
1 7 5 34 62 4 3 2 82
1 4 82 86 86 86
1 8 5 34 62 73 73 73 73 73
1 4 4 4 3 2
1 5 22 22 22 22 22
1 13 9 40 40 40 40 40 40 40 40 40 40 40 40
1 7 14 47 69 77 84 87 87
1 7 5 34 62 72 82 4 3
1 3 1 4 3
1 5 22 22 22 22 22
1 6 3 4 2 3 4 3
1 4 5 34 62 74
1 5 22 22 22 22 22
1 6 4 3 11 4 3 11
1 6 4 4 4 3 3 4
1 4 30 2 4 3
1 3 3 4 3
1 6 4 3 4 3 4 11
1 4 3 4 3 2
1 5 4 3 4 3 2
1 9 22 22 22 22 22 22 22 22 22
1 4 9 9 4 3
1 6 3 4 4 26 4 30
1 6 4 30 3 4 3 30
1 3 4 4 3
1 3 3 4 30
1 4 17 4 28 28
1 4 4 3 3 4
1 3 4 3 27
1 3 8 4 30
1 3 4 3 29
1 3 1 23 23
1 3 1 23 23
1 12 6 35 64 64 64 64 64 64 64 64 64 64
1 5 5 34 62 74 82
1 5 4 3 4 4 30
1 3 30 3 4
1 5 31 60 60 60 60
1 3 4 28 28
1 3 1 4 3
1 11 6 35 64 64 64 64 64 64 64 64 64
1 3 3 4 30
1 3 9 9 40
1 3 17 4 3
1 6 21 55 55 55 55 55
1 5 14 47 69 77 84
1 4 22 22 22 22
1 3 4 30 59
1 5 4 4 25 4 3
1 3 8 8 39
1 4 8 9 4 30
1 4 4 25 4 29
1 4 30 4 3 30
1 4 8 9 4 3
1 4 4 3 2 30
1 5 8 9 4 25 56
1 3 8 8 39
1 3 8 4 25
1 3 8 9 4
1 3 4 3 4
1 4 2 4 3 3
1 3 1 4 3
1 4 2 4 3 29
1 3 4 3 3
1 5 4 3 4 3 2
1 4 4 3 4 28
1 13 7 38 66 76 76 76 76 76 76 76 76 76 76
1 4 17 4 30 3
1 14 5 34 62 74 82 3 4 3 2 4 3 2 4 30
1 4 17 4 4 3
1 13 14 47 69 78 78 78 78 78 78 78 78 78 78
1 13 4 30 4 3 3 4 30 4 3 4 3 4 30
1 11 4 3 29 58 58 58 58 58 58 58 58
1 11 4 3 4 4 30 4 30 4 3 4 30
1 8 5 34 62 4 3 2 82 4
1 5 5 34 62 82 4
1 5 30 30 59 59 59
1 9 22 22 22 22 22 22 22 22 22
1 3 17 4 3
1 3 17 51 51
1 3 4 3 4
1 3 17 4 3
1 3 8 4 3
1 3 11 4 29
1 3 13 4 4
1 3 2 4 32
1 4 4 3 4 3
1 6 2 4 4 3 4 30
1 4 2 4 3 4
1 3 9 4 28
1 4 30 2 4 4
1 4 30 30 4 31
1 5 4 2 4 4 32
1 4 4 4 4 3
1 7 34 63 63 63 63 63 63
1 3 5 62 82
1 3 11 4 3
1 3 13 4 29
1 3 9 4 3
1 3 2 4 3
1 5 5 34 62 74 82
1 5 8 9 4 30 2
1 7 5 34 62 74 82 2 4
1 7 5 34 62 74 82 2 4
1 4 2 4 4 3
1 3 4 4 3
1 5 14 47 69 79 85
1 3 77 83 83
1 14 4 4 4 4 4 4 3 25 4 3 26 3 4 3
1 10 4 25 3 4 3 26 3 27 27 27
1 9 4 25 3 4 3 3 3 26 57
1 7 10 41 41 41 41 41 41
1 4 4 4 4 4
1 5 4 29 58 58 58
1 8 4 3 4 3 4 3 26 3
1 8 22 22 22 22 22 22 22 22
1 6 5 34 62 74 82 86
1 3 4 4 3
1 14 5 34 62 74 82 3 2 4 30 3 2 30 2 24
1 12 2 24 24 24 24 24 24 24 24 24 24 24
1 14 7 38 66 4 3 11 42 42 42 42 42 42 42 42
1 19 3 11 42 42 42 42 42 42 42 42 42 42 42 42 42 42 42 42 42
1 14 5 34 62 74 82 2 4 30 2 4 3 2 4 3
1 12 77 83 83 83 83 83 83 83 83 83 83 83
1 11 5 34 62 74 82 2 4 29 58 58 58
1 10 2 4 30 3 2 4 29 58 58 58
1 11 4 4 30 3 4 3 4 3 4 4 3
1 8 3 4 30 4 3 3 4 25
1 4 3 3 2 30
1 5 11 42 42 42 42
1 3 3 4 31
1 3 3 3 4
1 4 30 3 3 4
1 4 10 41 41 41
1 5 3 4 3 4 3
1 3 30 4 3
1 16 9 3 4 25 4 28 28 28 28 28 28 28 28 28 28 28
1 9 9 9 3 3 3 3 3 4 30
1 16 9 3 4 3 4 3 4 26 3 3 3 4 26 3 4 3
1 12 9 4 4 26 57 57 57 57 57 57 57 57
1 4 22 22 22 22
1 15 4 3 27 27 27 27 27 27 27 27 27 27 27 27 27
1 10 2 4 4 3 3 4 26 3 3 3
1 8 9 4 3 25 4 3 4 3
1 9 9 4 3 4 3 3 4 26 32
1 3 4 2 3
1 11 9 4 3 25 3 3 26 4 26 57 57
1 4 4 4 3 2
1 10 4 3 4 4 26 3 3 4 3 26
1 5 3 4 26 3 3
1 3 9 40 40
1 10 9 40 40 40 40 40 40 40 40 40
1 4 4 3 4 3
1 5 9 9 9 40 40
1 6 4 3 3 26 3 3
1 6 9 3 4 4 26 3
1 4 3 4 3 3
1 8 9 4 3 4 3 26 3 3
1 7 26 3 4 3 4 3 3
1 10 9 3 3 4 3 26 57 57 57 57
1 4 4 3 26 3
1 8 3 25 4 26 32 3 3 3
1 4 9 9 9 9
1 9 3 25 3 4 4 3 26 3 29
1 11 4 3 25 3 4 3 3 26 32 3 3
1 9 3 3 4 3 4 3 3 26 3
1 3 3 4 3
1 10 3 4 28 28 28 28 28 28 28 28
1 3 5 33 33
1 3 12 44 67
1 3 12 44 67
1 3 12 44 67
1 4 5 33 33 82
1 9 3 3 3 3 3 4 26 3 3
1 9 3 3 3 3 4 3 4 26 3
1 5 5 34 62 72 82
1 13 4 3 3 25 3 3 4 26 3 3 3 3 3
1 6 5 33 33 33 33 82
1 11 16 50 50 50 50 50 50 50 50 50 50
1 4 5 33 33 82
1 13 77 83 83 83 83 83 83 83 83 83 83 83 83
1 8 3 3 3 4 3 26 3 3
1 4 5 62 72 82
1 5 4 26 3 3 30
1 8 5 34 62 74 82 3 4 2
1 3 5 33 82
1 14 3 3 3 3 25 3 3 4 26 3 3 3 4 4
1 6 5 34 70 62 72 82
1 7 3 3 3 25 4 26 32
1 6 5 34 70 62 72 82
1 9 3 3 3 4 26 3 32 3 4
1 5 5 62 73 73 73
1 11 1 23 23 23 23 23 23 23 23 23 23
1 7 5 34 70 62 74 2 82
1 12 3 4 25 3 3 3 3 25 4 3 26 3
1 3 12 44 67
1 11 22 22 22 22 22 22 22 22 22 22 22
1 10 3 3 3 4 3 26 32 3 4 3
1 12 3 3 3 3 4 26 3 32 61 61 61 61
1 8 22 22 22 22 22 22 22 22
1 13 13 45 45 45 45 45 45 45 45 45 45 45 45
1 13 13 45 45 45 45 45 45 45 45 45 45 45 45
1 16 7 38 66 4 29 58 58 58 58 58 58 58 58 58 58 58
1 7 3 4 26 3 32 3 30
1 10 3 3 3 3 25 3 4 26 3 3
1 5 3 3 4 26 3
1 10 3 3 3 3 3 4 26 3 3 3
1 3 5 33 82
1 6 5 34 62 73 73 73
1 4 3 26 3 4
1 5 5 33 33 33 82
1 3 26 4 4
1 7 7 38 66 4 3 11 42
1 3 26 4 3
1 3 1 4 3
1 7 14 47 69 79 85 85 85
1 9 22 22 22 22 22 22 22 22 22
1 4 9 40 40 40
1 8 6 35 64 64 64 64 64 64
1 3 5 33 33
1 13 22 22 22 22 22 22 22 22 22 22 22 22 22
1 9 3 26 3 25 4 4 4 4 3
1 3 4 11 42
1 6 34 70 80 80 80 80
1 3 26 3 3
1 5 3 3 26 3 4
1 7 5 34 62 72 82 3 29
1 5 3 26 3 25 3
1 5 3 26 57 57 57
1 3 8 9 4
1 7 5 34 62 4 31 60 60
1 4 5 62 72 82
1 9 3 3 26 3 3 4 4 3 4
1 5 26 3 4 3 3
1 5 3 26 3 4 31
1 5 82 3 26 4 30
1 4 5 62 72 82
1 10 22 22 22 22 22 22 22 22 22 22
1 3 16 50 50
1 4 3 26 3 4
1 7 5 34 62 82 4 3 2
1 4 82 86 86 86
1 4 5 33 33 82
1 6 5 34 62 73 73 73
1 8 3 3 25 3 3 30 4 3
1 8 3 26 3 3 25 4 3 29
1 4 26 3 3 4
1 6 5 33 33 33 33 82
1 4 26 3 3 3
1 3 26 3 4
1 3 26 57 57
1 4 4 30 4 30
1 7 22 22 22 22 22 22 22
1 5 22 22 22 22 22
1 4 12 8 4 3
1 4 12 12 12 43
1 6 8 39 39 39 39 39
1 5 12 12 43 43 43
1 4 8 9 9 40
1 4 82 3 4 3
1 3 1 4 3
1 3 3 27 27
1 4 30 4 3 4
1 3 4 4 30
1 5 4 4 3 4 3
1 3 30 59 59
1 5 12 8 9 4 3
1 5 8 9 4 25 56
1 5 8 4 3 27 27
1 5 26 3 3 25 3
1 4 7 37 37 37
1 3 22 22 22
1 5 4 3 4 3 27
1 4 8 4 3 27
1 5 8 9 4 3 2
1 5 12 8 9 4 3
1 3 8 9 40
1 4 3 30 30 30
