965 99
1 6 1 26 26 26 26 26
1 3 2 4 5
1 4 7 7 7 7
1 5 5 5 4 5 5
1 9 5 4 6 37 37 37 37 37 37
1 6 2 3 2 4 32 68
1 7 1 26 26 26 26 26 26
1 4 7 7 7 3
1 3 3 4 3
1 3 4 32 68
1 3 3 4 1
1 6 2 4 5 2 3 4
1 6 8 38 38 38 38 38
1 7 4 32 68 3 4 32 68
1 5 4 33 33 3 2
1 5 9 73 32 5 2
1 4 97 4 30 66
1 3 4 3 29
1 4 7 7 7 7
1 9 7 7 7 3 31 3 3 4 33
1 9 3 4 34 70 70 70 70 70 70
1 4 7 7 3 2
1 7 7 7 3 4 3 29 29
1 6 7 7 7 7 7 3
1 4 97 2 4 3
1 5 10 43 43 43 43
1 4 4 3 4 3
1 4 7 7 3 2
1 6 11 45 77 4 33 33
1 3 12 13 4
1 3 12 4 3
1 3 12 13 4
1 4 7 7 3 29
1 5 7 3 4 30 66
1 4 4 3 4 5
1 3 14 4 3
1 3 1 26 26
1 5 2 4 5 4 32
1 10 6 37 37 37 37 37 37 37 37 37
1 3 1 4 35
1 3 4 30 4
1 7 14 4 32 68 86 86 86
1 3 14 4 3
1 5 2 4 32 69 69
1 5 2 4 5 4 5
1 6 2 4 5 5 5 2
1 5 2 3 4 32 2
1 3 4 32 5
1 6 2 5 4 32 69 69
1 3 14 4 3
1 3 6 4 3
1 4 6 4 30 66
1 5 4 2 3 4 5
1 3 12 46 46
1 3 4 3 29
1 3 3 4 33
1 4 14 4 3 5
1 4 16 50 50 50
1 4 2 4 32 69
1 4 2 27 27 27
1 5 4 2 4 32 4
1 4 2 27 27 27
1 4 2 4 3 4
1 3 4 32 68
1 6 16 12 13 4 3 28
1 3 16 13 47
1 4 7 7 7 7
1 3 2 4 30
1 3 14 5 36
1 5 2 5 4 3 3
1 3 3 4 1
1 4 13 47 47 47
1 3 12 4 3
1 3 4 3 29
1 4 2 4 3 5
1 4 13 4 3 30
1 4 16 12 4 3
1 4 13 3 4 3
1 4 12 13 4 3
1 3 14 4 3
1 7 2 4 3 3 3 4 35
1 4 7 3 4 35
1 5 3 2 4 5 5
1 3 5 4 3
1 3 4 32 68
1 3 2 3 4
1 4 3 4 32 68
1 4 2 4 3 5
1 3 7 7 7
1 3 2 4 3
1 3 13 47 47
1 3 2 4 3
1 3 2 4 3
1 4 4 32 4 3
1 3 4 3 5
1 3 4 5 5
1 3 1 26 26
1 5 7 7 7 7 7
1 3 4 6 4
1 5 97 99 99 99 99
1 3 5 4 3
1 3 2 4 30
1 3 4 32 5
1 3 3 5 5
1 3 4 3 29
1 4 16 51 78 78
1 3 15 49 49
1 3 15 49 49
1 3 15 49 49
1 3 5 36 36
1 3 51 51 78
1 3 15 49 49
1 5 5 5 2 4 3
1 3 3 4 3
1 4 5 3 4 33
1 5 5 3 4 5 36
1 3 3 4 33
1 3 3 29 29
1 6 12 46 46 46 46 46
1 3 5 5 36
1 5 15 49 49 49 49
1 3 3 5 5
1 3 12 4 35
1 3 5 3 4
1 4 97 4 3 29
1 5 4 32 5 4 5
1 6 2 3 4 5 4 3
1 8 4 3 4 3 4 3 4 3
1 3 14 4 32
1 7 4 2 3 4 32 68 87
1 5 2 3 4 3 2
1 4 13 3 4 3
1 3 17 52 52
1 3 6 37 37
1 3 14 4 3
1 4 17 52 52 52
1 3 1 4 30
1 6 2 27 27 27 27 27
1 5 2 3 3 4 35
1 4 2 4 35 71
1 5 13 3 3 4 3
1 4 2 3 29 29
1 4 2 4 32 68
1 4 2 5 4 3
1 5 2 3 4 35 71
1 4 7 7 7 7
1 6 18 53 80 93 98 98
1 6 7 7 3 29 29 29
1 8 13 47 47 47 47 47 47 47
1 8 9 41 73 89 97 4 32 68
1 3 4 3 2
1 11 4 5 3 6 37 37 37 37 37 37 37
1 3 13 4 3
1 7 9 41 73 97 4 3 29
1 5 4 3 6 37 37
1 7 89 2 4 3 2 4 2
1 3 5 4 32
1 3 14 4 32
1 5 1 4 33 33 3
1 4 14 5 4 3
1 4 6 37 37 37
1 5 14 5 2 4 5
1 3 4 2 4
1 5 89 2 3 29 29
1 7 89 96 96 96 96 96 96
1 3 12 4 28
1 3 12 13 47
1 4 16 16 13 3
1 5 16 16 13 3 4
1 7 89 96 96 96 96 96 96
1 3 12 13 3
1 3 16 16 13
1 3 1 26 26
1 6 5 2 4 2 4 5
1 3 3 4 3
1 6 16 16 16 13 3 28
1 5 3 29 29 29 29
1 10 14 5 36 36 36 36 36 36 36 36
1 9 10 42 75 75 75 75 75 75 75
1 3 13 4 3
1 4 89 96 96 96
1 7 89 2 4 5 2 4 5
1 3 1 26 26
1 4 89 2 4 3
1 3 17 4 33
1 3 89 2 27
1 3 3 4 5
1 6 4 5 5 5 4 3
1 3 1 4 6
1 4 4 6 4 3
1 3 7 7 3
1 5 9 41 73 89 97
1 4 97 4 3 3
1 5 9 41 73 32 69
1 6 17 4 3 4 3 29
1 7 9 41 73 32 68 87 97
1 6 8 38 38 38 38 38
1 4 4 5 4 3
1 7 13 4 3 4 3 2 97
1 8 9 41 73 89 97 99 99 99
1 4 12 4 3 28
1 4 16 16 13 47
1 4 7 7 7 7
1 4 4 5 36 36
1 3 4 32 4
1 3 14 4 3
1 7 10 43 43 43 43 43 43
1 6 41 82 94 94 94 94
1 5 19 82 94 94 94
1 3 56 82 21
1 3 19 55 55
1 4 20 57 57 57
1 3 10 43 43
1 3 19 82 94
1 4 9 40 40 40
1 4 20 4 32 5
1 5 10 42 75 75 75
1 6 19 56 82 21 58 58
1 3 10 42 97
1 5 10 42 75 75 75
1 3 20 4 32
1 3 19 56 21
1 4 9 40 97 99
1 4 22 19 55 55
1 3 56 82 21
1 5 10 42 76 90 90
1 6 20 19 56 21 4 3
1 4 10 42 76 90
1 10 19 56 82 21 4 3 4 3 4 3
1 3 56 82 21
1 11 23 18 54 54 54 54 54 54 54 54 54
1 9 23 18 54 54 54 54 54 54 54
1 8 18 54 54 54 54 54 54 54
1 9 16 51 20 4 28 65 65 65 65
1 6 16 12 46 4 32 68
1 4 13 56 82 94
1 3 24 61 61
1 4 13 47 47 47
1 3 16 12 46
1 8 16 51 20 57 57 57 57 57
1 4 13 47 47 47
1 6 16 50 50 50 50 50
1 6 24 61 61 61 61 61
1 4 16 16 16 51
1 7 16 51 20 57 57 57 57
1 5 16 51 78 78 78
1 5 7 7 56 82 21
1 3 24 61 61
1 6 14 4 3 4 35 71
1 5 22 19 56 82 21
1 8 22 19 56 82 21 3 4 28
1 4 20 20 57 57
1 3 22 59 59
1 7 12 46 46 46 4 5 4
1 4 24 62 83 83
1 3 12 13 4
1 3 51 78 78
1 7 24 62 12 13 56 82 21
1 8 18 53 80 93 98 98 98 98
1 6 12 46 46 46 4 15
1 4 23 60 60 60
1 4 7 7 7 7
1 9 10 42 75 75 75 75 75 75 75
1 7 9 41 82 73 32 2 97
1 9 12 13 56 82 94 94 94 94 94
1 5 10 42 75 75 75
1 3 20 57 57
1 3 19 4 15
1 9 10 42 75 75 75 75 75 75 75
1 5 51 20 4 5 4
1 3 12 46 46
1 4 24 62 83 83
1 4 51 78 78 78
1 7 24 62 12 13 56 82 21
1 3 51 78 78
1 8 24 62 12 13 56 81 81 81
1 4 51 20 4 15
1 6 24 61 61 61 61 61
1 4 12 46 46 4
1 3 51 78 78
1 7 24 62 12 13 56 82 21
1 8 18 53 80 93 98 98 98 98
1 3 51 78 78
1 6 24 62 12 46 46 46
1 11 24 62 12 46 46 46 46 46 46 4 32
1 3 51 78 78
1 7 24 62 12 13 56 82 21
1 7 18 53 80 8 39 72 72
1 3 12 46 46
1 7 23 60 60 60 60 60 60
1 4 22 19 4 30
1 3 56 82 21
1 6 10 43 43 43 43 43
1 4 20 19 21 3
1 4 22 19 4 5
1 3 56 82 21
1 3 10 42 97
1 4 22 19 4 3
1 5 10 42 75 75 75
1 7 22 19 56 82 21 4 30
1 3 10 42 97
1 9 10 42 19 82 94 94 94 94 94
1 6 20 1 26 26 26 26
1 7 22 59 59 59 59 59 59
1 4 9 40 40 97
1 8 19 56 82 21 4 3 4 3
1 3 7 7 7
1 3 19 55 55
1 3 56 82 21
1 6 11 44 44 44 44 44
1 4 19 56 82 21
1 3 7 7 7
1 3 7 7 7
1 11 19 56 82 21 58 58 58 58 58 58 58
1 7 22 19 56 81 81 81 81
1 4 10 42 75 75
1 7 10 42 19 56 82 21 58
1 3 14 4 3
1 4 56 82 21 4
1 4 10 42 76 90
1 3 19 56 21
1 4 10 42 76 90
1 6 19 56 82 21 4 3
1 5 22 59 59 59 59
1 3 7 7 7
1 7 7 7 56 82 21 58 58
1 3 56 82 21
1 3 7 7 7
1 3 14 4 3
1 4 7 7 56 21
1 5 19 56 82 21 58
1 3 7 7 7
1 6 20 20 19 56 21 4
1 5 22 19 21 4 3
1 4 22 59 59 59
1 4 19 56 82 21
1 7 22 19 56 82 94 94 94
1 5 20 19 21 4 5
1 4 20 4 5 4
1 4 20 57 57 57
1 5 7 56 21 4 5
1 4 7 7 7 7
1 7 19 56 81 81 81 81 81
1 4 23 18 54 54
1 7 19 56 82 21 4 5 36
1 3 10 42 97
1 5 10 42 75 75 75
1 4 10 42 19 82
1 7 7 7 56 82 94 94 94
1 4 10 42 75 75
1 5 7 7 56 82 21
1 7 7 7 56 82 94 94 94
1 4 19 4 32 68
1 4 56 82 94 94
1 4 19 56 82 94
1 9 10 42 75 75 75 75 75 75 75
1 6 20 19 4 3 4 3
1 3 19 4 3
1 5 19 55 55 55 55
1 3 56 82 21
1 3 10 42 97
1 5 19 56 82 73 32
1 3 10 42 97
1 6 20 19 56 21 58 58
1 9 10 42 19 56 82 21 4 5 4
1 8 10 42 75 75 75 75 75 75
1 9 10 42 75 75 75 75 75 75 75
1 3 19 55 55
1 7 7 7 56 82 94 94 94
1 7 7 7 7 56 82 94 94
1 6 7 7 7 56 81 81
1 3 20 20 20
1 4 20 20 20 57
1 3 20 20 20
1 3 1 26 26
1 3 20 20 20
1 3 20 20 1
1 3 20 20 20
1 3 20 20 20
1 3 20 20 20
1 3 20 20 20
1 3 20 20 20
1 3 20 20 20
1 3 20 20 20
1 4 20 20 1 26
1 3 20 20 20
1 3 20 20 20
1 5 22 19 21 4 3
1 3 19 4 3
1 4 19 21 4 33
1 4 22 19 55 55
1 5 22 19 21 4 5
1 3 20 20 20
1 7 7 7 7 7 7 3 29
1 3 19 21 58
1 3 19 21 4
1 4 7 7 7 7
1 7 10 42 19 82 21 4 5
1 5 10 42 19 55 55
1 5 9 40 40 40 40
1 3 10 43 43
1 8 25 63 84 84 84 84 84 84
1 3 19 4 5
1 4 25 63 84 84
1 6 25 63 84 84 84 84
1 6 22 19 55 55 55 55
1 3 25 63 84
1 4 25 63 84 84
1 7 23 18 54 54 54 54 54
1 5 23 18 54 54 54
1 6 23 18 54 54 54 54
1 7 23 18 54 54 54 54 54
1 3 19 21 4
1 3 19 55 55
1 6 10 42 19 4 3 28
1 3 20 20 1
1 3 19 21 4
1 7 22 19 21 4 5 36 36
1 6 19 21 4 5 36 36
1 4 10 42 76 90
1 4 19 21 4 5
1 3 10 42 97
1 3 20 1 26
1 3 20 20 57
1 3 4 3 28
1 4 4 3 4 3
1 3 12 4 3
1 4 16 12 4 30
1 7 3 2 4 3 4 32 5
1 3 3 4 1
1 6 3 6 37 37 37 37
1 5 13 4 3 4 32
1 3 13 4 33
1 5 3 4 3 4 30
1 4 3 2 5 4
1 7 3 29 29 29 29 29 29
1 3 17 4 3
1 9 11 45 77 4 33 3 6 4 35
1 5 4 32 68 4 3
1 3 2 4 5
1 12 9 41 73 89 97 4 35 71 71 71 71 71
1 4 13 47 47 47
1 11 9 41 73 89 97 2 4 35 71 71 71
1 7 18 53 80 93 98 98 98
1 3 13 4 3
1 5 2 4 3 4 32
1 3 2 4 30
1 5 2 27 27 27 27
1 3 2 4 35
1 3 4 32 68
1 3 2 4 5
1 3 5 36 36
1 4 2 3 4 3
1 4 2 4 35 71
1 3 89 96 96
1 4 6 4 3 5
1 4 7 7 7 7
1 3 7 7 7
1 4 4 3 4 5
1 3 16 16 16
1 4 4 3 4 5
1 4 7 7 7 7
1 10 13 13 4 34 70 70 70 70 70 70
1 5 4 32 2 4 3
1 7 4 3 5 4 3 2 4
1 3 4 32 69
1 7 3 4 5 36 36 36 36
1 5 3 4 32 4 5
1 3 3 4 3
1 3 4 1 26
1 3 3 4 35
1 3 4 3 5
1 3 4 3 29
1 3 3 4 35
1 3 3 4 35
1 4 1 4 3 5
1 3 14 48 48
1 3 12 13 47
1 5 16 12 13 4 3
1 4 21 58 58 58
1 3 3 4 3
1 3 12 13 47
1 3 12 13 47
1 3 1 26 26
1 3 12 12 13
1 3 14 5 2
1 4 3 4 32 68
1 9 7 7 7 7 7 7 7 7 7
1 4 5 2 4 2
1 4 5 2 5 2
1 3 1 4 3
1 5 7 7 7 3 2
1 3 21 58 58
1 4 21 58 58 58
1 4 21 58 58 58
1 3 21 58 58
1 5 21 58 58 58 58
1 4 12 13 4 3
1 4 12 13 4 3
1 4 12 13 4 3
1 5 12 13 4 3 2
1 5 12 4 3 4 3
1 4 12 12 4 3
1 3 12 4 3
1 4 12 12 4 3
1 3 4 32 68
1 4 3 3 4 3
1 3 5 4 3
1 3 4 3 29
1 4 3 4 32 68
1 6 1 4 32 4 3 4
1 3 3 30 4
1 3 3 4 15
1 4 5 3 3 4
1 3 5 4 3
1 6 4 5 4 5 3 3
1 5 5 4 3 4 5
1 5 3 4 3 4 3
1 3 4 3 4
1 7 4 3 2 4 32 68 87
1 3 18 54 54
1 5 9 41 73 87 97
1 3 12 46 46
1 6 62 83 83 83 83 83
1 7 7 7 7 7 7 7 7
1 9 11 45 77 4 28 65 65 65 65
1 5 7 7 7 7 7
1 4 18 54 54 54
1 6 11 45 77 4 6 37
1 6 7 7 7 7 7 7
1 5 9 41 73 87 97
1 6 62 83 83 83 83 83
1 5 18 53 80 8 39
1 7 9 41 74 74 74 74 74
1 4 13 4 3 2
1 3 12 46 46
1 5 1 26 26 26 26
1 6 62 83 83 83 83 83
1 4 20 57 57 57
1 3 62 83 83
1 3 62 83 83
1 3 18 54 54
1 4 5 4 32 68
1 7 9 41 73 32 5 2 97
1 7 9 41 73 32 68 87 97
1 7 9 41 73 88 88 88 88
1 6 9 73 32 69 69 69
1 5 9 73 88 88 88
1 8 9 41 73 89 96 96 96 96
1 9 9 41 73 87 97 4 3 4 3
1 7 18 53 80 92 92 92 92
1 8 18 53 80 92 92 92 92 92
1 7 18 53 80 8 39 72 72
1 7 18 53 80 8 39 72 72
1 7 9 41 73 32 69 69 69
1 7 9 41 74 74 74 74 74
1 6 9 41 73 32 2 97
1 3 4 3 2
1 3 9 40 97
1 6 9 73 32 2 97 4
1 4 9 73 87 97
1 4 9 40 40 97
1 5 18 53 79 79 79
1 4 9 73 87 97
1 6 41 74 74 74 74 74
1 5 9 40 40 40 97
1 6 9 41 73 89 97 2
1 4 9 73 87 97
1 6 9 73 32 2 97 3
1 5 9 41 73 87 97
1 6 9 41 73 97 4 2
1 7 9 41 73 32 2 97 4
1 8 9 73 32 68 87 97 4 3
1 6 9 41 73 89 2 97
1 3 41 74 74
1 3 9 73 89
1 3 5 4 3
1 5 9 73 32 2 97
1 6 9 73 89 2 97 99
1 7 9 40 40 97 4 3 2
1 7 7 7 7 7 7 3 4
1 8 7 7 7 7 7 7 3 29
1 10 7 7 7 7 7 7 7 3 4 5
1 4 20 57 57 57
1 5 9 40 40 40 97
1 6 9 41 73 32 69 69
1 6 9 41 73 32 2 97
1 7 9 41 73 87 97 99 99
1 4 4 32 4 32
1 7 3 4 3 2 5 4 35
1 3 14 4 3
1 6 3 4 32 68 87 95
1 3 1 4 28
1 4 4 3 4 3
1 4 12 46 46 4
1 6 1 26 26 26 26 26
1 4 12 12 4 3
1 10 4 3 4 5 4 3 4 3 4 32
1 4 12 12 46 46
1 4 13 4 3 4
1 6 12 12 4 3 4 3
1 5 1 26 26 26 26
1 7 4 3 2 4 3 4 3
1 4 12 4 35 71
1 7 12 46 46 46 4 3 28
1 11 2 4 3 4 3 2 4 3 3 4 15
1 8 3 4 3 6 37 37 37 37
1 4 14 48 48 48
1 5 4 35 71 71 71
1 7 14 4 32 68 4 3 4
1 4 4 30 4 32
1 6 3 2 4 32 5 5
1 6 3 29 29 29 29 29
1 4 4 32 68 4
1 5 1 4 5 4 30
1 5 4 5 3 2 4
1 8 2 4 3 4 3 2 4 3
1 7 2 4 3 2 4 3 4
1 3 3 4 3
1 3 14 4 3
1 4 28 65 65 65
1 3 4 3 6
1 9 9 41 73 97 4 3 4 3 2
1 8 9 41 82 73 32 68 87 97
1 7 9 41 73 32 68 87 97
1 4 97 99 99 99
1 8 9 41 73 88 88 88 88 88
1 4 4 32 68 87
1 10 7 7 7 7 3 6 37 37 37 37
1 5 7 7 7 7 7
1 13 13 47 47 47 47 47 47 47 47 47 47 47 47
1 4 4 3 4 3
1 7 18 53 80 8 39 72 72
1 7 9 41 73 87 97 4 3
1 3 1 4 3
1 3 5 4 3
1 5 7 7 7 3 2
1 6 3 4 2 3 4 3
1 4 9 41 73 89
1 5 7 3 4 3 29
1 6 4 3 6 4 3 6
1 6 4 32 4 3 3 4
1 4 5 2 4 3
1 3 3 4 3
1 6 4 3 4 3 4 6
1 4 3 4 3 2
1 5 4 3 4 3 2
1 9 7 3 31 4 32 5 4 5 36
1 4 13 13 4 3
1 6 3 4 32 69 69 69
1 6 4 5 3 4 3 5
1 3 4 32 68
1 3 3 4 5
1 4 21 4 33 33
1 3 7 7 7
1 4 4 3 3 4
1 3 4 3 29
1 3 12 4 5
1 3 4 3 28
1 3 1 26 26
1 3 1 26 26
1 12 10 42 75 75 75 75 75 75 75 75 75 75
1 5 9 41 73 89 97
1 5 4 3 4 32 5
1 3 5 3 4
1 5 15 49 49 49 49
1 3 4 1 4
1 3 15 49 49
1 3 1 4 3
1 3 1 4 1
1 11 10 42 75 75 75 75 75 75 75 75 75
1 3 3 4 5
1 3 13 13 47
1 3 21 4 3
1 6 62 83 83 83 83 83
1 5 18 53 80 8 39
1 4 7 7 7 7
1 3 4 5 36
1 5 4 32 69 69 69
1 3 12 12 46
1 4 12 13 4 35
1 4 12 13 4 5
1 4 4 30 4 28
1 4 5 4 3 5
1 4 12 13 4 3
1 4 4 3 2 5
1 5 12 13 4 30 66
1 3 12 12 46
1 3 12 4 30
1 3 12 13 4
1 3 14 4 33
1 8 5 3 5 4 3 4 35 71
1 3 4 3 4
1 4 2 4 3 3
1 3 1 4 3
1 3 6 4 5
1 4 2 4 3 28
1 3 4 3 3
1 5 4 3 4 3 2
1 8 9 41 73 89 97 4 3 2
1 4 4 3 4 33
1 13 11 45 77 91 91 91 91 91 91 91 91 91 91
1 4 21 4 5 3
1 14 9 41 73 89 97 3 4 3 2 4 3 2 4 5
1 4 21 4 32 68
1 13 18 53 80 92 92 92 92 92 92 92 92 92 92
1 13 4 5 4 3 3 4 5 4 3 4 3 4 5
1 11 4 3 28 65 65 65 65 65 65 65 65
1 11 4 3 4 32 5 4 5 4 3 4 5
1 8 9 41 73 32 68 87 97 4
1 5 9 41 73 97 4
1 5 5 5 36 36 36
1 9 7 7 7 7 3 4 5 4 3
1 3 21 4 3
1 3 21 3 29
1 4 21 3 4 28
1 3 4 3 4
1 3 21 3 29
1 3 21 4 3
1 3 21 4 3
1 8 13 47 47 47 47 47 47 47
1 3 12 4 3
1 3 6 4 28
1 3 17 4 32
1 3 2 4 35
1 4 4 3 4 3
1 6 2 4 32 68 4 5
1 3 4 32 68
1 4 2 4 3 4
1 3 13 4 33
1 4 5 2 4 32
1 4 5 5 4 15
1 5 4 35 71 71 71
1 5 4 2 4 32 69
1 4 4 32 4 3
1 7 41 74 74 74 74 74 74
1 3 9 73 97
1 3 6 4 3
1 3 17 4 28
1 3 13 4 3
1 3 2 4 3
1 3 13 47 47
1 5 9 41 73 89 97
1 5 12 13 4 5 2
1 7 9 41 73 89 97 2 4
1 7 9 41 73 89 97 2 4
1 4 2 4 32 68
1 3 4 32 68
1 5 18 53 80 93 98
1 3 8 38 38
1 14 4 32 4 32 4 32 68 86 86 86 86 86 86 86
1 10 4 30 3 4 3 31 3 29 29 29
1 9 4 30 3 4 3 3 3 31 67
1 9 7 7 7 3 3 4 3 31 4
1 7 14 48 48 48 48 48 48
1 4 4 32 4 32
1 5 4 28 64 85 85
1 8 4 3 4 3 4 3 31 3
1 8 7 7 3 3 4 32 68 86
1 6 9 41 73 89 97 99
1 3 4 32 68
1 14 9 41 73 89 97 3 2 4 5 3 2 5 2 27
1 12 2 27 27 27 27 27 27 27 27 27 27 27
1 17 4 5 3 4 5 5 5 4 3 5 4 5 4 3 4 32 68
1 14 11 45 77 4 3 6 37 37 37 37 37 37 37 37
1 19 3 6 37 37 37 37 37 37 37 37 37 37 37 37 37 37 37 37 37
1 14 9 41 73 89 97 2 4 5 2 4 3 2 4 3
1 13 2 27 27 27 27 27 27 27 27 27 27 27 27
1 14 18 53 80 92 92 92 92 92 92 92 92 92 92 92
1 6 18 53 80 92 92 92
1 12 8 38 38 38 38 38 38 38 38 38 38 38
1 11 9 41 73 89 97 2 4 28 65 65 65
1 9 9 41 73 89 97 3 2 4 5
1 10 2 4 5 3 2 4 28 65 65 65
1 11 4 32 5 3 4 3 4 3 4 32 68
1 8 3 4 5 4 3 3 4 30
1 3 5 4 3
1 4 3 3 2 5
1 5 6 37 37 37 37
1 5 4 3 5 4 32
1 3 14 4 33
1 3 3 4 15
1 3 3 3 4
1 6 8 38 38 38 38 38
1 4 5 3 3 4
1 4 14 48 48 48
1 5 3 4 3 4 3
1 3 5 4 3
1 5 12 13 4 35 71
1 16 13 3 4 30 4 33 33 3 31 67 3 4 3 4 32 4
1 9 13 13 3 3 3 3 3 4 5
1 6 7 7 7 3 4 33
1 16 13 3 4 3 4 3 4 34 68 3 3 4 34 68 4 3
1 12 13 4 32 69 69 69 69 69 69 69 69 69
1 4 7 7 7 7
1 15 4 3 29 29 29 29 29 29 29 29 29 29 29 29 29
1 10 2 4 32 68 3 4 34 68 3 3
1 8 13 4 3 30 4 3 4 3
1 3 7 7 7
1 9 13 4 3 4 3 3 4 34 70
1 3 4 2 3
1 11 13 4 3 30 3 3 31 4 34 70 70
1 4 4 32 68 87
1 10 4 3 4 32 69 69 69 69 69 69
1 5 3 4 34 68 3
1 3 13 47 47
1 10 13 47 47 47 47 47 47 47 47 47
1 4 4 3 4 3
1 5 13 13 13 47 47
1 6 4 3 3 31 3 3
1 15 3 4 3 3 3 3 4 3 3 31 4 3 31 3 3
1 6 13 3 4 32 69 69
1 4 3 4 3 3
1 16 4 3 30 3 3 4 33 3 3 31 3 3 3 31 67 3
1 11 31 3 4 3 4 3 3 31 67 3 5
1 8 13 4 3 4 3 31 3 3
1 7 31 3 4 3 4 3 3
1 10 13 3 3 4 3 31 67 67 3 3
1 10 3 4 3 4 3 30 3 4 3 31
1 4 4 3 31 3
1 8 3 30 4 34 70 70 70 70
1 4 13 13 13 13
1 9 3 30 3 4 32 68 86 86 86
1 11 4 3 30 3 4 3 3 31 67 3 3
1 9 3 3 4 3 4 3 3 31 3
1 3 3 4 3
1 10 3 4 33 3 30 3 3 4 34 68
1 3 4 5 4
1 3 97 99 99
1 3 9 40 40
1 3 16 51 51
1 3 16 51 51
1 3 16 51 51
1 3 16 51 51
1 3 16 51 78
1 4 9 40 40 97
1 9 3 3 3 3 3 4 34 68 3
1 6 9 41 82 73 87 97
1 9 3 3 3 3 4 3 4 34 68
1 5 9 41 73 87 97
1 13 4 3 3 30 3 3 4 34 68 3 3 3 3
1 6 9 40 40 40 40 97
1 11 20 57 57 57 57 57 57 57 57 57 57
1 4 9 40 40 97
1 13 8 38 38 38 38 38 38 38 38 38 38 38 38
1 4 9 73 87 97
1 8 3 3 3 4 3 31 3 3
1 4 9 73 87 97
1 5 4 34 68 3 5
1 8 9 41 73 89 97 3 4 2
1 11 11 45 77 91 91 91 91 91 91 91 91
1 3 9 40 97
1 14 3 3 3 3 30 3 3 4 34 68 3 3 4 32
1 6 9 41 82 73 87 97
1 7 3 3 3 30 4 34 70
1 6 9 41 82 73 87 97
1 9 3 3 3 4 34 68 86 86 86
1 5 9 73 88 88 88
1 11 1 26 26 26 26 26 26 26 26 26 26
1 7 9 41 82 73 89 2 97
1 12 3 4 30 3 3 3 3 30 4 3 31 3
1 3 12 13 47
1 3 16 51 78
1 11 28 64 68 3 3 3 3 4 3 31 3
1 10 3 3 3 4 3 31 67 3 4 3
1 12 3 3 3 3 4 34 68 86 86 86 86 86
1 8 28 64 68 3 4 34 68 3
1 13 17 52 52 52 52 52 52 52 52 52 52 52 52
1 13 17 52 52 52 52 52 52 52 52 52 52 52 52
1 7 28 64 68 3 3 4 34
1 16 11 45 77 4 28 65 65 65 65 65 65 65 65 65 65 65
1 7 3 4 34 68 86 86 86
1 10 3 3 3 3 30 3 4 34 68 3
1 5 3 3 4 34 68
1 8 3 3 3 3 3 3 4 34
1 10 3 3 3 3 3 4 34 68 3 3
1 3 9 40 97
1 6 9 41 73 88 88 88
1 4 3 31 3 4
1 5 9 40 40 40 97
1 3 31 4 32
1 4 31 67 67 67
1 7 11 45 77 4 3 6 37
1 3 3 31 3
1 3 31 4 3
1 3 1 4 3
1 7 18 53 80 93 98 98 98
1 11 28 64 68 3 4 34 68 3 3 3 3
1 9 28 64 68 3 3 3 3 31 67
1 4 13 47 47 47
1 14 3 4 3 3 30 3 3 4 3 3 31 3 3 3
1 3 7 7 7
1 8 10 42 75 75 75 75 75 75
1 3 9 40 40
1 13 7 3 4 3 30 3 3 4 3 3 31 67 3
1 9 3 31 3 30 4 32 4 32 68
1 3 4 6 37
1 3 1 26 26
1 6 41 82 94 94 94 94
1 3 31 3 3
1 5 16 12 13 47 47
1 5 3 3 31 3 4
1 7 9 41 73 87 97 3 28
1 5 3 31 3 30 3
1 5 3 31 67 67 3
1 3 12 13 4
1 7 9 41 73 32 69 69 69
1 4 9 73 87 97
1 9 3 3 31 3 3 4 32 68 4
1 5 31 3 4 3 3
1 5 3 31 3 4 15
1 5 9 73 87 97 99
1 5 97 3 31 4 5
1 4 9 73 87 97
1 10 7 3 31 67 67 3 3 4 3 3
1 6 9 41 73 87 97 99
1 3 20 4 3
1 4 3 31 3 4
1 3 20 57 57
1 4 5 36 36 36
1 7 9 41 73 97 4 3 2
1 4 97 99 99 99
1 4 9 40 40 97
1 6 9 41 73 88 88 88
1 8 3 3 30 3 3 5 4 3
1 6 31 3 3 5 4 15
1 8 3 31 3 3 30 4 3 28
1 6 9 41 82 73 87 97
1 4 31 3 3 4
1 6 9 40 40 40 40 97
1 4 31 3 3 3
1 3 31 3 4
1 4 31 3 30 3
1 3 31 67 3
1 4 4 5 4 5
1 7 7 7 7 7 7 7 7
1 5 7 7 3 3 4
1 5 16 16 16 12 46
1 4 16 12 4 3
1 4 16 16 16 50
1 6 12 46 46 46 4 3
1 5 16 16 50 50 50
1 4 12 13 13 47
1 4 97 3 4 3
1 3 1 4 3
1 3 3 29 29
1 4 5 4 3 4
1 3 4 32 5
1 4 3 4 32 69
1 5 4 32 68 4 3
1 3 5 36 36
1 5 16 12 13 4 3
1 3 97 99 99
1 7 16 16 16 12 13 4 3
1 5 12 13 4 30 66
1 5 12 4 3 29 29
1 5 31 3 3 30 3
1 4 11 44 44 44
1 3 7 7 7
1 5 4 3 4 3 29
1 4 12 4 3 29
1 5 12 13 4 3 2
1 5 16 12 13 4 3
1 3 12 13 47
1 4 3 5 5 5
