765 87
1 6 1 26 26 26 26 26
1 3 2 5 6
1 4 25 25 25 25
1 5 6 6 5 6 6
1 9 6 5 7 36 36 36 36 36 36
1 7 1 26 26 26 26 26 26
1 3 3 5 3
1 3 5 31 62
1 3 3 5 1
1 6 2 5 6 2 3 5
1 6 8 37 37 37 37 37
1 5 5 34 34 3 2
1 5 9 66 31 6 2
1 4 85 5 32 64
1 3 5 3 28
1 4 25 25 25 25
1 9 25 25 25 3 29 3 3 5 34
1 9 3 5 29 5 3 5 3 5 6
1 4 25 25 3 2
1 7 25 25 3 5 3 28 28
1 5 10 41 41 41 41
1 4 25 25 3 2
1 6 11 42 69 5 34 34
1 3 12 13 5
1 3 12 13 5
1 4 25 25 3 28
1 5 25 3 5 32 64
1 4 5 3 5 6
1 3 14 5 3
1 3 1 26 26
1 3 1 5 33
1 3 5 32 5
1 7 14 5 31 62 75 75 75
1 3 14 5 3
1 5 2 5 31 63 63
1 5 2 5 6 5 6
1 6 2 5 6 6 6 2
1 5 2 3 5 31 2
1 3 5 31 6
1 6 2 27 27 27 27 27
1 3 14 5 3
1 3 7 5 3
1 4 7 5 32 64
1 3 12 44 44
1 3 5 3 28
1 3 3 5 34
1 4 14 5 3 6
1 4 15 47 47 47
1 4 2 5 31 63
1 5 5 2 5 31 5
1 4 2 27 27 27
1 4 2 5 3 5
1 3 5 31 62
1 6 15 12 13 5 3 4
1 3 15 13 45
1 4 25 25 25 25
1 3 2 5 32
1 3 14 46 46
1 4 13 45 45 45
1 3 12 5 3
1 3 5 3 28
1 4 2 5 3 6
1 4 15 12 5 3
1 4 13 3 5 3
1 4 12 13 5 3
1 7 2 5 3 3 3 5 33
1 4 25 3 5 33
1 3 6 5 3
1 3 5 31 62
1 3 2 3 5
1 4 3 5 31 62
1 4 2 5 3 6
1 3 25 25 25
1 3 2 5 3
1 3 13 45 45
1 3 5 3 6
1 3 5 6 6
1 3 1 26 26
1 5 25 25 25 25 25
1 3 5 7 5
1 5 85 87 87 87 87
1 3 6 5 3
1 3 2 5 32
1 3 5 31 6
1 3 3 6 6
1 3 5 3 28
1 3 16 49 49
1 3 16 49 49
1 3 16 49 49
1 3 48 48 70
1 3 16 49 49
1 5 6 6 2 5 3
1 3 3 5 3
1 4 6 3 5 34
1 3 3 5 34
1 3 3 28 28
1 6 12 44 44 44 44 44
1 3 6 6 35
1 5 16 49 49 49 49
1 3 3 6 6
1 3 12 5 33
1 5 5 31 6 5 6
1 3 14 5 31
1 5 2 3 5 3 2
1 4 13 3 5 3
1 3 17 50 50
1 3 14 5 3
1 4 17 50 50 50
1 5 2 3 3 5 33
1 4 2 5 33 65
1 5 13 3 3 5 3
1 4 2 3 28 28
1 4 2 5 31 62
1 4 2 27 27 27
1 5 2 3 5 33 65
1 4 25 25 25 25
1 6 18 51 71 81 86 86
1 6 25 25 3 28 28 28
1 8 13 45 45 45 45 45 45 45
1 8 9 39 66 78 85 5 31 62
1 3 5 3 2
1 11 5 6 3 7 36 36 36 36 36 36 36
1 3 13 5 3
1 7 9 39 66 85 5 3 28
1 5 5 3 7 36 36
1 7 78 2 5 3 2 5 2
1 3 14 5 31
1 5 1 5 34 34 3
1 4 7 36 36 36
1 5 14 46 46 46 46
1 3 5 2 5
1 5 78 2 3 28 28
1 3 12 5 4
1 3 12 13 45
1 4 15 15 13 3
1 5 15 15 13 3 5
1 3 12 13 3
1 3 15 15 13
1 6 6 2 5 2 5 6
1 3 3 5 3
1 6 15 15 15 13 3 4
1 10 14 46 46 46 46 46 46 46 46 46
1 9 10 40 68 68 68 68 68 68 68
1 3 13 5 3
1 7 78 2 5 6 2 5 6
1 3 17 50 50
1 3 78 2 27
1 3 3 5 6
1 6 5 6 6 6 5 3
1 3 1 5 7
1 4 5 7 5 3
1 3 25 25 3
1 5 9 39 66 78 85
1 4 85 5 3 3
1 5 9 39 66 31 63
1 7 9 39 66 31 62 76 85
1 6 8 37 37 37 37 37
1 8 9 39 66 78 85 87 87 87
1 4 12 5 3 4
1 4 25 25 25 25
1 4 5 6 35 35
1 3 14 5 3
1 7 10 41 41 41 41 41 41
1 6 39 73 82 82 82 82
1 5 19 53 53 53 53
1 3 54 73 21
1 3 19 53 53
1 4 20 55 55 55
1 3 10 41 41
1 4 9 38 38 38
1 4 20 55 55 55
1 5 10 40 68 68 68
1 6 19 54 73 21 56 56
1 3 10 40 68
1 5 10 40 68 68 68
1 3 20 55 55
1 3 19 54 21
1 4 9 38 38 38
1 5 10 40 68 68 68
1 6 20 19 54 21 5 3
1 4 10 40 68 68
1 10 19 54 73 21 5 3 5 3 5 3
1 3 54 73 21
1 11 22 18 52 52 52 52 52 52 52 52 52
1 9 22 18 52 52 52 52 52 52 52
1 8 18 52 52 52 52 52 52 52
1 9 15 48 70 70 70 70 70 70 70
1 6 15 12 44 44 44 44
1 4 13 54 73 82
1 3 23 58 58
1 4 13 45 45 45
1 3 15 12 44
1 8 15 48 70 70 70 70 70 70
1 4 13 45 45 45
1 6 23 58 58 58 58 58
1 4 15 15 15 48
1 3 23 58 58
1 5 24 19 54 73 21
1 8 24 19 54 73 21 56 56 56
1 7 12 44 44 44 44 44 44
1 4 23 59 74 74
1 3 12 13 5
1 3 48 70 70
1 7 23 59 12 13 54 73 21
1 8 18 51 71 81 86 86 86 86
1 4 25 25 25 25
1 9 10 40 68 68 68 68 68 68 68
1 7 9 39 73 66 31 2 85
1 9 12 13 54 73 82 82 82 82 82
1 5 10 40 68 68 68
1 3 20 55 55
1 5 48 70 70 70 70
1 3 12 44 44
1 4 23 59 74 74
1 7 23 59 12 13 54 73 21
1 3 48 70 70
1 6 23 58 58 58 58 58
1 3 48 70 70
1 7 23 59 12 13 54 73 21
1 8 18 51 71 81 86 86 86 86
1 3 48 70 70
1 6 23 59 12 44 44 44
1 3 48 70 70
1 7 23 59 12 13 54 73 21
1 7 22 57 57 57 57 57 57
1 4 24 19 5 32
1 6 10 41 41 41 41 41
1 4 24 19 5 6
1 3 54 73 21
1 4 24 19 5 3
1 5 10 40 68 68 68
1 7 24 19 54 73 21 5 32
1 3 10 40 68
1 9 10 40 19 53 53 53 53 53 53
1 6 20 1 26 26 26 26
1 7 24 60 60 60 60 60 60
1 4 9 38 38 38
1 8 19 54 73 21 5 3 5 3
1 3 25 25 25
1 3 19 53 53
1 3 54 73 21
1 6 11 43 43 43 43 43
1 4 19 54 73 21
1 3 25 25 25
1 3 25 25 25
1 11 19 54 73 21 56 56 56 56 56 56 56
1 4 10 40 68 68
1 7 10 40 19 54 73 21 56
1 4 54 73 21 5
1 3 19 54 21
1 4 10 40 68 68
1 6 19 54 73 21 5 3
1 5 24 60 60 60 60
1 3 25 25 25
1 3 54 73 21
1 3 25 25 25
1 3 14 5 3
1 4 25 25 25 25
1 5 19 54 73 21 56
1 3 25 25 25
1 6 20 20 19 54 21 5
1 5 24 19 21 5 3
1 4 24 60 60 60
1 4 19 54 73 21
1 7 24 19 54 73 82 82 82
1 5 20 19 21 5 6
1 4 20 55 55 55
1 4 25 25 25 25
1 7 19 54 72 72 72 72 72
1 4 22 18 52 52
1 7 19 54 73 21 5 6 35
1 3 10 40 68
1 5 10 40 68 68 68
1 7 25 25 25 25 25 25 25
1 4 10 40 68 68
1 5 25 25 25 25 25
1 7 25 25 25 25 25 25 25
1 4 54 73 82 82
1 4 19 54 73 82
1 9 10 40 68 68 68 68 68 68 68
1 6 20 19 5 3 5 3
1 3 19 5 3
1 5 19 53 53 53 53
1 3 54 73 21
1 3 10 40 68
1 5 19 54 73 66 31
1 6 20 19 54 21 56 56
1 9 10 40 19 54 73 21 5 6 5
1 3 19 53 53
1 7 25 25 25 25 25 25 25
1 7 25 25 25 25 25 25 25
1 6 25 25 25 25 25 25
1 4 20 20 20 55
1 3 20 20 20
1 3 20 20 20
1 3 20 20 1
1 3 20 20 20
1 3 20 20 20
1 3 20 20 20
1 3 20 20 20
1 3 20 20 20
1 4 20 20 1 26
1 3 20 20 20
1 3 20 20 20
1 3 19 5 3
1 4 19 21 5 34
1 4 24 19 53 53
1 5 24 19 21 5 6
1 7 25 25 25 25 25 3 28
1 3 19 21 5
1 4 25 25 25 25
1 7 10 40 19 53 53 53 53
1 5 10 40 19 53 53
1 5 9 38 38 38 38
1 3 10 41 41
1 4 25 25 25 25
1 6 25 25 25 25 3 5
1 6 24 19 53 53 53 53
1 3 25 25 25
1 4 25 25 25 25
1 5 22 18 52 52 52
1 6 22 18 52 52 52 52
1 7 22 18 52 52 52 52 52
1 3 19 21 5
1 3 19 53 53
1 6 10 40 19 5 3 4
1 3 20 20 1
1 7 24 19 21 5 6 35 35
1 6 19 21 5 6 35 35
1 4 10 40 68 68
1 4 19 21 5 6
1 3 20 1 26
1 3 20 20 55
1 3 5 3 4
1 4 5 3 5 3
1 3 12 5 3
1 4 15 12 5 32
1 3 3 5 1
1 3 13 5 34
1 5 3 5 3 5 32
1 4 3 2 27 27
1 7 3 28 28 28 28 28 28
1 3 17 50 50
1 9 11 42 69 5 34 3 7 5 33
1 4 13 45 45 45
1 11 9 39 66 78 85 2 5 33 65 65 65
1 7 18 51 71 81 86 86 86
1 3 13 5 3
1 5 2 5 3 5 31
1 3 2 5 32
1 5 2 27 27 27 27
1 3 2 5 33
1 3 5 31 62
1 3 2 5 6
1 3 6 35 35
1 4 2 3 5 3
1 4 2 5 33 65
1 3 78 84 84
1 4 25 25 25 25
1 4 5 3 5 6
1 3 15 15 15
1 10 13 13 5 29 6 6 5 6 5 3
1 5 5 31 2 5 3
1 7 5 3 6 5 3 2 5
1 3 5 31 63
1 7 3 5 6 35 35 35 35
1 3 3 5 3
1 3 5 1 26
1 3 3 5 33
1 3 5 3 6
1 3 3 5 33
1 4 1 5 3 6
1 3 14 46 46
1 5 15 12 13 5 3
1 4 21 56 56 56
1 3 12 13 45
1 3 12 13 45
1 3 1 26 26
1 3 12 12 13
1 3 14 46 46
1 4 3 5 31 62
1 9 25 25 25 25 25 25 25 25 25
1 4 6 2 5 2
1 5 25 25 25 3 2
1 3 21 56 56
1 4 21 56 56 56
1 4 21 56 56 56
1 5 21 56 56 56 56
1 4 12 13 5 3
1 4 12 13 5 3
1 4 12 13 5 3
1 5 12 13 5 3 2
1 5 12 5 3 5 3
1 4 12 12 5 3
1 3 12 5 3
1 4 12 12 5 3
1 3 5 31 62
1 4 3 3 5 3
1 3 5 3 28
1 4 3 5 31 62
1 6 1 5 31 5 3 5
1 3 3 32 5
1 4 6 3 3 5
1 5 3 5 3 5 3
1 3 5 3 5
1 7 5 3 2 5 31 62 76
1 5 9 39 66 76 85
1 3 12 44 44
1 6 59 74 74 74 74 74
1 7 25 25 25 25 25 25 25
1 5 25 25 25 25 25
1 4 18 52 52 52
1 6 11 42 69 5 7 36
1 5 9 39 66 76 85
1 6 59 74 74 74 74 74
1 7 9 39 67 67 67 67 67
1 4 13 5 3 2
1 3 12 44 44
1 6 59 74 74 74 74 74
1 4 20 55 55 55
1 3 59 74 74
1 3 59 74 74
1 4 6 5 31 62
1 7 9 39 66 31 6 2 85
1 7 9 39 66 31 62 76 85
1 6 9 66 31 63 63 63
1 5 9 66 77 77 77
1 8 9 39 66 78 84 84 84 84
1 9 9 39 66 76 85 5 3 5 3
1 7 18 51 71 80 80 80 80
1 7 18 51 71 80 80 80 80
1 7 18 51 71 80 80 80 80
1 7 9 39 66 31 63 63 63
1 7 9 39 67 67 67 67 67
1 6 9 39 66 31 2 85
1 3 5 3 2
1 3 9 38 38
1 6 9 66 31 2 85 5
1 4 9 66 76 85
1 6 39 67 67 67 67 67
1 6 9 39 66 78 85 2
1 4 9 66 76 85
1 5 9 39 66 76 85
1 6 9 39 66 85 5 2
1 7 9 39 66 31 2 85 5
1 8 9 66 31 62 76 85 5 3
1 6 9 39 66 78 2 85
1 3 39 67 67
1 3 9 66 78
1 3 6 5 3
1 5 9 66 31 2 85
1 6 9 66 78 2 85 87
1 7 9 38 38 38 38 38 38
1 8 25 25 25 25 25 25 3 28
1 10 25 25 25 25 25 25 25 3 5 6
1 5 9 38 38 38 38
1 6 9 39 66 31 63 63
1 6 9 39 66 31 2 85
1 7 9 39 66 76 85 87 87
1 4 5 31 5 31
1 3 14 5 3
1 6 3 5 31 62 76 83
1 3 1 5 4
1 4 5 3 5 3
1 4 12 44 44 44
1 4 12 12 5 3
1 10 5 3 5 6 5 3 5 3 5 31
1 4 12 12 44 44
1 4 13 5 3 5
1 6 12 12 5 3 5 3
1 7 5 3 2 5 3 5 3
1 4 12 5 33 65
1 7 12 44 44 44 44 44 44
1 8 3 5 3 7 36 36 36 36
1 4 14 46 46 46
1 5 5 33 65 65 65
1 7 14 5 31 62 75 75 75
1 4 5 32 5 31
1 6 3 2 5 31 6 6
1 6 3 28 28 28 28 28
1 8 2 5 3 5 3 2 5 3
1 7 2 5 3 2 5 3 5
1 3 3 5 3
1 4 4 30 30 30
1 3 5 3 7
1 9 9 39 66 85 5 3 5 3 2
1 8 9 39 73 66 31 62 76 85
1 7 9 39 66 31 62 76 85
1 4 5 31 62 76
1 10 25 25 25 25 3 7 36 36 36 36
1 13 13 45 45 45 45 45 45 45 45 45 45 45 45
1 4 5 3 5 3
1 3 1 5 3
1 3 6 5 3
1 5 25 25 25 3 2
1 4 9 39 66 78
1 5 25 3 5 3 28
1 6 5 3 7 5 3 7
1 6 5 31 5 3 3 5
1 4 6 2 5 3
1 6 5 3 5 3 5 7
1 4 3 5 3 2
1 5 5 3 5 3 2
1 4 13 13 5 3
1 6 3 5 31 63 63 63
1 6 5 6 3 5 3 6
1 3 5 31 62
1 3 3 5 6
1 4 21 5 34 34
1 3 25 25 25
1 4 5 3 3 5
1 3 12 5 6
1 3 5 3 4
1 3 1 26 26
1 3 1 26 26
1 12 10 40 68 68 68 68 68 68 68 68 68 68
1 5 9 39 66 78 85
1 5 5 3 5 31 6
1 3 5 1 5
1 3 16 49 49
1 3 1 5 3
1 3 1 5 1
1 3 3 5 6
1 3 21 5 3
1 6 59 74 74 74 74 74
1 5 18 51 71 80 80
1 4 25 25 25 25
1 5 5 31 63 63 63
1 3 12 12 44
1 4 12 13 5 33
1 4 12 13 5 6
1 4 6 5 3 6
1 4 5 3 2 27
1 5 12 13 5 32 64
1 3 12 12 44
1 3 12 5 32
1 3 12 13 5
1 3 14 5 34
1 8 6 3 6 5 3 5 33 65
1 3 5 3 5
1 4 2 5 3 3
1 3 1 5 3
1 3 7 5 6
1 4 2 5 3 4
1 3 5 3 3
1 8 9 39 66 78 85 5 3 2
1 13 11 42 69 79 79 79 79 79 79 79 79 79 79
1 4 21 5 6 3
1 14 9 39 66 78 85 3 5 3 2 5 3 2 5 6
1 4 21 5 31 62
1 13 18 51 71 80 80 80 80 80 80 80 80 80 80
1 13 5 6 5 3 3 5 6 5 3 5 3 5 6
1 11 5 3 4 30 30 30 30 30 30 30 30
1 11 5 3 5 31 6 5 6 5 3 5 6
1 8 9 39 66 31 62 76 85 5
1 5 6 6 35 35 35
1 9 25 25 25 25 3 5 6 5 3
1 3 21 5 3
1 4 21 56 56 56
1 3 5 3 5
1 3 21 56 56
1 3 21 5 3
1 8 13 45 45 45 45 45 45 45
1 3 12 5 3
1 3 7 5 4
1 3 17 50 50
1 3 2 5 33
1 6 2 5 31 62 75 75
1 3 5 31 62
1 4 2 5 3 5
1 3 13 5 34
1 4 6 2 5 31
1 4 6 6 5 34
1 5 5 33 65 65 65
1 5 5 2 5 31 63
1 4 5 31 5 3
1 7 39 67 67 67 67 67 67
1 3 9 66 85
1 3 7 5 3
1 3 17 50 50
1 3 13 5 3
1 3 2 5 3
1 3 13 45 45
1 5 9 39 66 78 85
1 5 12 13 5 6 2
1 7 9 39 66 78 85 2 5
1 7 9 39 66 78 85 2 5
1 4 2 5 31 62
1 5 18 51 71 81 86
1 3 8 37 37
1 10 5 32 3 5 3 29 3 28 28 28
1 9 5 32 3 5 3 3 3 29 6
1 9 25 25 25 3 3 5 3 29 5
1 7 14 46 46 46 46 46 46
1 4 5 31 5 31
1 5 5 4 62 75 75
1 8 5 3 5 3 5 3 29 3
1 8 25 25 3 3 5 31 62 75
1 12 2 27 27 27 27 27 27 27 27 27 27 27
1 17 5 6 3 5 6 6 6 5 3 6 5 6 5 3 5 31 62
1 19 3 7 36 36 36 36 36 36 36 36 36 36 36 36 36 36 36 36 36
1 14 9 39 66 78 85 2 5 6 2 5 3 2 5 3
1 13 2 27 27 27 27 27 27 27 27 27 27 27 27
1 14 18 51 71 80 80 80 80 80 80 80 80 80 80 80
1 6 18 51 71 80 80 80
1 12 8 37 37 37 37 37 37 37 37 37 37 37
1 9 9 39 66 78 85 3 2 5 6
1 11 5 31 6 3 5 3 5 3 5 31 62
1 8 3 5 6 5 3 3 5 32
1 3 6 5 3
1 5 7 36 36 36 36
1 5 5 3 6 5 31
1 3 14 5 34
1 3 3 5 34
1 3 3 3 5
1 6 8 37 37 37 37 37
1 4 6 3 3 5
1 4 14 46 46 46
1 5 3 5 3 5 3
1 3 6 5 3
1 5 12 13 5 33 65
1 16 13 3 5 32 5 34 34 3 29 61 61 61 61 61 61 61
1 6 25 25 25 3 5 34
1 16 13 3 5 3 5 3 5 29 3 3 3 5 29 3 5 3
1 12 13 5 31 63 63 63 63 63 63 63 63 63
1 15 5 3 28 28 28 28 28 28 28 28 28 28 28 28 28
1 10 2 5 31 62 3 5 29 3 3 3
1 8 13 5 3 32 5 3 5 3
1 3 25 25 25
1 9 13 5 3 5 3 3 5 29 61
1 3 5 2 3
1 11 13 5 3 32 3 3 29 5 29 6 3
1 4 5 31 62 76
1 10 5 3 5 31 63 63 63 63 63 63
1 5 3 5 29 3 3
1 10 13 45 45 45 45 45 45 45 45 45
1 4 5 3 5 3
1 5 13 13 13 45 45
1 6 5 3 3 29 3 3
1 15 3 5 3 3 3 3 5 3 3 29 5 3 29 3 3
1 6 13 3 5 31 63 63
1 4 3 5 3 3
1 16 5 3 32 3 3 5 34 3 3 29 3 3 3 29 61 61
1 11 29 3 5 3 5 3 3 29 6 3 6
1 10 13 3 3 5 3 29 6 35 35 35
1 10 3 5 3 5 3 32 3 5 3 29
1 4 5 3 29 3
1 8 3 32 5 29 61 61 61 61
1 4 13 13 13 13
1 11 5 3 32 3 5 3 3 29 61 61 61
1 9 3 3 5 3 5 3 3 29 3
1 3 3 5 3
1 10 3 5 34 3 32 3 3 5 29 3
1 3 5 6 5
1 3 85 87 87
1 3 9 38 38
1 3 15 48 48
1 3 15 48 48
1 3 15 48 48
1 3 15 48 48
1 3 15 48 70
1 4 9 38 38 38
1 9 3 3 3 3 3 5 29 3 3
1 6 9 39 73 66 76 85
1 9 3 3 3 3 5 3 5 29 3
1 5 9 39 66 76 85
1 13 5 3 3 32 3 3 5 29 3 3 3 3 3
1 6 9 38 38 38 38 38
1 11 20 55 55 55 55 55 55 55 55 55 55
1 4 9 38 38 38
1 13 8 37 37 37 37 37 37 37 37 37 37 37 37
1 4 9 66 76 85
1 5 5 29 3 3 6
1 8 9 39 66 78 85 3 5 2
1 11 11 42 69 79 79 79 79 79 79 79 79
1 3 9 38 38
1 14 3 3 3 3 32 3 3 5 29 3 3 3 5 31
1 6 9 39 73 66 76 85
1 6 9 39 73 66 76 85
1 9 3 3 3 5 29 3 28 28 28
1 5 9 66 77 77 77
1 7 9 39 73 66 78 2 85
1 12 3 5 32 3 3 3 3 32 5 3 29 3
1 3 12 13 45
1 11 4 62 3 3 3 3 3 5 3 29 3
1 12 3 3 3 3 5 29 3 28 28 28 28 28
1 8 4 62 3 3 5 29 3 3
1 13 17 50 50 50 50 50 50 50 50 50 50 50 50
1 13 17 50 50 50 50 50 50 50 50 50 50 50 50
1 7 4 62 3 3 3 5 29
1 16 11 42 69 5 4 30 30 30 30 30 30 30 30 30 30 30
1 10 3 3 3 3 32 3 5 29 3 3
1 5 3 3 5 29 3
1 8 3 3 3 3 3 3 5 29
1 10 3 3 3 3 3 5 29 3 3 3
1 3 9 38 38
1 6 9 39 66 77 77 77
1 5 9 38 38 38 38
1 3 29 5 31
1 4 29 61 61 61
1 7 11 42 69 5 3 7 36
1 3 3 29 3
1 3 1 5 3
1 11 4 62 3 3 5 29 3 3 3 3 3
1 9 4 62 3 3 3 3 3 29 61
1 4 13 45 45 45
1 14 3 5 3 3 32 3 3 5 3 3 29 3 3 3
1 3 25 25 25
1 9 3 29 3 32 5 31 5 31 62
1 3 1 26 26
1 6 39 73 82 82 82 82
1 5 15 12 13 45 45
1 5 3 3 29 3 5
1 7 9 39 66 76 85 3 4
1 5 3 29 61 61 61
1 3 12 13 5
1 7 9 39 66 31 63 63 63
1 4 9 66 76 85
1 9 3 3 29 3 3 5 31 62 75
1 5 29 3 5 3 3
1 5 3 29 3 5 34
1 5 9 66 76 85 87
1 5 85 3 29 5 6
1 10 25 3 29 61 61 61 61 61 61 61
1 6 9 39 66 76 85 87
1 3 20 55 55
1 4 3 29 3 5
1 3 20 55 55
1 4 6 35 35 35
1 7 9 39 66 85 5 3 2
1 4 85 87 87 87
1 4 9 38 38 38
1 6 9 39 66 77 77 77
1 8 3 3 32 3 3 6 5 3
1 6 29 3 3 6 5 34
1 6 9 39 73 66 76 85
1 4 29 3 3 5
1 6 9 38 38 38 38 38
1 3 29 3 5
1 4 29 3 32 3
1 3 29 61 61
1 4 5 6 5 6
1 7 25 25 25 25 25 25 25
1 5 25 25 3 3 5
1 5 15 15 15 12 44
1 4 15 12 5 3
1 4 15 15 15 47
1 6 12 44 44 44 44 44
1 4 12 13 13 45
1 4 85 3 5 3
1 3 1 5 3
1 3 3 28 28
1 4 6 5 3 5
1 4 3 5 31 63
1 5 5 31 62 75 75
1 5 15 12 13 5 3
1 3 85 87 87
1 7 15 15 15 12 13 5 3
1 5 12 13 5 32 64
1 5 12 5 3 28 28
1 5 29 3 3 32 3
1 3 25 25 25
1 5 5 3 5 3 28
1 4 12 5 3 28
1 5 12 13 5 3 2
