427 63
1 3 1 12 12
1 13 2 14 2 14 32 45 45 45 45 45 45 45 45
1 8 4 4 4 4 4 4 4 4
1 6 2 14 2 14 2 14
1 6 2 14 2 14 2 14
1 9 2 14 2 14 2 14 6 1 13
1 8 2 14 2 14 2 14 2 14
1 3 6 1 13
1 3 5 2 14
1 5 7 2 14 33 33
1 4 5 2 14 34
1 3 5 2 14
1 6 8 2 14 33 33 33
1 4 8 2 14 6
1 4 2 14 2 14
1 3 9 2 14
1 13 6 20 20 20 20 20 20 20 20 20 20 20 20
1 15 2 2 14 6 22 40 49 53 55 56 58 60 61 62 63
1 14 2 14 6 20 20 20 20 20 20 20 20 20 20 20
1 4 2 14 2 14
1 4 2 14 2 14
1 4 2 14 2 14
1 10 2 14 33 33 33 33 33 33 33 33
1 6 2 14 2 14 2 14
1 6 2 14 2 14 2 14
1 6 2 14 2 14 2 14
1 6 2 14 2 14 2 14
1 6 2 14 2 14 2 14
1 6 2 14 2 14 2 14
1 20 2 14 33 33 33 33 33 33 33 33 33 33 33 33 33 33 33 33 33 33
1 6 2 14 2 14 2 14
1 8 2 14 2 14 2 14 2 14
1 7 2 14 46 32 2 14 5
1 4 2 14 2 14
1 6 5 2 14 2 14 5
1 4 2 14 2 14
1 4 2 14 2 14
1 5 7 2 14 10 28
1 5 3 16 36 36 36
1 4 2 14 2 14
1 8 2 14 33 33 33 33 33 33
1 4 5 2 14 34
1 3 9 2 14
1 4 2 14 2 14
1 4 2 14 2 14
1 3 2 14 14
1 4 2 14 2 14
1 5 22 41 41 41 41
1 3 3 16 36
1 3 2 2 14
1 3 2 2 14
1 3 5 2 14
1 3 5 2 14
1 3 2 14 5
1 3 2 14 32
1 3 2 14 14
1 11 2 14 5 11 30 30 30 30 30 30 30
1 5 11 30 30 30 30
1 6 11 30 30 30 30 30
1 11 11 11 30 30 30 30 30 30 30 30 30
1 7 2 14 11 29 44 44 44
1 3 4 4 4
1 6 11 30 30 30 30 30
1 9 22 41 41 41 41 41 41 41 41
1 10 2 14 33 33 33 33 33 33 33 33
1 7 11 30 30 30 30 30 30
1 5 22 41 41 41 41
1 12 11 11 11 30 30 30 30 30 30 30 30 30
1 3 11 11 11
1 3 2 14 14
1 3 2 14 35
1 9 5 2 14 46 50 50 50 50 50
1 7 6 20 20 20 20 20 20
1 6 32 2 14 46 51 54
1 6 32 47 29 46 51 54
1 6 32 47 29 46 51 54
1 6 32 47 29 46 51 54
1 6 32 47 29 46 51 54
1 6 32 47 29 46 51 54
1 6 32 47 29 46 51 54
1 6 32 47 29 46 51 54
1 5 32 45 45 45 45
1 6 32 47 29 46 51 54
1 6 32 47 29 46 51 54
1 6 2 14 32 46 51 54
1 6 2 14 32 46 51 54
1 7 2 14 32 45 45 45 45
1 6 2 14 32 46 51 54
1 5 3 18 18 18 18
1 5 3 18 18 18 18
1 5 3 18 18 18 18
1 7 5 2 14 2 14 5 19
1 4 2 14 2 14
1 5 2 14 33 33 28
1 5 2 14 33 33 28
1 9 2 14 33 33 33 33 33 33 33
1 4 2 14 2 14
1 5 7 2 14 10 28
1 4 2 14 33 28
1 4 5 2 14 34
1 5 5 19 19 19 19
1 6 2 14 32 46 46 32
1 6 2 14 32 46 46 32
1 5 2 14 6 1 13
1 5 2 14 6 1 13
1 6 4 4 4 4 4 4
1 6 2 14 32 46 46 32
1 6 2 14 32 46 46 32
1 6 2 14 32 46 46 32
1 6 2 14 32 46 46 32
1 8 2 14 2 14 2 14 2 14
1 8 2 14 2 14 2 14 2 14
1 8 2 14 2 14 2 14 2 14
1 8 2 14 2 14 2 14 2 14
1 8 2 14 2 14 2 14 2 14
1 8 2 14 2 14 2 14 2 14
1 10 2 14 2 14 2 14 5 2 15 15
1 14 2 14 2 14 5 2 14 2 14 10 27 27 27 27
1 4 5 2 14 33
1 4 8 2 14 33
1 4 6 1 12 12
1 5 11 29 44 44 44
1 3 4 4 4
1 5 11 29 44 44 44
1 3 6 1 13
1 10 2 14 14 17 2 14 5 11 29 44
1 12 2 14 2 14 2 14 14 17 2 14 11 29
1 10 2 14 2 14 14 17 2 14 11 29
1 10 2 14 2 14 14 17 2 14 11 29
1 11 2 14 33 33 33 33 33 33 33 33 33
1 13 2 14 2 14 14 2 14 2 14 5 11 29 44
1 4 8 24 24 24
1 4 5 2 14 35
1 6 2 14 2 14 2 14
1 8 2 14 5 2 14 10 2 14
1 4 2 14 2 14
1 8 2 14 11 29 38 29 38 29
1 10 2 14 2 14 2 14 2 14 2 14
1 4 2 14 2 14
1 4 2 14 2 14
1 6 2 14 5 19 19 19
1 6 5 2 14 2 14 5
1 3 10 28 43
1 4 2 14 10 28
1 3 2 14 33
1 14 1 12 12 12 12 12 12 12 12 12 12 12 12 12
1 5 1 12 12 12 12
1 7 10 2 14 2 14 2 14
1 6 2 14 2 14 2 14
1 6 2 14 2 14 2 14
1 11 2 14 2 14 2 14 2 14 10 2 14
1 6 2 14 2 14 2 14
1 6 2 14 2 14 2 14
1 6 2 14 2 14 2 14
1 12 2 14 2 14 2 14 2 14 10 2 14 10
1 6 2 14 2 14 2 14
1 3 10 2 14
1 4 2 14 33 33
1 3 1 12 12
1 3 5 2 14
1 3 7 2 14
1 4 5 2 14 33
1 3 8 2 14
1 3 9 2 14
1 4 5 2 14 35
1 8 5 2 14 2 14 5 19 19
1 11 2 14 2 14 2 14 46 32 2 14 5
1 10 2 14 2 14 2 14 46 32 2 14
1 10 2 14 2 14 2 14 46 32 2 14
1 8 2 14 2 14 2 14 46 32
1 4 5 2 14 34
1 5 2 14 2 14 35
1 10 9 2 14 2 14 2 14 33 33 33
1 9 7 2 14 14 2 14 33 33 33
1 10 2 14 2 14 2 14 46 32 2 14
1 10 2 14 2 14 2 14 46 32 2 14
1 11 2 14 2 14 2 14 46 32 2 14 14
1 10 2 14 2 14 2 14 46 32 2 14
1 10 8 2 14 2 14 2 14 33 33 33
1 13 5 2 14 2 14 2 14 5 19 19 19 19 19
1 14 6 21 38 29 1 49 53 55 56 58 60 61 62 63
1 14 6 21 38 29 1 49 53 55 56 58 60 61 62 63
1 12 32 45 45 45 45 45 45 45 45 45 45 45
1 6 2 14 2 14 2 14
1 6 2 14 2 14 2 14
1 8 2 14 2 14 2 14 2 14
1 4 2 14 2 14
1 4 2 14 2 14
1 8 2 14 2 14 2 14 2 14
1 6 2 14 2 14 2 14
1 4 2 14 2 14
1 6 5 2 14 33 33 33
1 12 4 4 4 4 4 4 4 4 4 4 4 4
1 14 6 21 38 29 1 49 53 55 56 58 60 61 62 63
1 14 6 21 38 29 1 49 53 55 56 58 60 61 62 63
1 12 9 25 25 25 25 25 25 25 25 25 25 25
1 14 6 21 38 29 1 49 53 55 56 58 60 61 62 63
1 11 8 24 24 24 24 24 24 24 24 24 24
1 3 11 11 11
1 13 2 14 33 33 33 33 33 33 33 33 33 33 33
1 12 6 21 39 39 39 39 39 39 39 39 39 39
1 11 6 21 39 39 39 39 39 39 39 39 39
1 14 6 21 38 29 1 49 53 55 56 58 60 61 62 63
1 14 6 21 38 29 1 49 53 55 56 58 60 61 62 63
1 12 6 21 39 39 39 39 39 39 39 39 39 39
1 6 5 2 14 33 33 33
1 12 4 4 4 4 4 4 4 4 4 4 4 4
1 11 6 21 38 29 1 49 53 55 57 57 57
1 5 8 24 24 24 24
1 5 4 4 4 4 4
1 4 2 14 2 14
1 4 2 14 2 14
1 4 2 14 2 14
1 4 2 14 2 14
1 16 2 14 33 33 33 33 33 33 33 33 33 33 33 33 33 33
1 4 2 14 2 14
1 16 2 14 33 33 33 33 33 33 33 33 33 33 33 33 33 33
1 4 2 14 2 14
1 3 3 3 3
1 3 1 12 12
1 25 5 11 29 38 48 48 48 48 48 48 48 48 48 48 48 48 48 48 48 48 48 48 48 48 48
1 5 5 11 29 11 30
1 4 5 2 14 35
1 3 5 11 30
1 5 2 14 5 11 30
1 9 5 11 29 11 30 30 30 30 30
1 4 2 14 33 28
1 13 5 11 29 11 30 30 30 30 30 30 30 30 30
1 28 5 11 29 38 48 48 48 48 48 48 48 48 48 48 48 48 48 48 48 48 48 48 48 48 48 48 48 48
1 20 11 11 29 38 29 11 38 29 11 38 29 38 29 11 30 30 30 30 30 30
1 17 11 11 29 38 29 11 38 29 11 38 29 11 29 38 29 44 44
1 20 11 11 29 38 29 11 38 29 11 38 29 38 29 11 30 30 30 30 30 30
1 22 11 11 29 38 29 11 38 29 11 29 38 29 38 29 11 11 30 30 30 30 30 30
1 9 11 11 29 38 29 11 38 29 11
1 9 11 38 29 38 29 11 38 29 11
1 20 11 11 29 38 29 11 38 29 11 38 29 38 29 11 30 30 30 30 30 30
1 5 2 14 33 33 33
1 6 2 14 2 14 10 28
1 4 10 27 27 27
1 4 2 14 2 14
1 3 2 14 33
1 13 6 22 40 49 53 55 56 58 59 59 59 59 59
1 6 5 11 29 1 13 31
1 11 4 4 4 4 4 4 4 4 4 4 4
1 6 2 14 5 2 14 5
1 3 1 13 31
1 4 2 14 2 14
1 4 2 14 2 14
1 6 2 14 33 33 33 33
1 4 2 14 2 14
1 3 2 14 33
1 3 51 2 14
1 3 51 2 14
1 3 51 2 14
1 3 51 2 14
1 4 4 4 4 4
1 3 51 2 14
1 5 2 14 10 27 27
1 3 4 4 4
1 6 2 14 2 14 2 14
1 16 2 14 2 14 33 33 33 33 33 33 33 33 33 33 33 33
1 4 2 14 10 27
1 5 2 14 14 2 15
1 13 3 18 18 18 18 18 18 18 18 18 18 18 18
1 9 10 27 27 27 27 27 27 27 27
1 4 2 14 2 14
1 3 2 15 15
1 13 6 20 20 20 20 20 20 20 20 20 20 20 20
1 4 2 14 2 14
1 3 1 12 12
1 5 2 14 32 46 46
1 6 7 23 23 23 23 23
1 5 10 27 27 27 27
1 4 5 2 14 10
1 3 2 14 14
1 6 2 14 2 14 2 14
1 4 2 14 2 14
1 4 5 2 14 34
1 5 8 2 14 33 33
1 7 32 47 29 46 50 50 50
1 9 32 47 29 46 50 50 50 50 50
1 7 2 14 2 14 32 46 46
1 5 2 14 33 33 33
1 4 2 14 32 46
1 4 32 46 50 50
1 6 9 2 14 6 1 13
1 12 6 22 40 49 53 55 56 58 60 61 62 63
1 5 2 14 14 5 19
1 8 5 2 14 2 14 6 1 13
1 10 6 22 40 49 53 55 57 57 57 57
1 4 22 41 41 41
1 3 4 4 4
1 3 4 4 4
1 4 2 14 2 14
1 4 2 14 2 14
1 7 2 14 2 14 33 33 33
1 4 2 14 2 14
1 7 2 14 2 14 6 1 13
1 10 22 41 41 41 41 41 41 41 41 41
1 12 6 22 40 49 53 55 56 58 60 61 62 63
1 4 10 26 42 42
1 5 6 10 26 42 42
1 6 1 6 10 26 42 42
1 6 1 6 10 27 27 27
1 3 1 6 20
1 3 10 26 42
1 3 1 6 20
1 3 10 26 42
1 6 1 6 10 26 42 42
1 4 1 6 20 20
1 12 6 22 40 49 53 55 56 58 60 61 62 63
1 12 6 22 40 49 53 55 56 58 60 61 62 63
1 4 10 26 42 42
1 4 6 20 20 20
1 6 1 6 22 41 41 41
1 5 1 6 20 20 20
1 5 1 6 20 20 20
1 5 1 6 20 20 20
1 6 1 6 10 26 42 42
1 3 6 1 13
1 12 6 22 40 49 53 55 56 58 60 61 62 63
1 14 6 21 38 48 48 48 48 48 48 48 48 48 48 48
1 15 2 14 6 22 40 49 53 55 56 58 59 59 59 59 59
1 5 2 15 15 15 15
1 3 2 14 17
1 3 4 4 4
1 3 2 14 14
1 6 2 14 6 1 13 31
1 3 2 14 33
1 3 4 4 4
1 5 2 14 5 19 19
1 5 2 14 5 19 19
1 3 2 14 33
1 3 4 4 4
1 3 2 14 14
1 6 3 3 3 16 3 18
1 5 3 3 16 3 18
1 15 17 2 14 2 14 14 14 14 2 15 15 15 15 15 15
1 14 3 3 3 3 16 3 3 16 3 3 16 36 36 36
1 25 3 17 2 14 14 14 14 14 2 2 14 14 2 14 17 2 14 14 11 29 38 48 48 48 48
1 10 2 2 14 14 17 3 17 3 3 18
1 7 4 4 4 4 4 4 4
1 14 2 14 14 14 14 14 2 2 14 14 11 38 29 44
1 3 3 3 3
1 22 3 3 3 3 16 3 3 16 17 3 3 3 3 17 3 18 18 18 18 18 18 18
1 15 2 15 15 15 15 15 15 15 15 15 15 15 15 15 15
1 23 3 3 3 17 3 16 3 17 3 16 17 37 37 37 37 37 37 37 37 37 37 37 37
1 15 3 17 2 14 33 33 33 33 33 33 33 33 33 33 33
1 11 3 3 3 3 3 3 16 3 3 18 18
1 7 3 3 3 18 18 18 18
1 3 3 3 18
1 14 3 18 18 18 18 18 18 18 18 18 18 18 18 18
1 15 17 3 3 16 3 16 3 3 16 3 17 3 16 3 18
1 22 3 3 3 3 3 3 16 3 16 3 3 3 18 18 18 18 18 18 18 18 18 18
1 11 3 3 16 3 18 18 18 18 18 18 18
1 6 3 17 3 3 3 18
1 26 4 4 4 4 4 4 4 4 4 4 4 4 4 4 4 4 4 4 4 4 4 4 4 4 4 4
1 9 3 3 3 16 3 3 3 3 18
1 5 17 3 3 3 18
1 25 2 14 14 14 14 33 33 33 33 33 33 33 33 33 33 33 33 33 33 33 33 33 33 33 33
1 11 3 3 3 17 3 3 3 3 3 17 37
1 5 4 4 4 4 4
1 23 3 3 3 16 17 3 3 17 2 14 14 17 2 14 2 14 14 14 2 14 2 15 15
1 14 3 16 3 16 3 16 3 3 3 17 37 37 37 37
1 25 3 3 16 3 3 18 18 18 18 18 18 18 18 18 18 18 18 18 18 18 18 18 18 18 18
1 13 3 16 3 17 3 16 3 3 17 3 17 37 37
1 6 3 17 3 3 3 3
1 23 11 29 11 29 44 44 44 44 44 44 44 44 44 44 44 44 44 44 44 44 44 44 44
1 9 3 3 17 3 3 3 16 3 18
1 5 17 3 18 18 18
1 23 4 4 4 4 4 4 4 4 4 4 4 4 4 4 4 4 4 4 4 4 4 4 4
1 10 17 2 14 14 14 2 14 14 17 37
1 7 4 4 4 4 4 4 4
1 29 3 3 16 3 3 3 16 3 3 16 3 17 2 14 14 33 33 33 33 33 33 33 33 33 33 33 33 33 33
1 10 17 3 3 3 3 3 3 16 3 18
1 10 2 15 15 15 15 15 15 15 15 15
1 20 3 3 3 16 3 18 18 18 18 18 18 18 18 18 18 18 18 18 18 18
1 9 2 14 2 14 2 14 14 17 37
1 23 3 3 3 3 3 3 16 17 2 2 15 15 15 15 15 15 15 15 15 15 15 15 15
1 12 17 3 17 3 3 16 36 36 36 36 36 36
1 4 3 17 3 3
1 25 3 3 3 16 3 3 16 3 16 3 3 16 17 2 14 14 2 14 2 14 5 2 14 14 33
1 5 2 14 33 33 28
1 6 11 38 29 44 44 44
1 5 11 30 30 30 30
1 5 2 14 33 33 28
1 3 2 15 15
1 10 11 30 30 30 30 30 30 30 30 30
1 3 6 1 13
1 5 11 38 29 38 29
1 4 1 12 12 12
1 4 2 14 2 14
1 8 5 2 14 6 1 12 12 12
1 4 1 12 12 12
1 4 2 14 2 14
1 8 2 14 2 14 5 19 19 19
1 4 11 29 38 29
1 5 2 14 32 47 52
1 4 2 14 2 14
1 4 2 14 11 29
1 3 2 14 11
1 9 5 2 14 46 50 50 50 50 50
1 8 5 2 14 11 30 30 30 30
1 3 5 2 14
1 4 4 4 4 4
1 17 11 30 30 30 30 30 30 30 30 30 30 30 30 30 30 30 30
1 3 4 4 4
1 3 11 11 11
1 3 11 11 11
1 4 11 11 38 29
1 7 11 11 11 30 30 30 30
1 6 5 2 14 6 1 13
1 11 4 4 4 4 4 4 4 4 4 4 4
1 3 5 2 14
1 4 2 14 32 47
1 5 11 30 30 30 30
1 6 8 2 14 6 1 13
1 10 22 41 41 41 41 41 41 41 41 41
1 3 2 14 2
1 8 2 14 33 33 33 33 33 33
1 7 4 4 4 4 4 4 4
1 3 5 11 30
1 3 22 41 41
1 3 6 1 13
1 3 5 11 30
1 4 2 14 2 14
1 3 4 4 4
