421 59
1 3 1 1 46
1 6 2 11 2 11 2 11
1 13 2 11 2 11 25 38 38 38 38 38 38 38 38
1 6 2 11 2 11 2 11
1 6 2 11 2 11 2 11
1 8 2 11 2 11 2 11 24 24
1 6 2 11 2 11 2 11
1 9 2 11 2 11 2 11 5 16 31
1 8 2 11 2 11 2 11 2 11
1 8 2 11 2 11 2 11 2 11
1 6 2 11 2 11 2 11
1 11 2 11 2 11 4 2 11 4 15 15 15
1 3 5 16 31
1 3 4 2 11
1 5 6 2 11 24 24
1 4 4 2 11 27
1 3 4 2 11
1 6 7 2 11 24 24 24
1 4 2 11 2 11
1 3 6 2 11
1 6 6 2 11 5 16 31
1 15 2 2 11 5 18 1 10 23 37 46 52 56 57 58 59
1 14 2 11 5 19 19 19 19 19 19 52 56 57 58 59
1 4 2 11 2 11
1 4 2 11 2 11
1 4 2 11 2 11
1 10 2 11 24 24 24 24 24 24 24 24
1 6 2 11 2 11 2 11
1 6 2 11 2 11 2 11
1 6 2 11 2 11 2 11
1 6 2 11 2 11 2 11
1 20 2 11 24 24 24 24 24 24 24 24 24 24 24 24 24 24 24 24 24 24
1 8 2 11 2 11 2 11 2 11
1 6 2 11 2 11 2 11
1 8 2 11 2 11 2 11 2 11
1 4 2 11 2 11
1 5 6 2 11 29 42
1 8 2 11 24 24 24 24 24 24
1 3 2 11 4
1 4 2 11 2 11
1 4 2 11 2 11
1 3 2 11 11
1 4 2 11 2 11
1 5 18 35 35 35 35
1 3 3 2 12
1 3 2 11 4
1 3 2 2 11
1 3 2 2 11
1 3 4 2 11
1 3 4 2 11
1 3 2 11 4
1 6 8 21 21 21 21 21
1 3 6 6 6
1 14 2 11 4 15 15 15 15 15 15 15 15 15 15 15
1 6 8 21 21 21 21 21
1 9 18 35 35 35 35 35 35 35 35
1 13 8 22 8 22 36 36 36 36 36 36 36 36 36
1 10 2 11 7 20 20 20 20 20 20 20
1 7 8 21 21 21 21 21 21
1 5 18 35 35 35 35
1 12 8 22 8 21 21 21 21 21 21 21 21 21
1 3 2 11 24
1 9 4 2 11 39 48 48 48 48 48
1 7 6 6 6 6 6 6 6
1 6 25 38 38 38 38 38
1 6 25 22 44 39 50 54
1 6 25 22 44 39 50 54
1 6 25 22 44 39 50 54
1 6 25 22 44 39 50 54
1 5 25 38 38 38 38
1 6 25 22 44 39 50 54
1 6 2 11 25 39 50 54
1 7 2 11 25 38 38 38 38
1 4 6 6 6 6
1 3 8 21 21
1 5 3 13 13 13 13
1 5 3 13 13 13 13
1 3 1 1 46
1 7 4 2 11 2 11 4 15
1 6 2 11 7 2 11 24
1 5 2 11 24 24 24
1 9 2 11 24 24 24 24 24 24 24
1 4 2 11 2 11
1 4 2 11 26 40
1 3 2 11 27
1 4 4 2 11 27
1 6 2 11 25 39 39 49
1 6 2 11 25 39 39 49
1 6 2 11 25 39 39 49
1 5 2 11 5 16 31
1 4 5 19 19 19
1 7 25 39 39 49 53 53 53
1 5 2 11 5 16 31
1 6 2 11 25 39 39 49
1 6 2 11 25 39 39 49
1 6 2 11 25 39 39 49
1 6 2 11 25 39 39 49
1 6 2 11 25 39 39 49
1 6 2 11 25 39 39 49
1 10 2 11 2 11 2 11 4 2 12 12
1 8 2 11 2 11 2 11 2 11
1 8 2 11 2 11 2 11 2 11
1 11 2 11 2 11 4 2 11 4 2 11 4
1 8 2 11 2 11 2 11 2 11
1 8 2 11 2 11 2 11 2 11
1 14 2 11 2 11 4 2 11 2 11 29 42 42 42 42
1 3 6 6 6
1 5 8 11 26 40 40
1 3 5 16 31
1 5 2 11 5 16 31
1 10 2 11 2 11 2 11 4 8 11 4
1 3 5 16 31
1 5 2 11 5 16 31
1 10 2 11 11 28 2 11 4 8 11 4
1 10 2 11 2 11 11 28 2 11 8 11
1 13 2 11 2 11 11 2 11 2 11 4 8 11 4
1 12 2 11 2 11 2 11 11 28 2 11 8 11
1 10 2 11 2 11 11 28 2 11 8 11
1 10 2 11 2 11 11 28 2 11 8 11
1 11 2 11 24 24 24 24 24 24 24 24 24
1 12 2 11 2 11 11 28 11 2 12 12 12 12
1 13 2 11 2 11 11 2 11 2 11 4 8 11 4
1 6 4 8 11 5 16 31
1 4 7 20 20 20
1 4 4 2 11 24
1 6 2 11 2 11 2 11
1 8 2 11 4 2 11 29 42 42
1 4 2 11 2 11
1 8 2 11 8 11 2 11 2 11
1 8 2 11 8 11 2 11 2 11
1 10 2 11 2 11 2 11 2 11 2 11
1 4 2 11 2 11
1 4 2 11 2 11
1 8 2 11 4 2 11 25 22 44
1 4 2 11 8 11
1 6 2 11 4 15 15 15
1 6 4 2 11 2 11 4
1 3 6 6 6
1 4 2 11 29 42
1 3 2 11 24
1 14 1 9 9 9 9 9 9 9 9 9 9 9 9 9
1 5 1 9 9 9 9
1 7 29 42 42 42 42 42 42
1 6 2 11 2 11 2 11
1 6 2 11 2 11 2 11
1 11 2 11 2 11 2 11 2 11 29 42 42
1 6 2 11 2 11 2 11
1 12 2 11 2 11 2 11 2 11 29 42 42 42
1 6 2 11 2 11 2 11
1 4 2 11 24 24
1 3 1 1 46
1 3 4 2 11
1 3 6 2 11
1 4 4 2 11 24
1 3 7 2 11
1 3 6 2 11
1 8 4 2 11 2 11 4 15 15
1 11 2 11 2 11 2 11 39 49 2 12 12
1 11 2 11 2 11 2 11 39 49 2 11 4
1 10 2 11 2 11 2 11 39 49 2 11
1 14 4 2 11 2 11 2 11 24 24 24 24 24 24 24
1 10 2 11 2 11 2 11 39 49 2 11
1 10 2 11 2 11 2 11 39 49 2 11
1 8 2 11 2 11 2 11 39 49
1 4 4 2 11 27
1 5 2 11 2 11 24
1 4 4 15 15 15
1 10 6 2 11 2 11 2 11 24 24 24
1 10 4 2 11 2 11 2 11 4 15 15
1 10 2 11 2 11 2 11 39 49 2 11
1 10 2 11 2 11 2 11 39 49 2 11
1 11 2 11 2 11 2 11 39 49 2 11 11
1 10 2 11 2 11 2 11 39 49 2 11
1 10 7 2 11 2 11 2 11 7 20 20
1 8 2 11 2 11 2 11 39 49
1 14 5 17 34 44 1 10 23 37 46 52 56 57 58 59
1 12 25 38 38 38 38 38 38 38 38 38 38 38
1 6 2 11 2 11 2 11
1 8 2 11 2 11 2 11 2 11
1 4 2 11 2 11
1 6 2 11 2 11 2 11
1 8 2 11 2 11 2 11 2 11
1 7 2 11 2 11 2 11 24
1 4 2 11 2 11
1 14 5 17 34 44 1 10 23 37 46 52 56 57 58 59
1 14 5 17 34 44 1 10 23 37 46 52 56 57 58 59
1 12 6 6 6 6 6 6 6 6 6 6 6 6
1 14 5 17 34 44 1 10 23 37 46 52 56 57 58 59
1 14 5 17 34 44 1 10 23 37 46 52 56 57 58 59
1 3 8 22 8
1 13 2 11 26 40 40 40 40 40 40 40 40 40 40
1 14 5 17 34 44 1 10 23 37 46 52 56 57 58 59
1 12 5 17 33 33 33 33 33 33 33 33 33 33
1 11 5 17 33 33 33 33 33 33 33 33 33
1 14 5 17 34 44 1 10 23 37 46 52 56 57 58 59
1 14 5 17 34 44 1 10 23 37 46 52 56 57 58 59
1 6 4 2 11 24 24 24
1 12 6 6 6 6 6 6 6 6 6 6 6 6
1 11 5 17 34 44 1 10 23 37 47 47 47
1 5 7 20 20 20 20
1 5 6 6 6 6 6
1 8 2 11 26 40 40 40 40 40
1 4 6 6 6 6
1 4 2 11 2 11
1 4 2 11 2 11
1 16 2 11 24 24 24 24 24 24 24 24 24 24 24 24 24 24
1 4 2 11 2 11
1 16 2 11 24 24 24 24 24 24 24 24 24 24 24 24 24 24
1 4 2 11 2 11
1 3 1 1 46
1 25 4 8 11 2 12 12 12 12 12 12 12 12 12 12 12 12 12 12 12 12 12 12 12 12 12
1 5 4 8 11 8 21
1 3 4 8 21
1 5 2 11 4 8 21
1 9 4 8 11 8 21 21 21 21 21
1 11 4 8 11 2 12 12 12 12 12 12 12
1 13 4 8 11 8 21 21 21 21 21 21 21 21 21
1 13 4 8 11 2 12 12 12 12 12 12 12 12 12
1 28 4 8 11 2 12 12 12 12 12 12 12 12 12 12 12 12 12 12 12 12 12 12 12 12 12 12 12 12
1 9 8 22 44 51 51 51 51 51 51
1 5 2 11 26 40 40
1 19 8 2 11 2 11 8 2 11 8 2 11 2 11 8 11 2 11 24 24
1 20 8 22 44 34 44 22 34 44 22 34 44 34 44 22 36 36 36 36 36 36
1 17 8 22 44 34 44 22 34 44 22 34 44 22 44 34 44 51 51
1 19 8 2 11 2 11 8 2 11 8 2 11 24 24 24 24 24 24 24 24
1 22 8 22 44 34 44 22 34 44 22 44 34 44 34 44 22 8 21 21 21 21 21 21
1 9 8 2 11 2 11 8 2 11 8
1 20 8 22 44 34 44 22 34 44 22 34 44 34 44 22 36 36 36 36 36 36
1 20 8 22 44 34 44 22 34 44 22 34 44 34 44 22 36 36 36 36 36 36
1 5 2 11 7 2 11
1 6 2 11 2 11 29 42
1 4 2 11 2 11
1 4 2 11 2 11
1 6 4 2 11 2 11 4
1 4 2 11 2 11
1 4 2 11 11 11
1 3 2 11 24
1 13 5 18 1 10 23 37 46 52 55 55 55 55 55
1 3 1 9 9
1 11 6 2 11 4 2 12 12 12 12 12 12
1 6 2 11 4 2 11 4
1 6 7 20 20 20 20 20
1 7 2 2 11 7 20 20 20
1 3 1 9 9
1 4 2 11 2 11
1 4 2 11 2 11
1 6 2 11 24 24 24 24
1 3 2 11 50
1 4 2 11 2 11
1 5 2 11 24 24 24
1 3 50 2 11
1 3 50 2 11
1 3 50 2 11
1 3 50 2 11
1 3 50 2 11
1 4 2 11 2 11
1 4 2 11 2 11
1 4 6 6 6 6
1 5 2 11 29 42 42
1 3 6 6 6
1 6 2 11 2 11 2 11
1 6 2 11 2 11 2 11
1 16 2 11 2 11 24 24 24 24 24 24 24 24 24 24 24 24
1 8 8 11 2 11 2 11 11 11
1 7 2 11 2 11 11 2 2
1 4 2 11 2 11
1 4 2 11 29 42
1 5 2 11 11 2 12
1 13 3 13 13 13 13 13 13 13 13 13 13 13 13
1 9 29 42 42 42 42 42 42 42 42
1 4 2 11 2 11
1 3 2 12 12
1 13 5 19 19 19 19 19 19 19 52 56 57 58 59
1 4 2 11 2 11
1 3 1 1 46
1 5 2 11 25 39 39
1 6 6 6 6 6 6 6
1 5 29 42 42 42 42
1 4 4 2 11 29
1 3 2 11 11
1 4 2 11 2 11
1 3 2 11 11
1 6 2 11 2 11 2 11
1 4 2 11 2 11
1 5 4 2 11 2 11
1 4 4 2 11 27
1 6 2 11 25 38 38 38
1 9 25 22 44 39 48 48 48 48 48
1 7 2 11 2 11 25 39 39
1 5 2 11 24 24 24
1 4 2 11 25 39
1 8 7 2 11 25 39 48 48 48
1 8 4 2 11 2 11 5 16 31
1 10 5 18 1 10 23 37 47 47 47 47
1 4 18 35 35 35
1 3 6 6 6
1 3 6 6 6
1 4 2 11 2 11
1 7 2 11 2 11 24 24 24
1 4 2 11 11 2
1 4 2 11 2 11
1 7 2 11 2 11 5 16 31
1 10 18 35 35 35 35 35 35 35 35 35
1 4 29 42 42 42
1 5 5 19 19 19 52
1 6 1 5 19 19 19 52
1 6 1 5 19 19 19 52
1 3 1 5 19
1 3 29 42 42
1 3 1 5 19
1 3 29 42 42
1 4 1 5 19 19
1 12 5 18 1 10 23 37 46 52 56 57 58 59
1 12 5 18 1 10 23 37 46 52 56 57 58 59
1 4 29 42 42 42
1 6 1 5 18 35 35 35
1 5 1 5 19 19 52
1 5 1 5 19 19 52
1 6 1 5 19 19 19 52
1 12 5 18 1 10 23 37 46 52 56 57 58 59
1 3 2 11 24
1 14 5 17 34 45 45 45 45 45 45 45 45 45 45 45
1 10 6 6 6 6 6 6 6 6 6 6
1 15 2 11 5 18 1 10 23 37 46 52 55 55 55 55 55
1 5 2 28 41 41 41
1 8 2 11 2 11 2 11 2 11
1 3 2 11 28
1 6 2 11 2 11 5 19
1 3 6 6 6
1 3 2 11 11
1 6 2 11 5 16 31 43
1 5 1 1 1 1 1
1 3 6 2 11
1 3 2 11 24
1 3 2 11 24
1 3 4 15 15
1 3 1 1 46
1 5 3 3 2 11 24
1 14 3 3 3 3 2 11 11 2 11 11 2 2 11 11
1 25 3 14 30 30 30 30 30 30 30 30 30 30 30 30 30 30 30 30 30 30 30 30 30 30 30
1 10 2 2 11 11 28 11 28 11 11 50
1 28 3 2 11 28 11 11 24 24 24 24 24 24 24 24 24 24 24 24 24 24 24 24 24 24 24 24 24 24
1 14 2 11 11 11 11 11 2 2 11 11 8 2 11 11
1 15 2 28 11 2 28 2 11 2 28 11 11 11 28 11 11
1 21 3 3 3 2 11 11 2 11 2 28 11 11 11 2 11 28 11 11 2 11 50
1 11 3 3 3 3 3 3 2 11 11 24 24
1 4 28 2 11 11
1 7 3 3 3 13 13 13 13
1 14 3 13 13 13 13 13 13 13 13 13 13 13 13 13
1 15 28 11 11 2 11 2 11 11 2 11 28 11 2 11 24
1 11 3 3 2 11 8 11 2 11 28 41 41
1 6 3 14 3 3 3 13
1 26 6 6 6 6 6 6 6 6 6 6 2 11 11 11 2 11 11 11 11 11 28 41 41 41 41 41
1 9 3 3 3 2 11 11 11 11 50
1 5 28 11 11 11 4
1 11 3 3 3 14 3 3 3 3 3 14 30
1 5 6 6 6 6 2
1 23 3 3 3 2 28 11 11 28 2 11 11 28 2 11 2 11 11 11 2 11 2 28 41
1 14 3 2 11 2 11 2 11 11 11 28 41 41 41 41
1 25 3 3 2 11 11 24 24 24 24 24 24 24 24 24 24 24 24 24 24 24 24 24 24 24 24
1 13 3 2 11 28 11 2 11 11 28 11 28 41 41
1 6 3 14 3 3 3 3
1 23 8 11 8 11 28 11 2 11 2 11 11 2 11 2 28 11 2 11 28 2 11 28 41
1 9 3 3 14 3 3 3 2 11 50
1 5 28 11 24 24 24
1 23 6 6 6 6 6 6 2 2 11 11 11 2 28 2 11 11 2 11 2 11 2 11 50
1 10 28 2 11 11 11 2 11 11 28 41
1 7 6 6 2 11 11 11 2
1 29 3 3 2 11 11 11 2 11 11 2 11 28 2 11 11 24 24 24 24 24 24 24 24 24 24 24 24 24 24
1 10 28 11 11 11 11 11 11 2 11 50
1 10 2 12 12 12 12 12 12 12 12 12
1 20 3 3 3 2 11 24 24 24 24 24 24 24 24 24 24 24 24 24 24 24
1 9 2 11 2 11 2 11 11 28 41
1 6 6 6 6 2 11 11
1 12 28 11 28 11 11 2 12 12 12 12 12 12
1 4 3 14 3 3
1 19 3 14 30 30 30 30 30 30 30 30 30 30 30 30 30 30 30 30 30
1 6 8 21 21 21 21 21
1 5 2 11 26 40 40
1 5 2 11 24 24 24
1 3 2 12 12
1 3 5 16 31
1 5 8 2 11 2 11
1 4 8 21 21 21
1 7 7 2 11 7 20 20 20
1 4 2 11 2 11
1 8 4 2 11 5 16 32 32 32
1 4 1 9 9 9
1 4 29 42 42 42
1 4 2 11 2 11
1 3 2 12 12
1 8 2 11 2 11 4 15 15 15
1 4 2 11 2 11
1 5 2 11 25 22 36
1 3 2 11 8
1 4 2 11 2 11
1 4 2 11 8 11
1 3 2 11 8
1 9 4 2 11 39 48 48 48 48 48
1 8 4 2 11 8 21 21 21 21
1 3 4 2 11
1 4 8 22 34 44
1 17 8 21 21 21 21 21 21 21 21 21 21 21 21 21 21 21 21
1 3 6 6 6
1 3 8 22 8
1 3 8 22 8
1 7 8 22 8 21 21 21 21
1 6 4 2 11 5 16 31
1 11 6 6 6 6 6 6 6 6 6 6 6
1 3 4 2 11
1 5 8 21 21 21 21
1 10 18 35 35 35 35 35 35 35 35 35
1 16 2 11 4 15 15 15 15 15 15 15 15 15 15 15 15 15
1 13 5 18 1 10 23 37 46 52 55 55 55 55 55
1 12 5 19 19 19 19 19 19 52 56 57 58 59
1 3 4 8 21
1 3 18 35 35
1 3 5 16 31
1 3 4 8 21
1 4 2 11 2 11
1 3 6 6 6
