421 61
1 3 1 1 13
1 6 2 18 36 49 36 49
1 13 2 18 36 49 56 56 56 56 56 56 56 56 56
1 8 6 6 6 6 6 6 6 6
1 6 2 18 36 49 36 49
1 6 2 18 36 49 36 49
1 8 2 18 36 49 36 49 56 56
1 9 2 18 36 49 36 49 56 56 56
1 8 2 18 36 49 36 49 36 49
1 8 2 18 36 49 36 49 36 49
1 6 2 18 36 49 36 49
1 11 2 18 36 49 4 2 18 4 22 22 22
1 3 4 2 18
1 5 6 6 6 6 6
1 4 4 2 18 40
1 3 4 2 18
1 4 7 2 18 5
1 4 2 18 36 49
1 3 8 26 26
1 6 6 6 6 6 6 6
1 13 5 23 23 23 23 23 23 23 23 23 23 23 23
1 15 2 17 17 17 17 17 17 17 17 17 17 17 17 17 17
1 4 2 18 36 49
1 4 2 18 36 49
1 10 2 18 38 38 38 38 38 38 38 38
1 6 2 18 36 49 36 49
1 6 2 18 36 49 36 49
1 6 2 18 36 49 36 49
1 6 2 18 36 49 36 49
1 6 2 18 36 49 36 49
1 6 2 18 36 49 36 49
1 8 2 18 36 49 36 49 36 49
1 6 2 18 36 49 36 49
1 8 2 18 36 49 36 49 36 49
1 7 2 18 38 38 38 38 38
1 4 2 18 36 49
1 4 2 18 36 49
1 6 4 2 18 36 49 4
1 4 2 18 36 49
1 4 2 18 36 49
1 5 6 6 6 6 6
1 5 3 19 41 41 41
1 4 2 18 36 49
1 4 4 2 18 40
1 3 2 18 4
1 3 8 26 26
1 5 9 27 27 27 27
1 3 3 19 41
1 3 2 18 4
1 3 2 17 17
1 3 4 2 18
1 3 2 18 4
1 3 2 18 37
1 3 2 18 49
1 11 2 18 4 11 30 30 30 30 30 30 30
1 5 11 30 30 30 30
1 6 11 30 30 30 30 30
1 11 11 11 30 30 30 30 30 30 30 30 30
1 7 2 18 11 29 45 45 45
1 3 6 6 6
1 3 6 6 6
1 14 2 18 4 22 22 22 22 22 22 22 22 22 22 22
1 9 9 27 27 27 27 27 27 27 27
1 13 11 11 11 11 30 30 30 30 30 30 30 30 30
1 10 2 18 38 38 38 38 38 38 38 38
1 5 9 27 27 27 27
1 12 11 11 11 30 30 30 30 30 30 30 30 30
1 3 11 11 11
1 3 2 18 49
1 3 2 18 38
1 7 5 23 23 23 23 23 23
1 7 6 6 6 6 6 6 6
1 6 37 2 18 38 38 38
1 6 37 11 29 51 58 60
1 6 37 11 29 51 58 60
1 6 37 11 29 51 58 60
1 6 37 11 29 51 58 60
1 6 37 11 29 51 58 60
1 6 37 11 29 51 58 60
1 5 37 50 50 50 50
1 6 37 11 29 51 58 60
1 6 2 18 37 51 58 60
1 7 2 18 37 50 50 50 50
1 4 6 6 6 6
1 6 2 18 37 51 58 60
1 3 11 30 30
1 5 3 20 20 20 20
1 5 3 20 20 20 20
1 5 3 20 20 20 20
1 3 1 1 13
1 6 2 18 38 38 38 38
1 4 2 18 36 49
1 5 2 18 38 38 38
1 5 2 18 38 38 38
1 4 2 18 36 49
1 5 6 6 6 6 6
1 4 2 18 39 52
1 3 2 18 40
1 4 4 2 18 40
1 5 4 22 22 22 22
1 6 2 18 37 51 51 37
1 6 2 18 37 51 51 37
1 6 2 18 37 51 51 37
1 5 2 18 5 1 14
1 4 5 23 23 23
1 7 37 51 51 37 50 50 50
1 6 6 6 6 6 6 6
1 6 2 18 37 51 51 37
1 6 2 18 37 51 51 37
1 6 2 18 37 51 51 37
1 6 2 18 37 51 51 37
1 10 2 18 36 49 36 49 4 2 17 17
1 8 2 18 36 49 36 49 36 49
1 8 2 18 36 49 36 49 36 49
1 8 2 18 36 49 36 49 36 49
1 11 2 18 36 49 4 2 18 4 2 18 4
1 8 2 18 36 49 36 49 36 49
1 8 2 18 36 49 36 49 36 49
1 8 2 18 36 49 36 49 36 49
1 10 2 18 36 49 36 49 4 2 17 17
1 4 4 2 18 38
1 4 7 2 18 38
1 4 5 1 16 16
1 5 11 29 45 45 45
1 5 2 18 5 1 14
1 10 2 18 36 49 36 49 4 11 29 45
1 3 5 1 14
1 5 2 18 5 1 14
1 10 2 18 36 49 3 21 19 3 11 29
1 13 2 18 36 49 3 19 3 19 3 4 11 29 45
1 12 2 18 36 49 36 49 3 21 19 3 11 29
1 10 2 18 36 49 3 21 19 3 11 29
1 10 2 18 36 49 3 21 19 3 11 29
1 10 2 18 36 49 3 21 19 3 11 29
1 12 2 18 36 49 3 21 3 19 41 41 41 41
1 13 2 18 36 49 3 19 3 19 3 4 11 29 45
1 6 4 11 29 45 45 45
1 4 4 2 18 38
1 6 2 18 36 49 36 49
1 4 2 18 36 49
1 8 2 18 11 29 2 18 36 49
1 10 2 18 36 49 36 49 36 49 36 49
1 4 2 18 36 49
1 4 2 18 36 49
1 8 2 18 4 2 18 37 11 29
1 4 2 18 11 29
1 6 2 18 4 22 22 22
1 6 4 2 18 36 49 4
1 3 6 6 6
1 3 10 28 28
1 5 1 16 16 16 16
1 7 10 28 28 28 28 28 28
1 6 2 18 36 49 36 49
1 6 2 18 36 49 36 49
1 6 2 18 36 49 36 49
1 11 2 18 36 49 36 49 36 49 56 56 56
1 6 2 18 36 49 36 49
1 6 2 18 36 49 36 49
1 12 2 18 36 49 36 49 36 49 56 56 56 56
1 6 2 18 36 49 36 49
1 3 10 28 28
1 4 2 18 38 38
1 3 1 1 13
1 3 4 2 18
1 3 7 2 18
1 4 4 2 18 38
1 8 4 2 18 36 49 4 22 22
1 11 2 18 36 49 36 49 51 37 2 17 17
1 10 2 18 36 49 36 49 51 37 2 18
1 14 4 2 18 36 49 36 49 56 56 56 56 56 56 56
1 10 2 18 36 49 36 49 51 37 2 18
1 10 2 18 36 49 36 49 51 37 2 18
1 8 2 18 36 49 36 49 51 37
1 4 4 2 18 40
1 5 2 18 36 49 56
1 4 4 22 22 22
1 10 8 26 26 26 26 26 26 26 26 26
1 10 4 2 18 36 49 36 49 4 22 22
1 9 6 6 6 6 6 6 6 6 6
1 10 2 18 36 49 36 49 51 37 2 18
1 10 2 18 36 49 36 49 51 37 2 18
1 10 7 2 18 36 49 36 49 56 56 56
1 13 4 2 18 36 49 36 49 4 22 22 22 22 22
1 8 2 18 36 49 36 49 51 37
1 14 5 24 44 29 1 15 34 48 13 32 47 54 59 61
1 6 2 18 36 49 36 49
1 8 2 18 36 49 36 49 36 49
1 4 2 18 36 49
1 6 2 18 36 49 36 49
1 6 2 18 36 49 36 49
1 7 2 18 36 49 36 49 56
1 4 2 18 36 49
1 6 4 2 18 38 38 38
1 12 6 6 6 6 6 6 6 6 6 6 6 6
1 14 5 24 44 29 1 15 34 48 13 32 47 54 59 61
1 12 8 26 26 26 26 26 26 26 26 26 26 26
1 14 5 24 44 29 1 15 34 48 13 32 47 54 59 61
1 14 5 24 44 29 1 15 34 48 13 32 47 54 59 61
1 11 7 25 25 25 25 25 25 25 25 25 25
1 13 2 18 39 52 52 52 52 52 52 52 52 52 52
1 14 5 24 44 29 1 15 34 48 13 32 47 54 59 61
1 11 5 24 43 43 43 43 43 43 43 43 43
1 12 5 24 43 43 43 43 43 43 43 43 43 43
1 6 4 2 18 38 38 38
1 12 6 6 6 6 6 6 6 6 6 6 6 6
1 11 5 24 44 29 1 15 34 48 55 55 55
1 8 2 18 39 52 52 52 52 52
1 4 6 6 6 6
1 4 2 18 36 49
1 4 2 18 36 49
1 4 2 18 36 49
1 4 2 18 36 49
1 4 2 18 36 49
1 16 2 18 38 38 38 38 38 38 38 38 38 38 38 38 38 38
1 4 2 18 36 49
1 16 2 18 38 38 38 38 38 38 38 38 38 38 38 38 38 38
1 3 3 3 3
1 3 1 1 13
1 4 4 2 18 38
1 3 4 11 30
1 5 2 18 4 11 30
1 9 4 11 29 45 45 45 45 45 45
1 11 4 11 29 2 17 17 17 17 17 17 17
1 4 2 18 38 38
1 13 4 11 29 45 45 45 45 45 45 45 45 45 45
1 13 4 11 29 2 17 17 17 17 17 17 17 17 17
1 28 4 11 29 2 17 17 17 17 17 17 17 17 17 17 17 17 17 17 17 17 17 17 17 17 17 17 17 17
1 9 11 11 29 45 45 45 45 45 45
1 5 2 18 39 52 52
1 19 11 2 18 36 49 11 2 18 11 2 18 36 49 11 29 2 18 38 38
1 17 11 11 29 2 18 11 2 18 11 2 18 11 29 2 18 38 38
1 19 11 2 18 36 49 11 2 18 11 2 18 38 38 38 38 38 38 38 38
1 20 11 11 29 2 18 11 2 18 11 2 18 36 49 11 30 30 30 30 30 30
1 9 11 11 29 2 18 11 2 18 11
1 9 11 2 18 36 49 11 2 18 11
1 20 11 11 29 2 18 11 2 18 11 2 18 36 49 11 30 30 30 30 30 30
1 5 2 18 38 38 38
1 4 10 28 28 28
1 4 2 18 36 49
1 4 2 18 36 49
1 6 4 2 18 36 49 4
1 4 2 18 36 49
1 4 2 18 49 3
1 6 4 11 29 1 14 33
1 3 1 14 33
1 6 2 18 4 2 18 4
1 6 7 25 25 25 25 25
1 7 2 17 17 17 17 17 17
1 4 2 18 36 49
1 3 2 18 38
1 3 2 18 38
1 5 2 18 38 38 38
1 3 58 2 18
1 3 58 2 18
1 3 58 2 18
1 3 58 2 18
1 4 2 18 36 49
1 4 2 18 36 49
1 3 58 2 18
1 5 2 18 38 38 38
1 3 6 6 6
1 6 2 18 36 49 36 49
1 6 2 18 36 49 36 49
1 16 2 18 36 49 56 56 56 56 56 56 56 56 56 56 56 56
1 8 11 29 2 18 36 49 3 3
1 7 2 18 36 49 3 19 19
1 4 2 18 36 49
1 13 3 4 2 17 17 17 17 17 17 17 17 17 17
1 4 2 18 36 49
1 3 2 17 17
1 13 5 23 23 23 23 23 23 23 23 23 23 23 23
1 4 2 18 36 49
1 3 1 1 13
1 5 2 18 37 51 51
1 5 10 28 28 28 28
1 4 4 2 18 38
1 3 2 18 49
1 4 2 18 36 49
1 6 2 18 36 49 36 49
1 4 2 18 36 49
1 5 4 2 18 36 49
1 5 7 2 18 38 38
1 7 37 11 29 51 57 57 57
1 6 2 18 37 2 18 38
1 9 37 11 29 51 57 57 57 57 57
1 7 2 18 36 49 56 56 56
1 4 37 51 57 57
1 6 8 26 26 26 26 26
1 8 7 2 18 37 51 57 57 57
1 12 5 9 1 15 34 48 13 32 47 54 59 61
1 5 2 18 49 4 22
1 8 4 2 18 36 49 56 56 56
1 4 9 27 27 27
1 3 6 6 6
1 4 2 18 36 49
1 7 2 18 36 49 56 56 56
1 4 2 18 49 36
1 7 2 18 36 49 56 56 56
1 12 5 9 1 15 34 48 13 32 47 54 59 61
1 4 10 15 35 35
1 5 5 10 15 35 35
1 6 1 5 10 15 35 35
1 6 1 5 10 28 28 28
1 3 1 5 23
1 3 10 15 35
1 3 10 15 35
1 6 1 5 10 15 35 35
1 12 5 9 1 15 34 48 13 32 47 54 59 61
1 4 10 15 35 35
1 4 5 23 23 23
1 5 1 5 23 23 23
1 5 1 5 23 23 23
1 6 1 5 10 15 35 35
1 3 5 1 14
1 12 5 9 1 15 34 48 13 32 47 54 59 61
1 3 2 18 38
1 14 5 24 44 53 53 53 53 53 53 53 53 53 53 53
1 10 6 6 6 6 6 6 6 6 6 6
1 15 2 18 5 9 1 15 34 48 13 32 46 46 46 46 46
1 8 2 18 36 49 36 49 36 49
1 3 2 18 38
1 6 2 18 36 49 56 56
1 5 1 1 1 1 1
1 3 2 18 38
1 3 6 6 6
1 5 2 18 4 22 22
1 5 2 18 4 22 22
1 3 6 6 6
1 3 2 18 49
1 3 2 18 38
1 3 4 22 22
1 3 1 1 13
1 6 3 3 3 19 3 20
1 5 3 3 19 3 20
1 15 21 19 3 19 3 3 3 3 19 41 41 41 41 41 41
1 14 3 3 3 3 19 3 3 19 3 3 19 19 3 3
1 25 3 21 19 3 3 3 3 3 19 19 3 3 19 3 21 19 3 3 11 29 2 17 17 17 17
1 10 2 17 17 17 17 17 17 17 17 17
1 7 12 31 31 31 31 31 31
1 28 3 19 3 21 3 3 20 20 20 19 3 19 3 21 19 3 19 21 3 20 19 21 3 19 3 19 3 20
1 3 3 3 3
1 22 3 3 3 3 19 3 3 19 21 3 3 3 3 21 3 20 20 19 3 19 3 20
1 23 3 3 3 21 3 19 3 21 3 19 21 42 42 42 42 42 42 42 42 42 42 42 42
1 15 3 21 19 3 20 20 19 3 21 3 3 3 3 3 3
1 21 3 3 3 19 3 3 19 3 19 21 3 3 3 19 3 21 3 3 19 3 20
1 11 3 3 3 3 3 3 19 3 3 20 20
1 4 21 19 3 3
1 7 3 3 3 20 20 20 20
1 3 3 3 20
1 14 3 20 20 20 20 19 3 21 3 20 20 19 3 20
1 15 21 3 3 19 3 19 3 3 19 3 21 3 19 3 20
1 22 3 3 3 3 3 3 19 3 19 3 3 3 20 20 20 20 19 3 19 3 21 42
1 11 3 3 19 3 11 29 2 18 38 38 38
1 26 6 6 6 6 6 6 6 6 6 6 6 6 6 6 6 6 6 6 6 6 6 6 6 6 6 6
1 9 3 3 3 19 3 3 3 3 20
1 5 21 3 3 3 4
1 25 2 18 49 3 3 20 20 20 20 19 21 42 42 42 42 42 42 42 42 42 42 42 42 42 42
1 11 3 3 3 21 3 3 3 3 3 21 42
1 5 12 31 31 31 31
1 23 3 3 3 19 21 3 3 21 19 3 3 21 19 3 19 3 3 3 19 3 19 21 42
1 14 3 19 3 19 3 19 3 3 3 21 42 42 42 42
1 25 3 3 19 3 3 20 20 20 20 20 19 3 21 3 19 3 19 3 3 3 3 20 19 3 20
1 13 3 19 3 21 3 19 3 3 21 3 21 42 42
1 9 3 3 21 3 3 3 19 3 20
1 5 21 3 20 20 20
1 23 6 6 6 6 6 6 6 6 6 6 6 6 6 6 6 6 6 6 6 6 6 6 6
1 7 12 31 31 31 31 31 31
1 29 3 3 19 3 3 3 19 3 3 19 3 21 19 3 3 20 20 19 3 3 3 19 21 3 3 19 41 41 41
1 10 21 3 3 3 3 3 3 19 3 20
1 10 2 17 17 17 17 17 17 17 17 17
1 20 3 3 3 19 3 20 20 20 19 21 42 42 42 42 42 42 42 42 42 42
1 9 2 18 36 49 36 49 3 21 42
1 6 12 31 31 31 31 31
1 23 3 3 3 3 3 3 19 21 19 19 21 3 3 20 20 19 3 3 19 3 3 19 41
1 25 3 3 3 19 3 3 19 3 19 3 3 19 21 19 3 3 19 3 19 3 4 2 18 49 56
1 19 3 21 19 19 19 3 3 21 19 21 3 11 29 45 45 45 45 45 45
1 6 11 30 30 30 30 30
1 5 2 18 39 52 52
1 6 11 2 18 4 22 22
1 5 11 30 30 30 30
1 5 2 18 38 38 38
1 3 2 17 17
1 10 11 30 30 30 30 30 30 30 30 30
1 4 11 30 30 30
1 7 7 2 18 38 38 38 38
1 4 1 16 16 16
1 8 4 2 18 5 1 16 16 16
1 4 1 16 16 16
1 4 10 28 28 28
1 3 2 17 17
1 8 2 18 36 49 4 22 22 22
1 4 2 18 36 49
1 4 11 29 2 18
1 5 2 18 37 11 30
1 3 2 18 11
1 4 2 18 36 49
1 4 2 18 36 49
1 3 2 18 11
1 9 4 2 18 38 38 38 38 38 38
1 3 4 2 18
1 4 12 31 31 31
1 4 11 11 2 18
1 17 11 30 30 30 30 30 30 30 30 30 30 30 30 30 30 30 30
1 3 6 6 6
1 4 11 11 2 18
1 6 4 2 18 5 1 14
1 4 2 18 37 11
1 5 11 30 30 30 30
1 6 7 2 18 5 1 14
1 10 9 27 27 27 27 27 27 27 27 27
1 16 2 18 4 22 22 22 22 22 22 22 22 22 22 22 22 22
1 13 5 9 1 15 34 48 13 32 46 46 46 46 46
1 12 5 23 23 23 23 23 23 23 23 23 23 23
1 3 2 18 36
1 8 2 18 38 38 38 38 38 38
1 7 6 6 6 6 6 6 6
1 3 4 11 30
1 3 9 27 27
1 3 5 1 14
1 4 2 18 36 49
1 3 6 6 6
