432 55
1 6 1 10 1 10 1 10
1 8 3 3 3 1 10 39 25 1
1 6 1 10 1 10 1 10
1 6 1 10 1 10 1 10
1 8 1 10 1 10 1 10 26 26
1 6 1 10 1 10 1 10
1 9 1 10 1 10 1 10 4 5 17
1 8 1 10 1 10 1 10 1 10
1 6 1 10 1 10 1 10
1 11 1 10 1 10 6 1 10 6 19 19 19
1 3 4 5 17
1 3 6 1 10
1 6 7 1 10 26 26 26
1 4 7 1 10 4
1 6 3 1 10 4 5 17
1 13 4 13 13 13 18 33 42 47 50 52 53 54 55
1 14 1 10 4 13 13 18 33 42 47 50 52 53 54 55
1 4 1 10 1 10
1 4 1 10 1 10
1 4 1 10 1 10
1 6 1 10 1 10 1 10
1 6 1 10 1 10 1 10
1 6 1 10 1 10 1 10
1 20 1 10 26 26 26 26 26 26 26 26 26 26 26 26 26 26 26 26 26 26
1 8 1 10 1 10 1 10 1 10
1 8 1 10 1 10 1 10 1 10
1 7 1 10 39 25 1 10 6
1 4 1 10 1 10
1 4 1 10 1 10
1 6 6 1 10 1 10 6
1 4 1 10 1 10
1 4 1 10 1 10
1 5 2 1 11 11 11
1 4 1 10 1 10
1 8 1 10 26 26 26 26 26 26
1 4 6 1 10 26
1 3 1 10 6
1 3 3 1 10
1 4 1 10 1 10
1 4 1 10 1 10
1 3 1 10 10
1 4 1 10 1 10
1 5 15 31 31 31 31
1 3 1 10 6
1 3 1 1 10
1 3 1 1 10
1 3 6 1 10
1 3 1 10 25
1 3 1 10 10
1 11 1 10 6 9 23 23 23 23 23 23 23
1 5 9 23 23 23 23
1 11 9 9 23 23 23 23 23 23 23 23 23
1 7 1 10 9 22 36 36 36
1 3 3 3 3
1 3 3 3 3
1 14 1 10 6 19 19 19 19 19 19 19 19 19 19 19
1 6 9 23 23 23 23 23
1 9 15 31 31 31 31 31 31 31 31
1 13 9 9 9 9 23 23 23 23 23 23 23 23 23
1 10 1 10 7 20 20 20 20 20 20 20
1 7 9 23 23 23 23 23 23
1 5 15 31 31 31 31
1 12 9 9 9 23 23 23 23 23 23 23 23 23
1 3 9 9 9
1 3 1 10 10
1 9 6 1 10 39 45 45 45 45 45
1 7 4 13 13 13 18 34 34
1 7 3 3 3 3 3 3 3
1 6 25 1 10 39 46 49
1 6 25 9 22 39 46 49
1 6 25 9 22 39 46 49
1 6 25 9 22 39 46 49
1 6 25 9 22 39 46 49
1 6 25 9 22 39 46 49
1 5 25 38 38 38 38
1 6 25 9 22 39 46 49
1 6 25 9 22 39 46 49
1 6 1 10 25 39 46 49
1 6 1 10 25 39 46 49
1 7 1 10 25 38 38 38 38
1 4 3 3 3 3
1 6 1 10 25 39 46 49
1 3 9 23 23
1 5 2 12 12 12 12
1 5 2 12 12 12 12
1 3 5 16 16
1 7 6 1 10 1 10 6 19
1 6 1 10 7 1 10 26
1 4 1 10 1 10
1 5 1 10 26 26 26
1 9 1 10 26 26 26 26 26 26 26
1 5 3 1 10 8 21
1 4 1 10 28 41
1 3 1 10 26
1 5 6 19 19 19 19
1 6 1 10 25 39 39 25
1 5 1 10 4 5 17
1 4 4 13 13 13
1 7 25 39 39 25 38 38 38
1 5 1 10 4 5 17
1 6 3 3 3 3 3 3
1 6 1 10 25 39 39 25
1 6 1 10 25 39 39 25
1 6 1 10 25 39 39 25
1 6 1 10 25 39 39 25
1 10 1 10 1 10 1 10 6 1 11 11
1 8 1 10 1 10 1 10 1 10
1 8 1 10 1 10 1 10 1 10
1 8 1 10 1 10 1 10 1 10
1 8 1 10 1 10 1 10 1 10
1 11 1 10 1 10 6 1 10 6 1 10 6
1 8 1 10 1 10 1 10 1 10
1 8 1 10 1 10 1 10 1 10
1 10 1 10 1 10 1 10 6 1 11 11
1 14 1 10 1 10 6 1 10 1 10 8 21 21 21 21
1 4 6 1 10 26
1 4 7 1 10 26
1 4 4 5 16 16
1 5 9 22 36 36 36
1 3 3 3 3
1 5 9 22 36 36 36
1 3 4 5 17
1 5 1 10 4 5 17
1 10 1 10 1 10 1 10 6 9 22 36
1 3 4 5 17
1 5 1 10 4 5 17
1 10 1 10 10 27 1 10 6 9 22 36
1 10 1 10 1 10 10 27 1 10 9 22
1 13 1 10 1 10 10 1 10 1 10 6 9 22 36
1 10 1 10 1 10 10 27 1 10 9 22
1 10 1 10 1 10 10 27 1 10 9 22
1 10 1 10 1 10 10 27 1 10 9 22
1 11 1 10 26 26 26 26 26 26 26 26 26
1 12 1 10 1 10 10 27 2 1 11 11 11 11
1 6 6 9 22 36 36 36
1 4 7 20 20 20
1 8 1 10 6 1 10 8 21 21
1 4 1 10 1 10
1 8 1 10 9 22 35 22 35 22
1 8 1 10 9 22 35 22 35 22
1 4 1 10 1 10
1 8 1 10 6 1 10 25 9 22
1 4 1 10 9 22
1 6 6 1 10 1 10 6
1 3 3 3 3
1 3 8 21 21
1 4 1 10 8 21
1 3 1 10 26
1 14 5 16 16 16 16 16 16 16 16 16 16 16 16 16
1 6 1 10 1 10 1 10
1 6 1 10 1 10 1 10
1 6 1 10 1 10 1 10
1 6 1 10 1 10 1 10
1 6 1 10 1 10 1 10
1 6 1 10 1 10 1 10
1 12 1 10 1 10 1 10 1 10 8 21 21 21
1 6 1 10 1 10 1 10
1 3 8 21 21
1 4 1 10 26 26
1 3 5 16 16
1 3 3 1 10
1 4 6 1 10 26
1 3 3 1 10
1 4 6 1 10 26
1 8 6 1 10 1 10 6 19 19
1 11 1 10 1 10 1 10 39 25 1 11 11
1 11 1 10 1 10 1 10 39 25 1 10 6
1 14 6 1 10 1 10 1 10 26 26 26 26 26 26 26
1 10 1 10 1 10 1 10 39 25 1 10
1 4 6 1 10 26
1 4 6 19 19 19
1 10 6 1 10 1 10 1 10 6 19 19
1 9 3 1 10 10 1 10 28 41 41
1 10 1 10 1 10 1 10 39 25 1 10
1 10 1 10 1 10 1 10 39 25 1 10
1 11 1 10 1 10 1 10 39 25 1 10 10
1 13 6 1 10 1 10 1 10 6 19 19 19 19 19
1 8 1 10 1 10 1 10 39 25
1 14 4 14 35 22 5 18 33 42 47 50 52 53 54 55
1 14 4 14 35 22 5 18 33 42 47 50 52 53 54 55
1 12 25 38 38 38 38 38 38 38 38 38 38 38
1 6 1 10 1 10 1 10
1 6 1 10 1 10 1 10
1 8 1 10 1 10 1 10 1 10
1 4 1 10 1 10
1 4 1 10 1 10
1 6 1 10 1 10 1 10
1 8 1 10 1 10 1 10 1 10
1 6 1 10 1 10 1 10
1 7 1 10 1 10 1 10 26
1 4 1 10 1 10
1 6 6 1 10 26 26 26
1 12 3 3 3 3 3 3 3 3 3 3 3 3
1 14 4 14 35 22 5 18 33 42 47 50 52 53 54 55
1 14 4 14 35 22 5 18 33 42 47 50 52 53 54 55
1 12 3 3 3 3 3 3 3 3 3 3 3 3
1 14 4 14 35 22 5 18 33 42 47 50 52 53 54 55
1 11 7 20 20 20 20 20 20 20 20 20 20
1 3 9 9 9
1 13 1 10 28 41 41 41 41 41 41 41 41 41 41
1 14 4 14 35 22 5 18 33 42 47 50 52 53 54 55
1 12 4 14 29 29 29 29 29 29 29 29 29 29
1 11 4 14 29 29 29 29 29 29 29 29 29
1 14 4 14 35 22 5 18 33 42 47 50 52 53 54 55
1 14 4 14 35 22 5 18 33 42 47 50 52 53 54 55
1 12 4 14 29 29 29 29 29 29 29 29 29 29
1 11 4 14 35 22 5 18 33 42 48 48 48
1 5 7 20 20 20 20
1 5 3 3 3 3 3
1 8 1 10 28 41 41 41 41 41
1 4 3 3 3 3
1 4 1 10 1 10
1 4 1 10 1 10
1 4 1 10 1 10
1 4 1 10 1 10
1 16 1 10 26 26 26 26 26 26 26 26 26 26 26 26 26 26
1 4 1 10 1 10
1 3 2 2 2
1 25 6 9 22 35 43 43 43 43 43 43 43 43 43 43 43 43 43 43 43 43 43 43 43 43 43
1 5 6 9 22 9 23
1 4 6 1 10 26
1 3 6 9 23
1 9 6 9 22 9 23 23 23 23 23
1 11 6 9 22 35 43 43 43 43 43 43 43
1 4 1 10 26 26
1 13 6 9 22 35 43 43 43 43 43 43 43 43 43
1 28 6 9 22 35 43 43 43 43 43 43 43 43 43 43 43 43 43 43 43 43 43 43 43 43 43 43 43 43
1 9 9 9 22 36 36 36 36 36 36
1 5 1 10 28 41 41
1 19 9 35 22 35 22 9 35 22 9 35 22 35 22 9 22 35 22 36 36
1 20 9 9 22 35 22 9 35 22 9 35 22 35 22 9 24 37 44 37 24 37
1 19 9 35 22 35 22 9 35 22 9 35 22 36 36 36 36 36 36 36 36
1 20 9 9 22 35 22 9 35 22 9 35 22 35 22 9 24 37 44 37 24 37
1 22 9 9 22 35 22 9 35 22 9 22 35 22 35 22 9 9 24 37 44 37 24 37
1 9 9 9 22 35 22 9 35 22 9
1 9 9 35 22 35 22 9 35 22 9
1 20 9 9 22 35 22 9 35 22 9 35 22 35 22 9 24 37 44 37 24 37
1 20 9 9 22 35 22 9 35 22 9 35 22 35 22 9 24 37 44 37 24 37
1 5 1 10 7 1 10
1 6 1 10 1 10 8 21
1 4 8 21 21 21
1 4 1 10 1 10
1 4 1 10 1 10
1 6 6 1 10 1 10 6
1 4 1 10 10 10
1 3 1 10 26
1 13 4 15 30 18 33 42 47 50 51 51 51 51 51
1 6 6 9 22 5 17 32
1 3 5 17 32
1 11 3 1 10 6 1 11 11 11 11 11 11
1 6 7 20 20 20 20 20
1 7 1 1 10 7 20 20 20
1 3 5 17 32
1 4 1 10 1 10
1 6 1 10 26 26 26 26
1 3 1 10 46
1 4 1 10 1 10
1 3 1 10 46
1 5 1 10 26 26 26
1 3 46 1 10
1 3 46 1 10
1 3 46 1 10
1 3 46 1 10
1 4 1 10 1 10
1 4 1 10 1 10
1 4 3 3 3 3
1 3 46 1 10
1 3 3 3 3
1 6 1 10 1 10 1 10
1 6 1 10 1 10 1 10
1 8 9 22 35 22 35 22 36 36
1 7 1 10 1 10 10 1 1
1 4 1 10 1 10
1 4 1 10 8 21
1 5 1 10 10 1 11
1 13 2 12 12 12 12 12 12 12 12 12 12 12 12
1 9 8 21 21 21 21 21 21 21 21
1 4 1 10 1 10
1 3 1 11 11
1 13 4 13 13 13 18 33 42 47 50 52 53 54 55
1 4 1 10 1 10
1 6 3 3 3 3 3 3
1 3 1 10 10
1 4 1 10 1 10
1 3 1 10 10
1 5 6 1 10 1 10
1 4 6 1 10 26
1 5 7 1 10 26 26
1 7 25 9 22 39 45 45 45
1 6 1 10 25 1 10 39
1 9 25 9 22 39 45 45 45 45 45
1 5 1 10 26 26 26
1 4 1 10 25 39
1 4 25 39 45 45
1 6 3 1 10 4 5 17
1 8 7 1 10 25 39 45 45 45
1 12 4 15 30 18 33 42 47 50 52 53 54 55
1 5 1 10 10 6 19
1 10 4 15 30 18 33 42 48 48 48 48
1 3 3 3 3
1 3 3 3 3
1 4 1 10 1 10
1 4 1 10 1 10
1 4 1 10 10 1
1 4 1 10 1 10
1 7 1 10 1 10 4 5 17
1 10 15 31 31 31 31 31 31 31 31 31
1 12 4 15 30 18 33 42 47 50 52 53 54 55
1 5 4 13 18 34 34
1 6 5 4 13 18 34 34
1 3 8 21 21
1 3 5 4 13
1 6 5 4 13 18 34 34
1 4 5 4 13 13
1 12 4 15 30 18 33 42 47 50 52 53 54 55
1 4 8 21 21 21
1 4 4 13 18 34
1 6 5 4 15 31 31 31
1 5 5 4 13 13 13
1 5 5 4 13 18 34
1 5 5 4 13 13 13
1 3 4 5 17
1 12 4 15 30 18 33 42 47 50 52 53 54 55
1 3 1 10 26
1 14 4 14 35 43 43 43 43 43 43 43 43 43 43 43
1 10 3 3 3 3 3 3 3 3 3 3
1 15 1 10 4 15 30 18 33 42 47 50 51 51 51 51 51
1 5 1 27 40 40 40
1 8 1 10 1 10 1 10 1 10
1 3 1 10 27
1 6 1 10 1 10 4 13
1 3 3 3 3
1 3 1 10 10
1 6 1 10 4 5 17 32
1 5 5 16 16 16 16
1 3 1 10 26
1 3 3 1 10
1 5 1 10 6 19 19
1 5 1 10 6 19 19
1 3 1 10 26
1 3 3 3 3
1 3 1 10 10
1 3 1 10 26
1 3 6 19 19
1 3 5 16 16
1 6 2 2 2 1 10 26
1 15 27 1 10 1 10 10 10 10 1 11 11 11 11 11 11
1 25 2 27 1 10 10 10 10 10 1 1 10 10 1 10 27 1 10 10 9 22 35 43 43 43 43
1 10 1 1 10 10 27 2 27 2 2 12
1 7 3 3 3 1 10 26 26
1 28 2 1 10 27 2 2 12 12 12 12 12 12 12 12 12 12 12 12 12 12 12 12 12 12 12 12 12 12
1 14 1 10 10 10 10 10 1 1 10 10 9 35 22 36
1 3 2 2 2
1 22 2 2 2 2 1 10 10 1 27 2 2 2 2 27 2 12 12 12 12 12 12 12
1 15 1 27 2 1 27 1 10 1 27 2 2 2 27 2 2
1 23 2 2 2 27 2 1 10 27 2 1 27 40 40 40 40 40 40 40 40 40 40 40 40
1 15 2 27 1 10 26 26 26 26 26 26 26 26 26 26 26
1 21 2 2 2 1 10 10 1 10 1 27 2 2 2 1 10 27 2 2 1 10 46
1 11 2 2 2 2 2 2 1 10 10 26 26
1 4 27 1 10 10
1 3 2 2 12
1 14 2 12 12 12 12 12 12 12 12 12 12 12 12 12
1 15 27 2 2 1 10 1 10 10 1 10 27 2 1 10 26
1 22 2 2 2 2 2 2 1 10 1 10 10 10 26 26 26 26 26 26 26 26 26 26
1 6 2 27 2 2 2 12
1 26 3 3 3 3 3 3 3 3 3 3 1 10 10 10 1 10 10 10 10 10 27 40 40 40 40 40
1 9 2 2 2 1 10 10 10 10 46
1 5 27 2 2 2 12
1 25 1 10 10 10 10 26 26 26 26 26 26 26 26 26 26 26 26 26 26 26 26 26 26 26 26
1 11 2 2 2 27 2 2 2 2 2 27 40
1 23 2 2 2 1 27 2 2 27 1 10 10 27 1 10 1 10 10 10 1 10 1 27 40
1 14 2 1 10 1 10 1 10 10 10 27 40 40 40 40
1 25 2 2 1 10 10 26 26 26 26 26 26 26 26 26 26 26 26 26 26 26 26 26 26 26 26
1 6 2 27 2 2 2 2
1 23 9 22 9 22 36 36 36 36 36 36 36 36 36 36 36 36 36 36 36 36 36 36 36
1 5 27 2 12 12 12
1 23 3 3 3 3 3 3 1 1 10 10 10 1 27 1 10 10 1 10 1 10 1 10 46
1 10 27 1 10 10 10 1 10 10 27 40
1 7 3 3 1 10 10 10 1
1 10 1 11 11 11 11 11 11 11 11 11
1 6 3 3 3 1 10 10
1 23 2 2 2 2 2 2 1 27 1 1 27 2 2 12 12 12 12 12 12 12 12 12 12
1 12 27 2 27 2 2 1 11 11 11 11 11 11
1 4 2 27 2 2
1 25 2 2 2 1 10 10 1 10 1 10 10 1 27 1 10 10 1 10 1 10 6 1 10 10 46
1 19 2 27 1 1 1 10 10 27 1 27 2 12 12 12 12 12 12 12 12
1 6 9 23 23 23 23 23
1 6 9 35 22 36 36 36
1 5 9 23 23 23 23
1 10 9 23 23 23 23 23 23 23 23 23
1 3 4 5 17
1 5 9 35 22 35 22
1 4 9 23 23 23
1 7 7 1 10 7 20 20 20
1 4 5 16 16 16
1 4 1 10 1 10
1 8 6 1 10 4 5 16 16 16
1 4 5 16 16 16
1 4 8 21 21 21
1 4 1 10 1 10
1 3 1 11 11
1 8 1 10 1 10 6 19 19 19
1 4 1 10 1 10
1 4 9 22 35 22
1 5 1 10 25 9 23
1 3 1 10 9
1 4 1 10 1 10
1 4 1 10 1 10
1 4 1 10 9 22
1 3 1 10 9
1 8 6 1 10 9 23 23 23 23
1 4 3 3 1 10
1 4 9 9 35 22
1 3 9 9 9
1 3 9 9 9
1 4 9 9 35 22
1 7 9 9 9 23 23 23 23
1 11 3 3 3 3 3 3 3 3 3 3 3
1 3 6 1 10
1 4 1 10 25 9
1 5 9 23 23 23 23
1 6 7 1 10 4 5 17
1 10 15 31 31 31 31 31 31 31 31 31
1 16 1 10 6 19 19 19 19 19 19 19 19 19 19 19 19 19
1 13 4 15 30 18 33 42 47 50 51 51 51 51 51
1 12 4 13 13 18 33 42 47 50 52 53 54 55
1 3 1 10 1
1 8 1 10 26 26 26 26 26 26
1 7 3 3 3 3 3 3 3
1 3 6 9 23
1 3 4 5 17
1 3 6 9 23
