443 61
1 3 1 1 54
1 6 2 14 29 39 29 39
1 13 2 14 29 39 46 46 46 46 46 46 46 46 46
1 8 4 4 4 2 14 31 31 31
1 6 2 14 29 39 29 39
1 8 2 14 29 39 29 39 46 46
1 6 2 14 29 39 29 39
1 8 2 14 29 39 29 39 29 39
1 8 2 14 29 39 29 39 29 39
1 6 2 14 29 39 29 39
1 11 2 14 29 39 5 2 14 5 18 18 18
1 3 6 1 13
1 5 7 2 14 31 31
1 4 5 2 14 32
1 3 5 2 14
1 6 8 2 14 31 31 31
1 4 8 2 14 6
1 4 2 14 29 39
1 3 9 2 14
1 6 4 2 14 6 1 13
1 13 6 19 19 19 19 19 19 19 56 58 59 60 61
1 15 2 2 14 6 21 49 51 52 53 54 56 58 59 60 61
1 14 2 14 6 19 19 19 19 19 19 56 58 59 60 61
1 4 2 14 29 39
1 10 2 14 31 31 31 31 31 31 31 31
1 6 2 14 29 39 29 39
1 6 2 14 29 39 29 39
1 6 2 14 29 39 29 39
1 6 2 14 29 39 29 39
1 6 2 14 29 39 29 39
1 20 2 14 31 31 31 31 31 31 31 31 31 31 31 31 31 31 31 31 31 31
1 8 2 14 29 39 29 39 29 39
1 6 2 14 29 39 29 39
1 7 2 14 31 31 31 31 31
1 4 2 14 29 39
1 4 2 14 29 39
1 6 5 2 14 29 39 5
1 4 2 14 29 39
1 4 2 14 29 39
1 5 7 2 14 10 24
1 5 3 2 15 15 15
1 4 2 14 29 39
1 8 2 14 31 31 31 31 31 31
1 4 5 2 14 32
1 3 2 14 5
1 3 9 2 14
1 4 2 14 29 39
1 4 2 14 29 39
1 3 2 14 3
1 4 2 14 29 39
1 3 3 2 15
1 3 2 14 5
1 3 2 2 14
1 3 5 2 14
1 3 5 2 14
1 3 2 14 5
1 3 2 14 30
1 3 2 14 3
1 11 2 14 5 11 26 26 26 26 26 26 26
1 5 11 26 26 26 26
1 6 11 26 26 26 26 26
1 11 11 11 26 26 26 26 26 26 26 26 26
1 7 2 14 11 25 38 38 38
1 3 4 4 4
1 3 4 4 4
1 14 2 14 5 18 18 18 18 18 18 18 18 18 18 18
1 6 11 26 26 26 26 26
1 13 11 11 11 11 26 26 26 26 26 26 26 26 26
1 7 11 26 26 26 26 26 26
1 3 11 11 11
1 3 2 14 3
1 3 2 14 31
1 9 5 2 14 31 31 31 31 31 31
1 7 6 19 19 19 19 19 19
1 7 4 4 4 4 4 4 4
1 6 30 43 25 42 48 50
1 6 30 43 25 42 48 50
1 6 30 43 25 42 48 50
1 6 30 43 25 42 48 50
1 6 30 43 25 42 48 50
1 6 30 43 25 42 48 50
1 6 30 43 25 42 48 50
1 6 30 43 25 42 48 50
1 6 2 14 30 42 48 50
1 6 2 14 30 42 48 50
1 4 4 4 4 4
1 6 2 14 30 42 48 50
1 3 11 26 26
1 5 3 16 16 16 16
1 5 3 16 16 16 16
1 3 1 1 54
1 7 5 2 14 29 39 5 18
1 6 2 14 31 31 31 31
1 4 2 14 29 39
1 5 2 14 31 10 24
1 5 2 14 31 10 24
1 9 2 14 31 31 31 31 31 31 31
1 4 2 14 29 39
1 5 7 2 14 10 24
1 3 2 14 32
1 4 5 2 14 32
1 5 5 18 18 18 18
1 6 2 14 30 42 42 30
1 6 2 14 30 42 42 30
1 6 2 14 30 42 42 30
1 4 6 19 19 19
1 7 30 42 42 30 41 41 41
1 5 2 14 6 1 13
1 6 4 4 4 4 4 4
1 6 2 14 30 42 42 30
1 6 2 14 30 42 42 30
1 6 2 14 30 42 42 30
1 6 2 14 30 42 42 30
1 6 2 14 30 42 42 30
1 6 2 14 30 42 42 30
1 10 2 14 29 39 29 39 5 2 15 15
1 8 2 14 29 39 29 39 29 39
1 8 2 14 29 39 29 39 29 39
1 8 2 14 29 39 29 39 29 39
1 11 2 14 29 39 5 2 14 5 2 14 5
1 8 2 14 29 39 29 39 29 39
1 8 2 14 29 39 29 39 29 39
1 8 2 14 29 39 29 39 29 39
1 10 2 14 29 39 29 39 5 2 15 15
1 14 2 14 29 39 5 2 14 29 39 46 46 46 46 46
1 4 5 2 14 31
1 4 8 2 14 31
1 4 6 1 12 12
1 5 11 25 38 38 38
1 3 4 4 4
1 5 11 25 38 38 38
1 3 6 1 13
1 5 2 14 6 1 13
1 10 2 14 29 39 29 39 5 11 25 5
1 3 6 1 13
1 5 2 14 6 1 13
1 10 2 14 3 17 2 14 5 11 25 5
1 10 2 14 29 39 3 17 2 14 11 25
1 13 2 14 29 39 3 2 14 29 39 5 11 25 5
1 12 2 14 29 39 29 39 3 17 2 14 11 25
1 10 2 14 29 39 3 17 2 14 11 25
1 10 2 14 29 39 3 17 2 14 11 25
1 11 2 14 31 31 31 31 31 31 31 31 31
1 12 2 14 29 39 3 17 3 2 15 15 15 15
1 13 2 14 29 39 3 2 14 29 39 5 11 25 5
1 6 5 11 25 38 38 38
1 4 8 23 23 23
1 4 5 2 14 31
1 6 2 14 29 39 29 39
1 8 2 14 5 2 14 10 24 24
1 8 2 14 11 25 37 25 37 25
1 8 2 14 11 25 37 25 37 25
1 10 2 14 29 39 29 39 29 39 29 39
1 4 2 14 29 39
1 8 2 14 5 2 14 30 43 25
1 4 2 14 11 25
1 6 2 14 5 18 18 18
1 3 4 4 4
1 3 10 24 24
1 4 2 14 10 24
1 3 2 14 31
1 14 1 12 12 12 12 12 12 12 12 12 12 12 12 12
1 5 1 12 12 12 12
1 7 10 24 24 24 24 24 24
1 6 2 14 29 39 29 39
1 6 2 14 29 39 29 39
1 11 2 14 29 39 29 39 29 39 46 46 46
1 6 2 14 29 39 29 39
1 6 2 14 29 39 29 39
1 6 2 14 29 39 29 39
1 3 10 24 24
1 3 5 2 14
1 3 7 2 14
1 4 5 2 14 31
1 3 8 2 14
1 3 9 2 14
1 4 5 2 14 31
1 11 2 14 29 39 29 39 42 30 2 15 15
1 11 2 14 29 39 29 39 42 30 2 14 5
1 10 2 14 29 39 29 39 42 30 2 14
1 14 5 2 14 29 39 29 39 46 46 46 46 46 46 46
1 10 2 14 29 39 29 39 42 30 2 14
1 10 2 14 29 39 29 39 42 30 2 14
1 8 2 14 29 39 29 39 42 30
1 5 2 14 29 39 46
1 4 5 18 18 18
1 10 9 2 14 29 39 29 39 46 46 46
1 10 5 2 14 29 39 29 39 5 18 18
1 9 7 2 14 3 2 14 31 31 31
1 10 2 14 29 39 29 39 42 30 2 14
1 11 2 14 29 39 29 39 42 30 2 14 3
1 10 2 14 29 39 29 39 42 30 2 14
1 10 8 2 14 29 39 29 39 46 46 46
1 13 5 2 14 29 39 29 39 5 18 18 18 18 18
1 8 2 14 29 39 29 39 42 30
1 14 6 20 34 44 49 51 52 53 54 56 58 59 60 61
1 14 6 20 34 44 49 51 52 53 54 56 58 59 60 61
1 12 30 41 41 41 41 41 41 41 41 41 41 41
1 6 2 14 29 39 29 39
1 6 2 14 29 39 29 39
1 4 2 14 29 39
1 4 2 14 29 39
1 6 2 14 29 39 29 39
1 8 2 14 29 39 29 39 29 39
1 6 2 14 29 39 29 39
1 7 2 14 29 39 29 39 46
1 6 5 2 14 31 31 31
1 12 4 4 4 4 4 4 4 4 4 4 4 4
1 14 6 20 34 44 49 51 52 53 54 56 58 59 60 61
1 14 6 20 34 44 49 51 52 53 54 56 58 59 60 61
1 14 6 20 34 44 49 51 52 53 54 56 58 59 60 61
1 11 8 23 23 23 23 23 23 23 23 23 23
1 3 11 11 11
1 14 6 20 34 44 49 51 52 53 54 56 58 59 60 61
1 12 6 20 35 35 35 35 35 35 35 35 35 35
1 14 6 20 34 44 49 51 52 53 54 56 58 59 60 61
1 14 6 20 34 44 49 51 52 53 54 56 58 59 60 61
1 12 6 20 35 35 35 35 35 35 35 35 35 35
1 6 5 2 14 31 31 31
1 12 4 4 4 4 4 4 4 4 4 4 4 4
1 5 8 23 23 23 23
1 5 4 4 4 4 4
1 8 2 14 31 31 31 31 31 31
1 4 4 4 4 4
1 4 2 14 29 39
1 4 2 14 29 39
1 4 2 14 29 39
1 4 2 14 29 39
1 4 2 14 29 39
1 16 2 14 31 31 31 31 31 31 31 31 31 31 31 31 31 31
1 4 2 14 29 39
1 4 2 14 29 39
1 3 3 3 3
1 3 1 1 54
1 25 5 11 25 37 45 45 45 45 45 45 45 45 45 45 45 45 45 45 45 45 45 45 45 45 45
1 5 5 11 25 11 26
1 4 5 2 14 31
1 5 2 14 5 11 26
1 11 5 11 25 37 45 45 45 45 45 45 45
1 4 2 14 31 31
1 13 5 11 25 11 26 26 26 26 26 26 26 26 26
1 13 5 11 25 37 45 45 45 45 45 45 45 45 45
1 9 11 11 25 38 38 38 38 38 38
1 5 2 14 31 10 24
1 19 11 37 25 37 25 11 37 25 11 37 25 37 25 11 25 37 25 38 38
1 20 11 11 25 37 25 11 37 25 11 37 25 37 25 11 27 44 34 44 27 44
1 17 11 11 25 37 25 11 37 25 11 37 25 11 25 37 25 38 38
1 19 11 37 25 37 25 11 37 25 11 37 25 38 38 38 38 38 38 38 38
1 20 11 11 25 37 25 11 37 25 11 37 25 37 25 11 27 44 34 44 27 44
1 22 11 11 25 37 25 11 37 25 11 25 37 25 37 25 11 11 27 44 34 44 27 44
1 9 11 11 25 37 25 11 37 25 11
1 20 11 11 25 37 25 11 37 25 11 37 25 37 25 11 27 44 34 44 27 44
1 20 11 11 25 37 25 11 37 25 11 37 25 37 25 11 27 44 34 44 27 44
1 6 2 14 29 39 46 46
1 4 10 24 24 24
1 4 2 14 29 39
1 4 2 14 29 39
1 6 5 2 14 29 39 5
1 4 2 14 29 39
1 4 2 14 3 3
1 3 2 14 31
1 13 6 21 49 51 52 53 54 56 57 57 57 57 57
1 6 5 11 25 38 38 38
1 3 1 13 28
1 11 4 2 14 5 2 15 15 15 15 15 15
1 6 2 14 5 2 14 5
1 6 8 23 23 23 23 23
1 7 2 2 14 31 31 31 31
1 3 1 13 28
1 4 2 14 29 39
1 4 2 14 29 39
1 6 2 14 31 31 31 31
1 3 2 14 31
1 4 2 14 29 39
1 3 2 14 31
1 5 2 14 31 31 31
1 3 4 2 14
1 3 4 2 14
1 3 4 2 14
1 4 2 14 29 39
1 4 2 14 29 39
1 4 4 4 4 4
1 3 4 2 14
1 5 2 14 10 24 24
1 6 2 14 29 39 29 39
1 16 2 14 29 39 46 46 46 46 46 46 46 46 46 46 46 46
1 8 11 25 37 25 37 25 38 38
1 7 2 14 29 39 3 2 2
1 4 2 14 29 39
1 4 2 14 10 24
1 5 2 14 3 2 15
1 9 10 24 24 24 24 24 24 24 24
1 3 1 1 54
1 5 2 14 30 42 42
1 6 7 22 22 22 22 22
1 5 10 24 24 24 24
1 4 5 2 14 10
1 3 2 14 3
1 4 2 14 29 39
1 3 2 14 3
1 6 2 14 29 39 29 39
1 4 2 14 29 39
1 5 5 2 14 29 39
1 4 5 2 14 32
1 5 8 2 14 31 31
1 7 30 43 25 42 47 47 47
1 6 2 14 30 2 14 31
1 7 2 14 29 39 46 46 46
1 5 2 14 31 31 31
1 4 2 14 30 42
1 4 30 42 47 47
1 6 9 2 14 6 1 13
1 8 8 2 14 30 42 47 47 47
1 12 6 21 49 51 52 53 54 56 58 59 60 61
1 5 2 14 3 16 16
1 8 5 2 14 29 39 46 46 46
1 10 6 21 49 51 52 53 55 55 55 55
1 4 4 4 4 4
1 3 4 4 4
1 4 2 14 29 39
1 4 2 14 29 39
1 7 2 14 29 39 46 46 46
1 4 2 14 3 2
1 4 2 14 29 39
1 10 4 4 4 4 4 4 4 4 4 4
1 12 6 21 49 51 52 53 54 56 58 59 60 61
1 4 10 24 24 24
1 6 1 6 19 19 19 56
1 3 1 6 19
1 3 1 6 19
1 3 10 24 24
1 6 1 6 19 19 19 56
1 4 1 6 19 19
1 12 6 21 49 51 52 53 54 56 58 59 60 61
1 12 6 21 49 51 52 53 54 56 58 59 60 61
1 4 6 19 19 56
1 6 1 6 21 36 36 36
1 5 1 6 19 19 56
1 5 1 6 19 19 56
1 6 1 6 19 19 19 56
1 3 6 1 13
1 3 2 14 31
1 10 4 4 4 4 4 4 4 4 4 4
1 5 2 17 33 33 33
1 8 2 14 29 39 29 39 29 39
1 6 2 14 29 39 46 46
1 3 4 4 4
1 3 2 14 3
1 6 2 14 6 1 13 28
1 5 1 1 1 1 1
1 3 2 14 31
1 5 2 14 5 18 18
1 5 2 14 5 18 18
1 3 2 14 31
1 3 4 4 4
1 3 2 14 3
1 3 2 14 31
1 3 5 18 18
1 3 1 1 54
1 6 3 3 3 2 14 31
1 5 3 3 2 14 31
1 15 17 2 14 29 39 3 3 3 2 15 15 15 15 15 15
1 14 3 3 3 3 2 14 3 2 14 3 2 2 14 3
1 7 4 4 4 2 14 31 31
1 28 3 2 14 31 31 31 31 31 31 31 31 31 31 31 31 31 31 31 31 31 31 31 31 31 31 31 31 31
1 14 2 14 3 3 3 3 2 2 14 3 16 16 16 16
1 3 3 3 3
1 22 3 3 3 3 2 14 3 2 17 3 3 3 3 17 3 16 16 16 16 16 16 16
1 15 2 17 3 2 17 2 14 29 40 40 40 40 40 40 40
1 23 3 3 3 17 3 2 14 31 31 31 31 31 31 31 31 31 31 31 31 31 31 31 31
1 15 3 17 2 14 31 31 31 31 31 31 31 31 31 31 31
1 21 3 3 3 2 14 3 2 14 29 40 40 40 40 40 40 40 40 40 40 40 40
1 4 17 2 14 3
1 7 3 3 3 16 16 16 16
1 3 3 3 16
1 22 3 3 3 3 3 3 2 14 29 39 3 3 16 16 16 16 16 16 16 16 16 16
1 11 3 3 2 14 11 25 37 25 38 38 38
1 6 3 17 3 3 3 16
1 25 2 14 3 3 3 16 16 16 16 16 16 16 16 16 16 16 16 16 16 16 16 16 16 16 16
1 5 4 4 4 4 2
1 13 3 2 14 31 31 31 31 31 31 31 31 31 31
1 6 3 17 3 3 3 3
1 23 11 25 11 25 38 38 38 38 38 38 38 38 38 38 38 38 38 38 38 38 38 38 38
1 9 3 3 17 3 3 3 2 14 31
1 10 17 2 14 3 3 2 14 3 17 33
1 29 3 3 2 14 3 3 2 14 3 2 14 31 31 31 31 31 31 31 31 31 31 31 31 31 31 31 31 31 31
1 10 17 3 3 3 3 3 3 2 14 31
1 20 3 3 3 2 14 31 31 31 31 31 31 31 31 31 31 31 31 31 31 31
1 9 2 14 29 39 29 39 3 17 33
1 6 4 4 4 2 14 3
1 23 3 3 3 3 3 3 2 17 2 2 17 3 3 16 16 16 16 16 16 16 16 16 16
1 12 17 3 17 3 3 2 15 15 15 15 15 15
1 4 3 17 3 3
1 25 3 3 3 2 14 3 2 14 29 39 3 2 17 2 14 3 2 14 29 39 5 2 14 3 16
1 19 3 17 2 2 2 14 3 17 2 17 3 16 16 16 16 16 16 16 16
1 6 11 26 26 26 26 26
1 5 2 14 31 10 24
1 6 11 37 25 5 18 18
1 5 11 26 26 26 26
1 5 2 14 31 10 24
1 3 2 15 15
1 10 11 26 26 26 26 26 26 26 26 26
1 3 6 1 13
1 5 11 37 25 37 25
1 4 11 26 26 26
1 7 8 2 14 31 31 31 31
1 4 1 12 12 12
1 4 2 14 29 39
1 4 10 24 24 24
1 4 2 14 29 39
1 3 2 15 15
1 4 2 14 29 39
1 4 11 25 37 25
1 3 2 14 11
1 4 2 14 29 39
1 4 2 14 29 39
1 4 2 14 11 25
1 9 5 2 14 31 31 31 31 31 31
1 8 5 2 14 11 26 26 26 26
1 3 5 2 14
1 4 4 4 2 14
1 4 11 11 37 25
1 17 11 26 26 26 26 26 26 26 26 26 26 26 26 26 26 26 26
1 3 4 4 4
1 3 11 11 11
1 3 11 11 11
1 4 11 11 37 25
1 7 11 11 11 26 26 26 26
1 6 5 2 14 6 1 13
1 11 4 4 4 4 4 4 4 4 4 4 4
1 3 5 2 14
1 4 2 14 30 43
1 6 8 2 14 6 1 13
1 16 2 14 5 18 18 18 18 18 18 18 18 18 18 18 18 18
1 13 6 21 49 51 52 53 54 56 57 57 57 57 57
1 12 6 19 19 19 19 19 19 56 58 59 60 61
1 3 2 14 29
1 8 2 14 31 31 31 31 31 31
1 7 4 4 4 4 4 4 4
1 3 4 4 4
1 3 5 11 26
1 4 2 14 29 39
1 3 4 4 4
