406 70
1 6 1 13 31 44 31 44
1 6 1 13 31 44 31 44
1 8 12 12 12 12 12 12 12 12
1 6 1 13 31 44 31 44
1 9 2 18 37 1 13 31 44 31 44
1 8 1 13 31 44 31 44 31 44
1 6 1 13 31 44 31 44
1 11 2 18 37 48 48 48 48 48 48 48 48
1 3 2 18 37
1 3 1 13 3
1 5 12 12 12 12 12
1 4 4 20 20 20
1 3 1 13 3
1 4 12 12 12 12
1 4 1 13 31 44
1 6 2 18 37 1 13 32
1 13 5 21 38 50 55 59 62 64 65 66 51 56 61
1 15 5 21 38 50 55 59 62 64 65 66 69 37 1 13 32
1 14 5 21 38 50 55 59 62 64 65 66 68 68 68 68
1 4 1 13 31 44
1 4 1 13 31 44
1 4 1 13 31 44
1 10 12 12 12 12 12 12 12 12 12 12
1 6 1 13 31 44 31 44
1 6 1 13 31 44 31 44
1 6 1 13 31 44 31 44
1 6 1 13 31 44 31 44
1 20 5 21 38 50 55 60 60 60 60 60 60 60 60 60 60 60 60 60 60 60
1 8 1 13 31 44 31 44 31 44
1 8 1 13 31 44 31 44 31 44
1 4 1 13 31 44
1 4 1 13 31 44
1 6 3 1 13 31 44 3
1 4 1 13 31 44
1 4 1 13 31 44
1 5 6 24 1 13 32
1 5 6 24 40 40 1
1 4 1 13 31 44
1 8 3 19 19 13 3 19 19 13
1 4 4 20 20 20
1 3 3 1 13
1 3 1 13 32
1 4 1 13 31 44
1 3 1 31 44
1 5 21 38 49 49 49
1 3 12 12 12
1 3 1 13 32
1 3 1 13 32
1 3 1 13 3
1 3 1 13 3
1 3 3 1 13
1 3 7 25 25
1 3 1 31 44
1 11 5 21 39 39 39 39 39 39 39 39 39
1 5 12 12 12 12 12
1 7 12 12 12 12 12 12 12
1 3 12 12 12
1 3 12 12 12
1 14 21 39 39 39 39 39 39 39 39 39 39 39 39 39
1 6 12 12 12 12 12 12
1 13 12 12 12 12 12 12 12 12 12 12 12 12 12
1 10 12 12 12 12 12 12 12 12 12 12
1 7 5 22 22 22 22 22 22
1 3 14 14 14
1 3 1 31 44
1 3 9 28 28
1 7 21 39 39 39 39 39 39
1 7 12 12 12 12 12 12 12
1 6 10 29 43 51 56 61
1 6 10 29 43 51 14 7
1 6 10 29 43 51 14 7
1 6 10 29 43 51 14 7
1 6 10 29 43 51 14 7
1 6 10 29 43 51 14 7
1 6 10 29 43 51 14 7
1 6 10 29 43 51 14 7
1 5 10 29 43 51 57
1 6 10 29 43 51 14 7
1 6 10 29 43 52 1 13
1 6 10 29 43 52 1 13
1 7 10 29 42 42 42 42 42
1 4 21 39 39 39
1 6 10 29 43 52 1 13
1 3 8 27 27
1 5 10 29 43 52 1
1 5 10 29 43 52 1
1 7 3 19 19 13 31 44 3
1 4 1 13 31 44
1 5 6 24 40 1 13
1 5 6 24 40 1 13
1 4 1 13 31 44
1 5 6 24 1 13 32
1 4 6 23 23 23
1 3 4 20 20
1 4 4 20 20 20
1 5 12 12 12 12 12
1 6 7 26 43 52 1 13
1 6 7 26 43 52 1 13
1 5 2 18 37 1 13
1 4 2 18 36 36
1 7 2 18 37 48 48 48 48
1 5 2 18 37 1 13
1 6 7 26 43 52 58 58
1 6 7 26 43 52 1 13
1 6 7 26 43 52 1 13
1 6 7 26 43 52 1 13
1 6 7 26 43 52 1 13
1 6 7 26 43 52 1 13
1 6 7 26 43 52 1 13
1 10 3 19 13 3 1 13 31 44 31 44
1 8 1 13 31 44 31 44 31 44
1 8 1 13 31 44 31 44 31 44
1 8 1 13 31 44 31 44 31 44
1 8 1 13 31 44 31 44 31 44
1 8 1 13 31 44 31 44 31 44
1 10 3 19 13 3 1 13 31 44 31 44
1 14 3 1 13 3 19 19 13 31 44 3 1 13 31 44
1 4 8 27 27 27
1 4 59 63 63 63
1 5 6 24 40 1 14
1 3 8 27 27
1 5 6 24 40 1 14
1 5 2 18 37 1 13
1 10 3 1 14 3 1 13 31 44 31 44
1 3 2 18 37
1 5 2 18 37 1 13
1 10 3 1 14 3 1 13 33 51 1 13
1 10 1 14 1 13 33 51 1 13 31 44
1 13 3 1 14 3 1 13 31 44 31 31 44 31 44
1 12 1 14 1 13 33 51 1 13 31 44 31 44
1 10 1 14 1 13 33 51 1 13 31 44
1 10 1 14 1 13 33 51 1 13 31 44
1 10 1 14 1 13 33 51 1 13 31 44
1 11 1 14 1 13 31 31 44 53 53 1 13
1 13 3 1 14 3 1 13 31 44 31 31 44 31 44
1 6 2 18 37 1 14 3
1 4 14 1 14 34
1 6 1 13 31 44 31 44
1 8 1 13 32 32 32 32 32 32
1 8 1 13 31 44 31 14 1 13
1 4 1 13 31 44
1 4 1 13 31 44
1 4 1 14 1 13
1 6 1 14 3 19 19 13
1 6 3 1 13 31 44 3
1 3 59 63 63
1 3 6 23 23
1 3 8 27 27
1 14 24 1 13 31 44 53 53 1 13 31 44 45 54 54
1 5 12 12 12 12 12
1 7 1 13 31 44 31 44 53
1 6 1 13 31 44 31 44
1 6 1 13 31 44 31 44
1 6 1 13 31 44 31 44
1 11 1 13 32 32 32 32 32 32 32 32 32
1 6 1 13 31 44 31 44
1 6 1 13 31 44 31 44
1 6 1 13 31 44 31 44
1 12 24 1 13 32 32 32 32 32 32 32 32 32
1 3 1 13 3
1 3 1 13 32
1 4 8 27 27 27
1 3 1 13 32
1 4 9 28 28 28
1 8 7 26 41 41 41 41 41 41
1 11 3 19 13 7 26 1 13 31 44 31 44
1 10 1 13 7 26 1 13 31 44 31 44
1 10 1 13 7 26 1 13 31 44 31 44
1 10 1 13 7 26 1 13 31 44 31 44
1 8 7 26 1 13 31 44 31 44
1 5 9 28 28 28 28
1 4 12 12 12 12
1 10 7 26 41 41 41 41 41 41 41 41
1 9 7 26 41 41 41 41 41 41 41
1 10 1 13 7 26 1 13 31 44 31 44
1 10 1 13 7 26 1 13 31 44 31 44
1 11 1 31 44 53 53 1 13 31 44 31 44
1 10 1 13 7 26 1 13 31 44 31 44
1 13 3 1 13 7 26 41 41 41 41 41 41 41 41
1 14 5 21 38 50 55 59 62 64 65 66 51 56 3 37
1 12 12 12 12 12 12 12 12 12 12 12 12 12
1 8 1 13 31 44 31 44 31 44
1 4 1 13 31 44
1 8 1 13 31 44 31 44 31 44
1 6 1 13 31 44 31 44
1 7 12 12 12 12 12 12 12
1 4 1 13 31 44
1 6 21 55 60 60 60 60
1 12 12 12 12 12 12 12 12 12 12 12 12 12
1 14 5 21 38 50 55 59 62 64 65 66 51 56 3 37
1 14 5 21 38 50 55 59 62 64 65 66 51 56 3 37
1 14 5 21 38 50 55 59 62 64 65 66 51 56 3 37
1 14 5 21 38 50 55 59 62 64 65 66 51 56 3 37
1 11 12 12 12 12 12 12 12 12 12 12 12
1 3 14 14 14
1 13 12 12 12 12 12 12 12 12 12 12 12 12 12
1 14 5 21 38 50 55 59 62 64 65 66 51 56 3 37
1 12 5 21 38 50 55 60 60 60 60 60 60 60
1 11 21 38 50 55 59 62 64 65 66 68 68
1 14 5 21 38 50 55 59 62 64 65 66 51 56 3 37
1 12 5 21 38 50 55 60 60 60 60 60 60 60
1 6 21 55 60 60 60 60
1 12 12 12 12 12 12 12 12 12 12 12 12 12
1 5 12 12 12 12 12
1 5 12 12 12 12 12
1 8 12 12 12 12 12 12 12 12
1 4 1 13 31 44
1 4 1 13 31 44
1 4 1 13 31 44
1 4 1 13 31 44
1 4 1 13 31 44
1 16 5 21 38 50 55 59 62 64 65 66 68 68 68 68 68 68
1 25 1 16 1 13 3 1 14 3 1 13 14 3 1 13 14 3 1 13 31 44 3 19 19 19 19
1 4 9 28 28 28
1 3 4 20 20
1 11 6 24 40 40 1 13 32 32 32 32 32
1 4 6 23 23 23
1 13 3 1 13 3 1 13 31 44 3 19 19 19 19
1 28 12 12 12 12 12 12 12 12 12 12 12 12 12 12 12 12 12 12 12 12 12 12 12 12 12 12 12 12
1 5 6 24 40 1 13
1 19 1 16 1 13 31 14 1 13 31 44 53 1 13 14 1 13 31 44 53
1 20 1 16 1 13 31 16 35 35 35 35 35 35 35 35 35 35 35 35 35 35
1 17 1 16 1 13 31 14 1 13 14 1 13 14 1 13 31 14 14
1 19 1 16 1 13 31 14 1 15 15 15 15 15 15 15 15 15 15 15 15
1 20 1 16 1 13 31 16 35 35 35 35 35 35 35 35 35 35 35 35 35 35
1 22 1 16 1 13 31 16 35 35 35 35 35 35 35 35 35 35 35 35 35 35 35 35
1 9 14 1 13 14 1 13 31 14 14
1 9 14 1 13 14 1 13 31 44 53
1 20 1 16 1 13 31 16 35 35 35 35 35 35 35 35 35 35 35 35 35 35
1 4 12 12 12 12
1 4 1 13 31 44
1 6 3 1 13 31 44 3
1 4 1 13 31 44
1 4 1 31 31 44
1 6 50 2 18 36 36 36
1 3 50 2 18
1 6 50 2 18 36 36 36
1 7 50 2 18 36 36 36 36
1 4 1 13 31 44
1 4 1 13 31 44
1 6 11 30 30 30 30 30
1 4 1 13 31 44
1 3 11 1 13
1 5 50 2 18 36 36
1 3 1 13 11
1 3 1 13 11
1 3 1 13 11
1 3 1 13 11
1 4 1 13 31 44
1 4 1 13 31 44
1 4 1 15 15 15
1 3 1 13 11
1 5 6 23 23 23 23
1 3 12 12 12
1 6 1 13 31 44 31 44
1 8 1 31 31 44 31 44 31 14
1 7 44 53 1 31 44 31 44
1 4 1 13 31 44
1 4 24 40 1 13
1 5 9 28 28 28 28
1 13 21 38 50 55 59 62 64 65 66 68 68 68 68
1 9 12 12 12 12 12 12 12 12 12
1 13 5 21 38 50 55 59 62 64 65 66 51 56 61
1 4 1 13 31 44
1 3 59 63 63
1 5 26 43 52 1 13
1 5 24 40 40 40 40
1 4 24 1 13 3
1 3 1 31 44
1 6 1 13 31 44 31 44
1 5 1 13 31 44 3
1 5 21 39 39 39 39
1 7 26 1 13 32 32 32 32
1 6 26 1 13 7 25 25
1 9 7 26 43 51 56 61 61 61 61
1 7 26 43 52 1 13 31 44
1 5 21 55 65 67 67
1 4 26 41 41 41
1 4 1 13 32 32
1 6 2 18 37 1 13 32
1 12 5 21 38 50 55 59 62 64 65 66 69 37
1 5 3 19 19 19 13
1 8 2 18 37 1 13 31 44 3
1 10 21 38 50 55 60 60 60 60 60 60
1 4 12 12 12 12
1 3 21 55 65
1 4 1 13 31 44
1 4 1 13 31 44
1 4 44 31 31 44
1 7 2 18 37 1 13 31 44
1 10 5 21 38 50 55 59 62 64 65 67
1 5 55 59 63 63 63
1 6 55 65 67 67 67 67
1 3 59 63 63
1 3 55 65 67
1 3 55 65 67
1 6 55 59 63 63 63 63
1 4 12 12 12 12
1 12 5 21 38 50 55 59 62 64 65 66 69 37
1 12 5 21 38 50 55 59 62 64 65 66 69 37
1 4 21 55 65 67
1 6 55 65 67 67 67 67
1 5 55 59 63 63 63
1 5 55 59 63 63 63
1 3 2 18 37
1 12 5 21 38 50 55 59 62 64 65 66 69 37
1 14 5 21 38 50 55 59 62 64 65 66 69 70 70 70
1 10 12 12 12 12 12 12 12 12 12 12
1 5 12 12 12 12 12
1 8 1 13 31 44 31 44 31 44
1 3 12 12 12
1 3 50 55 65
1 3 1 31 44
1 6 50 2 18 37 1 13
1 3 12 12 12
1 3 1 13 32
1 5 21 39 39 39 39
1 3 12 12 12
1 3 3 1 15
1 3 1 31 44
1 3 6 23 23
1 3 6 23 23
1 3 59 63 63
1 5 6 23 23 23 23
1 15 11 1 13 33 51 57 57 57 57 57 57 57 57 57 57
1 14 1 31 44 53 1 31 44 31 31 44 31 31 31 31
1 25 11 1 13 33 47 47 47 47 47 47 47 47 47 47 47 47 47 47 47 47 47 47 47 47 47
1 7 3 19 19 13 31 31 46
1 28 11 1 13 31 44 31 45 13 32 32 32 32 32 32 32 32 32 32 32 32 32 32 32 32 32 32 32 32
1 14 1 31 44 53 1 31 44 53 1 31 31 31 31 44
1 3 1 31 31
1 22 11 1 13 31 44 31 46 46 46 46 46 46 46 46 46 46 46 46 46 46 46 46
1 15 1 31 45 1 31 31 45 13 31 44 45 13 31 45 13
1 15 1 31 31 31 31 31 45 1 13 31 46 46 46 46 46
1 21 11 1 13 31 31 45 1 13 31 31 31 45 13 31 44 31 31 44 31 31 31
1 11 11 30 30 30 30 30 30 30 30 30 30
1 4 1 31 44 45
1 7 6 24 40 40 1 31 31
1 3 6 23 23
1 22 11 45 1 13 31 44 31 45 1 15 15 15 15 15 15 15 15 15 15 15 15 15
1 6 3 1 31 31 45 1
1 9 11 1 31 31 31 44 31 31 31
1 5 3 1 31 31 45
1 25 11 45 54 54 54 54 54 54 54 54 54 54 54 54 54 54 54 54 54 54 54 54 54 54 54
1 5 44 31 31 31 46
1 23 11 45 13 31 44 31 31 31 44 31 44 45 1 31 44 45 1 31 45 13 31 31 31
1 14 1 31 44 45 54 54 54 54 54 54 54 54 54 54
1 25 11 1 13 32 32 32 32 32 32 32 32 32 32 32 32 32 32 32 32 32 32 32 32 32 32
1 13 11 30 30 30 30 30 30 30 30 30 30 30 30
1 6 1 31 31 31 45 1
1 23 11 45 1 13 33 51 56 61 61 61 61 61 61 61 61 61 61 61 61 61 61 61 61
1 9 11 1 13 31 31 31 45 1 31
1 5 1 31 16 1 15
1 23 11 1 13 31 44 31 44 31 31 44 45 13 31 31 31 44 53 1 31 45 1 31 16
1 7 44 31 31 31 44 45 54
1 29 11 1 16 35 35 35 35 35 35 35 35 35 35 35 35 35 35 35 35 35 35 35 35 35 35 35 35 35 35
1 10 12 12 12 12 12 12 12 12 12 12
1 20 11 1 13 31 31 45 1 31 31 45 54 54 54 54 54 54 54 54 54 54
1 9 11 45 1 31 44 31 44 31 44
1 6 1 31 44 31 31 46
1 23 11 30 30 30 30 30 30 30 30 30 30 30 30 30 30 30 30 30 30 30 30 30 30
1 4 1 31 45 1
1 25 11 1 31 44 3 1 13 31 44 31 31 44 45 13 31 31 44 31 44 31 31 44 31 31 31
1 19 1 13 32 32 32 32 32 32 32 32 32 32 32 32 32 32 32 32 32
1 6 6 24 40 40 40 40
1 5 6 24 40 1 13
1 6 4 20 20 20 20 20
1 5 2 17 17 17 17
1 5 1 13 31 44 53
1 4 2 18 37 48
1 7 2 17 17 17 17 17 17
1 4 1 13 31 44
1 8 2 17 17 17 17 17 17 17
1 4 2 17 17 17
1 4 1 13 3 19
1 4 1 13 31 44
1 8 2 18 36 36 36 36 36 36
1 4 1 13 31 44
1 4 1 13 31 14
1 5 12 12 12 12 12
1 4 1 13 31 44
1 4 1 13 31 44
1 3 14 1 13
1 9 3 1 15 15 15 15 15 15 15
1 8 2 18 37 48 48 48 48 48
1 3 1 13 3
1 4 1 13 3 19
1 4 1 13 14 14
1 17 21 38 49 49 49 49 49 49 49 49 49 49 49 49 49 49 49
1 3 5 22 22
1 3 14 14 14
1 3 14 14 14
1 4 1 13 14 14
1 6 2 18 37 1 13 3
1 5 14 1 14 3 19
1 10 5 21 38 50 55 59 62 64 65 67
1 16 2 17 17 17 17 17 17 17 17 17 17 17 17 17 17 17
1 13 5 21 38 50 2 17 17 17 17 17 17 17 17
1 12 5 21 38 50 55 59 62 64 65 66 51 57
1 3 44 31 44
1 8 12 12 12 12 12 12 12 12
1 7 12 12 12 12 12 12 12
1 3 4 20 20
1 3 59 63 63
1 4 1 13 31 44
1 3 8 27 27
