441 65
1 3 1 14 14
1 13 3 14 32 45 45 45 45 45 45 45 45 45 45
1 8 46 52 52 52 52 52 52 52
1 6 5 17 34 46 34 46
1 6 5 17 34 46 34 46
1 8 2 2 5 17 34 46 34 46
1 6 5 17 34 46 34 46
1 9 3 14 32 5 17 34 46 34 46
1 8 5 17 34 46 34 46 34 46
1 8 5 17 34 46 34 46 34 46
1 3 5 17 4
1 5 2 2 5 17 35
1 4 7 5 17 4
1 3 5 17 4
1 6 3 15 15 15 15 15
1 4 2 5 17 35
1 4 5 17 34 46
1 3 5 17 35
1 6 3 14 32 5 17 35
1 13 8 24 41 50 54 56 58 59 60 62 39 17 35
1 15 8 24 41 50 54 56 58 59 60 62 64 32 5 17 17
1 14 8 24 41 50 54 56 58 59 60 62 63 63 63 63
1 4 5 17 34 46
1 4 5 17 34 46
1 10 2 2 2 2 2 2 2 2 5 17
1 6 5 17 34 46 34 46
1 6 5 17 34 46 34 46
1 6 5 17 34 46 34 46
1 6 5 17 34 46 34 46
1 6 5 17 34 46 34 46
1 20 8 24 41 50 54 57 57 57 57 57 57 57 57 57 57 57 57 57 57 57
1 8 5 17 34 46 34 46 34 46
1 6 5 17 34 46 34 46
1 8 5 17 34 46 34 46 34 46
1 7 4 5 17 6 21 39 17
1 4 5 17 34 46
1 4 5 17 34 46
1 4 5 17 34 46
1 5 9 27 5 17 35
1 4 5 17 34 46
1 4 7 5 17 4
1 3 4 5 17
1 3 5 17 35
1 4 5 17 34 46
1 4 5 17 34 46
1 3 5 34 46
1 4 5 17 34 46
1 3 2 2 5
1 3 4 5 17
1 3 5 17 17
1 3 5 17 17
1 3 5 17 4
1 3 5 17 4
1 3 4 5 17
1 3 5 34 46
1 5 41 51 51 51 51
1 6 41 51 51 51 51 51
1 11 8 24 41 51 51 51 51 51 51 51 51
1 7 2 2 2 5 18 5 17
1 3 2 2 2
1 3 2 2 2
1 14 24 42 42 42 42 42 42 42 42 42 42 42 42 42
1 6 2 2 2 2 2 2
1 9 24 41 51 51 51 51 51 51 51
1 13 2 2 2 2 2 2 2 2 2 2 2 2 2
1 10 2 2 2 2 2 2 2 2 5 17
1 5 41 51 51 51 51
1 12 8 24 41 51 51 51 51 51 51 51 51 51
1 3 18 18 18
1 3 5 34 46
1 9 7 23 23 23 23 23 23 23 23
1 7 41 51 51 51 51 51 51
1 6 11 29 21 39 17 6
1 6 11 29 21 39 18 40
1 6 11 29 21 39 18 40
1 6 11 29 21 39 18 40
1 6 11 29 21 39 18 40
1 6 11 29 21 39 18 40
1 6 11 29 21 39 18 40
1 6 11 29 21 39 18 40
1 6 11 29 21 40 5 17
1 6 11 29 21 40 5 17
1 4 24 42 42 42
1 3 10 28 28
1 5 11 29 21 40 5
1 5 11 29 21 40 5
1 3 1 14 14
1 7 4 16 16 16 16 16 16
1 6 2 5 17 35 5 17
1 9 3 14 32 45 45 45 45 45 45
1 4 5 17 34 46
1 5 9 27 5 17 35
1 4 9 26 26 26
1 3 7 5 17
1 4 7 5 17 4
1 5 2 5 17 4 16
1 6 6 21 21 40 5 17
1 6 6 21 21 40 5 17
1 6 6 21 21 40 5 17
1 5 3 14 32 5 17
1 4 3 14 33 33
1 7 3 14 32 45 45 45 45
1 5 3 14 32 5 17
1 6 6 21 21 40 5 17
1 6 6 21 21 40 5 17
1 6 6 21 21 40 5 17
1 6 6 21 21 40 5 17
1 10 4 64 65 65 65 65 65 65 65 65
1 8 5 17 34 46 34 46 34 46
1 8 5 17 34 46 34 46 34 46
1 8 5 17 34 46 34 46 34 46
1 8 5 17 34 46 34 46 34 46
1 11 4 5 17 4 5 17 4 5 17 34 46
1 8 5 17 34 46 34 46 34 46
1 8 5 17 34 46 34 46 34 46
1 8 5 17 34 46 34 46 34 46
1 10 4 64 65 65 65 65 65 65 65 65
1 14 4 5 17 4 16 16 16 16 16 16 16 16 16 16
1 4 10 28 28 28
1 4 3 15 15 15
1 3 10 28 28
1 5 9 27 43 43 43
1 3 3 14 32
1 5 3 14 32 5 17
1 3 3 14 32
1 5 3 14 32 5 17
1 10 5 18 5 17 31 34 5 17 34 46
1 13 4 5 18 4 5 17 34 46 34 5 17 34 46
1 10 5 18 5 17 31 34 5 17 34 46
1 10 5 18 5 17 31 34 5 17 34 46
1 11 5 18 5 17 34 5 17 35 35 5 17
1 12 5 34 5 18 36 36 36 36 36 36 36 36
1 6 3 14 32 5 18 4
1 4 18 5 18 36
1 4 2 5 17 4
1 8 5 17 35 5 17 4 5 17
1 4 5 17 34 46
1 8 5 17 34 46 34 18 5 17
1 8 5 17 34 46 34 18 5 17
1 10 5 17 34 46 34 46 34 46 34 46
1 4 5 17 34 46
1 8 5 18 40 5 17 4 5 17
1 4 5 18 5 17
1 6 5 18 4 16 16 16
1 6 4 5 17 34 46 52
1 3 1 13 13
1 3 9 26 26
1 4 9 27 5 17
1 3 10 28 28
1 14 27 5 17 34 46 52 52 52 52 52 52 52 52 52
1 5 2 2 5 17 35
1 7 5 17 34 46 34 46 52
1 6 5 17 34 46 34 46
1 6 5 17 34 46 34 46
1 11 5 17 35 5 17 34 46 34 46 34 46
1 6 5 17 34 46 34 46
1 6 5 17 34 46 34 46
1 6 5 17 34 46 34 46
1 12 27 5 17 35 5 17 34 46 34 46 34 46
1 6 5 17 34 46 34 46
1 3 5 17 35
1 4 6 22 22 22
1 3 1 14 14
1 3 5 17 35
1 4 10 28 28 28
1 3 5 17 35
1 3 5 17 35
1 4 2 5 17 4
1 11 4 64 65 65 65 65 65 65 65 65 65
1 11 4 5 17 6 21 39 17 34 46 34 46
1 10 5 17 6 21 39 17 34 46 34 46
1 14 4 5 19 19 19 19 19 19 19 19 19 19 19 19
1 10 5 17 6 21 39 17 34 46 34 46
1 8 6 21 39 17 34 46 34 46
1 4 7 5 17 4
1 4 2 2 2 2
1 10 6 21 38 38 38 38 38 38 38 38
1 10 6 21 38 38 38 38 38 38 38 38
1 9 6 21 38 38 38 38 38 38 38
1 10 5 17 6 21 39 17 34 46 34 46
1 11 5 34 46 52 52 52 52 52 52 52 52
1 10 5 17 6 21 39 17 34 46 34 46
1 10 6 21 38 38 38 38 38 38 38 38
1 13 4 5 17 6 21 38 38 38 38 38 38 38 38
1 8 6 21 39 17 34 46 34 46
1 14 8 24 41 50 54 56 58 59 60 62 39 17 4 32
1 12 2 2 2 2 2 2 2 2 2 2 2 2
1 6 5 17 34 46 34 46
1 6 5 17 34 46 34 46
1 4 5 17 34 46
1 4 5 17 34 46
1 6 5 17 34 46 34 46
1 8 5 17 34 46 34 46 34 46
1 6 5 17 34 46 34 46
1 7 2 5 17 34 46 34 46
1 4 5 17 34 46
1 6 24 54 57 57 57 57
1 14 8 24 41 50 54 56 58 59 60 62 39 17 4 32
1 12 2 2 2 2 2 2 2 2 2 2 2 2
1 14 8 24 41 50 54 56 58 59 60 62 39 17 4 32
1 14 8 24 41 50 54 56 58 59 60 62 39 17 4 32
1 3 18 18 18
1 13 2 2 2 2 2 2 2 2 2 2 2 5 17
1 12 8 24 41 50 54 57 57 57 57 57 57 57
1 11 24 41 50 54 56 58 59 60 62 63 63
1 14 8 24 41 50 54 56 58 59 60 62 39 17 4 32
1 14 8 24 41 50 54 56 58 59 60 62 39 17 4 32
1 12 8 24 41 50 54 57 57 57 57 57 57 57
1 6 24 54 57 57 57 57
1 12 2 2 2 2 2 2 2 2 2 2 2 2
1 11 24 41 51 51 51 51 51 51 51 51 51
1 5 2 2 2 2 2
1 8 2 2 2 2 2 2 5 17
1 4 2 2 2 2
1 4 5 17 34 46
1 4 5 17 34 46
1 4 5 17 34 46
1 4 5 17 34 46
1 16 8 24 41 50 54 56 58 59 60 62 63 63 63 63 63 63
1 4 5 17 34 46
1 16 8 24 41 50 54 56 58 59 60 62 63 63 63 63 63 63
1 4 5 17 34 46
1 3 5 34 5
1 3 1 14 14
1 25 5 20 37 48 53 53 53 53 53 53 53 53 53 53 53 53 53 53 53 53 53 53 53 53 53
1 5 7 23 23 23 23
1 4 2 5 17 4
1 3 7 23 23
1 5 2 2 2 5 17
1 9 18 36 36 36 36 36 36 36 36
1 11 9 27 43 43 43 43 43 43 43 43 43
1 4 9 26 26 26
1 13 18 36 36 36 36 36 36 36 36 36 36 36 36
1 13 4 5 17 4 5 17 34 46 52 52 52 52 52
1 28 2 5 17 34 47 47 47 47 47 47 47 47 47 47 47 47 47 47 47 47 47 47 47 47 47 47 47 47
1 9 9 27 43 43 43 43 43 43 43
1 20 5 20 37 48 5 20 18 5 17 34 46 18 5 17 18 5 17 34 18 18
1 17 5 20 37 48 5 18 5 17 18 5 17 18 5 17 34 18 18
1 19 5 20 37 48 5 18 5 19 19 19 19 19 19 19 19 19 19 19 19
1 20 5 20 37 48 5 20 18 5 17 34 46 18 5 17 18 5 17 34 18 18
1 22 5 20 37 48 5 20 18 18 5 17 34 46 34 18 5 17 18 5 17 34 18 18
1 9 18 5 17 18 5 17 34 46 18
1 20 5 20 37 48 5 20 18 5 17 34 46 18 5 17 18 5 17 34 18 18
1 20 5 20 37 48 5 20 18 5 17 34 46 18 5 17 18 5 17 34 18 18
1 5 5 17 35 5 17
1 6 9 27 5 17 34 46
1 4 5 17 34 46
1 4 5 17 34 46
1 4 5 17 34 46
1 4 5 34 5 17
1 3 2 5 17
1 13 8 24 41 50 3 15 15 15 15 15 15 15 15
1 3 50 3 14
1 11 50 3 14 33 33 33 33 33 33 33 33
1 6 4 5 17 4 5 17
1 6 50 3 14 33 33 33
1 7 50 3 14 33 33 33 33
1 3 50 3 14
1 4 5 17 34 46
1 4 5 17 34 46
1 6 12 30 30 30 30 30
1 3 12 34 46
1 4 5 17 34 46
1 3 12 34 46
1 3 5 17 12
1 3 5 17 12
1 3 5 17 12
1 3 5 17 12
1 3 5 17 12
1 4 5 17 34 46
1 4 5 17 34 46
1 4 5 19 19 19
1 3 5 17 12
1 5 9 26 26 26 26
1 6 5 17 34 46 34 46
1 16 2 2 2 2 2 2 2 2 2 2 2 2 5 17 34 46
1 7 46 52 52 52 52 52 52
1 4 5 17 34 46
1 4 27 43 43 43
1 9 2 2 2 2 2 2 2 2 2
1 4 5 17 34 46
1 3 46 52 52
1 13 8 24 41 50 54 56 58 59 60 62 39 17 35
1 4 5 17 34 46
1 3 1 14 14
1 6 9 27 43 43 43 43
1 5 27 43 43 43 43
1 4 27 5 17 4
1 3 5 34 46
1 4 5 17 34 46
1 3 5 34 46
1 6 5 17 34 46 34 46
1 4 5 17 34 46
1 4 7 5 17 4
1 5 24 42 42 42 42
1 7 2 5 17 35 5 18 40
1 6 2 5 17 6 22 22
1 9 6 21 21 39 17 35 5 18 40
1 5 24 54 60 61 61
1 4 2 2 5 17
1 4 5 17 35 35
1 6 3 14 32 5 17 35
1 8 3 14 32 45 45 45 45 45
1 5 4 16 16 16 16
1 8 3 14 32 5 17 34 46 52
1 10 24 41 50 54 57 57 57 57 57 57
1 4 41 50 55 55
1 3 24 54 60
1 3 24 54 60
1 4 5 17 34 46
1 7 2 2 2 5 17 34 46
1 4 46 34 5 17
1 4 5 17 34 46
1 7 3 14 32 5 17 34 46
1 10 8 24 41 50 54 56 58 59 60 61
1 12 8 24 41 50 54 56 58 59 60 62 64 32
1 4 24 54 60 27
1 5 54 56 60 27 43
1 6 54 56 60 27 43 43
1 3 1 13 13
1 3 54 60 27
1 3 1 13 13
1 3 54 60 27
1 6 54 56 60 27 43 43
1 4 2 2 2 2
1 12 8 24 41 50 54 56 58 59 60 62 64 32
1 12 8 24 41 50 54 56 58 59 60 62 64 32
1 4 54 60 61 61
1 6 54 60 61 61 61 61
1 5 54 56 60 61 61
1 5 54 60 61 61 61
1 5 54 56 60 61 61
1 6 54 56 60 27 43 43
1 3 3 14 32
1 12 8 24 41 50 54 56 58 59 60 62 64 32
1 3 2 5 17
1 14 8 24 41 50 54 56 58 59 60 62 64 65 65 65
1 15 8 24 41 50 3 15 15 15 15 15 15 15 15 15 15
1 5 2 2 2 2 2
1 3 2 5 17
1 6 3 15 15 15 15 15
1 3 50 54 60
1 3 5 34 46
1 6 50 3 14 32 5 17
1 5 2 2 2 2 2
1 5 24 42 42 42 42
1 5 24 42 42 42 42
1 3 2 5 17
1 3 9 26 26
1 3 9 26 26
1 6 9 26 26 26 26 26
1 5 9 26 26 26 26
1 15 12 34 46 31 34 47 47 47 47 47 47 47 47 47 47
1 14 5 34 46 52 52 52 52 52 52 52 52 52 52 52
1 25 12 34 46 31 46 34 18 5 34 46 31 34 46 34 5 17 17 34 5 34 5 34 46 31 34
1 10 12 34 5 31 34 31 34 5 17 17
1 7 4 64 65 65 65 65 65
1 28 12 34 46 34 46 34 31 46 52 52 52 52 52 52 52 52 52 52 52 52 52 52 52 52 52 52 52 52
1 3 5 34 5
1 22 12 34 46 34 46 34 47 47 47 47 47 47 47 47 47 47 47 47 47 47 47 47
1 15 5 34 31 34 5 34 31 46 34 46 31 46 34 31 46
1 23 12 30 30 30 30 30 30 30 30 30 30 30 30 30 30 30 30 30 30 30 30 30 30
1 21 12 34 46 34 5 31 34 46 34 5 34 31 46 34 46 34 5 17 34 5 34
1 11 12 30 30 30 30 30 30 30 30 30 30
1 4 5 34 46 31
1 7 9 27 43 43 43 43 43
1 3 9 26 26
1 14 12 34 46 31 44 44 44 44 44 44 44 44 44 44
1 15 2 5 17 34 31 34 46 34 5 17 34 46 34 5 31
1 22 12 31 34 46 34 46 34 31 34 47 47 47 47 47 47 47 47 47 47 47 47 47
1 11 12 30 30 30 30 30 30 30 30 30 30
1 6 4 5 34 5 31 34
1 26 12 30 30 30 30 30 30 30 30 30 30 30 30 30 30 30 30 30 30 30 30 30 30 30 30 30
1 9 12 34 5 34 5 17 34 5 34
1 5 4 5 34 5 31
1 25 12 31 44 44 44 44 44 44 44 44 44 44 44 44 44 44 44 44 44 44 44 44 44 44 44
1 11 12 31 34 5 34 5 34 31 34 5 34
1 23 12 31 46 34 46 34 5 34 46 34 46 31 34 5 17 31 34 5 31 46 34 5 34
1 14 5 34 46 31 44 44 44 44 44 44 44 44 44 44
1 25 12 34 46 52 52 52 52 52 52 52 52 52 52 52 52 52 52 52 52 52 52 52 52 52 52
1 13 12 30 30 30 30 30 30 30 30 30 30 30 30
1 6 5 34 5 34 31 34
1 9 12 34 46 34 5 34 31 34 5
1 5 5 34 47 47 47
1 23 12 34 46 34 46 34 46 34 5 17 31 46 34 5 34 46 52 52 52 52 52 52 52
1 10 12 31 34 5 17 34 5 34 46 31
1 29 12 34 47 47 47 47 47 47 47 47 47 47 47 47 47 47 47 47 47 47 47 47 47 47 47 47 47 47 47
1 10 12 34 46 34 5 34 5 34 5 31
1 10 2 2 5 19 19 19 19 19 19 19
1 9 12 31 34 5 17 34 46 34 46
1 6 5 34 46 34 5 19
1 23 12 30 30 30 30 30 30 30 30 30 30 30 30 30 30 30 30 30 30 30 30 30 30
1 12 12 34 31 34 5 19 19 19 19 19 19 19
1 25 12 34 5 17 4 5 17 34 46 34 5 17 31 46 34 5 17 34 46 34 5 17 34 5 34
1 19 5 17 17 34 31 34 5 18 5 31 46 31 34 5 17 17 17 31 34
1 6 9 27 43 43 43 43
1 5 9 27 43 43 43
1 6 7 23 23 23 23 23
1 5 9 27 43 43 43
1 3 5 19 19
1 10 3 14 32 45 45 45 45 45 45 45
1 3 3 14 32
1 5 5 17 34 46 18
1 4 3 14 32 45
1 7 3 15 15 15 15 15 15
1 4 5 19 19 19
1 8 3 15 15 15 15 15 15 15
1 4 5 17 34 46
1 3 5 18 36
1 8 3 14 33 33 33 33 33 33
1 4 5 17 34 46
1 4 5 17 34 18
1 5 2 2 2 5 17
1 3 18 5 17
1 4 5 17 34 46
1 4 5 18 5 17
1 3 18 5 17
1 9 4 5 19 19 19 19 19 19 19
1 8 3 14 32 45 45 45 45 45
1 3 5 17 4
1 4 5 17 4 16
1 3 8 25 25
1 3 18 18 18
1 7 46 18 4 64 65 65 65
1 6 3 14 32 5 17 4
1 11 2 2 2 2 2 2 2 2 2 2 2
1 3 5 17 4
1 4 18 40 5 17
1 5 18 5 18 4 16
1 6 3 14 32 5 17 35
1 10 8 24 41 50 54 56 58 59 60 61
1 16 3 15 15 15 15 15 15 15 15 15 15 15 15 15 15 15
1 13 8 24 41 50 3 15 15 15 15 15 15 15 15
1 12 8 24 41 50 54 56 58 59 60 62 39 49
1 8 2 2 2 2 2 2 5 17
1 7 2 2 2 2 2 2 2
1 3 7 23 23
1 3 24 41 51
1 3 3 14 32
1 3 1 13 13
1 3 10 28 28
