420 68
1 3 1 18 18
1 6 2 14 32 46 32 46
1 13 3 18 38 49 49 49 49 49 49 49 49 49 49
1 8 14 6 22 2 14 33 33 33
1 6 2 14 32 46 32 46
1 6 2 14 32 46 32 46
1 8 5 5 5 5 5 5 5 5
1 6 2 14 32 46 32 46
1 9 3 18 38 2 14 32 46 32 46
1 8 2 14 32 46 32 46 32 46
1 6 2 14 32 46 32 46
1 11 3 18 38 49 49 49 49 49 49 49 49
1 3 3 18 38
1 3 2 14 4
1 5 5 5 5 5 5
1 4 7 24 24 4
1 3 2 14 4
1 6 3 19 19 19 19 19
1 4 2 14 32 46
1 3 2 14 33
1 6 3 18 38 2 14 33
1 13 8 25 41 50 54 55 57 59 60 62 63 65 67
1 15 8 25 41 50 54 55 57 59 60 62 64 64 64 64 64
1 4 2 14 32 46
1 4 2 14 32 46
1 10 5 5 5 5 5 5 5 5 5 5
1 6 2 14 32 46 32 46
1 6 2 14 32 46 32 46
1 6 2 14 32 46 32 46
1 6 2 14 32 46 32 46
1 6 2 14 32 46 32 46
1 8 2 14 32 46 32 46 32 46
1 7 4 2 14 6 22 2 14
1 4 2 14 32 46
1 4 2 14 32 46
1 6 4 2 14 32 46 4
1 4 2 14 32 46
1 5 9 28 43 52 52
1 8 4 20 20 20 20 20 20 20
1 3 2 14 33
1 4 2 14 32 46
1 4 2 14 32 46
1 3 2 2 14
1 4 2 14 32 46
1 5 25 41 51 51 51
1 3 5 5 5
1 3 4 2 14
1 3 2 14 14
1 3 2 14 4
1 3 2 14 4
1 3 4 2 14
1 3 6 2 14
1 11 8 25 42 42 42 42 42 42 42 42 42
1 5 5 5 5 5 5
1 6 5 5 5 5 5 5
1 11 8 25 41 51 51 51 51 51 51 51 51
1 14 25 42 42 42 42 42 42 42 42 42 42 42 42 42
1 9 25 41 51 51 51 51 51 51 51
1 13 5 5 5 5 5 5 5 5 5 5 5 5 5
1 10 5 5 5 5 5 5 5 5 5 5
1 7 8 26 26 26 26 26 26
1 5 5 5 5 5 5
1 12 8 25 41 51 51 51 51 51 51 51 51 51
1 3 15 15 15
1 3 2 2 14
1 3 10 29 29
1 9 7 24 24 24 24 24 24 24 4
1 7 25 42 42 42 42 42 42
1 6 11 30 22 2 14 6
1 6 11 30 22 2 15 6
1 6 11 30 22 2 15 6
1 6 11 30 22 2 15 6
1 5 11 30 22 2 17
1 6 11 30 22 2 15 6
1 6 11 30 22 2 15 6
1 6 11 30 22 6 2 14
1 7 11 30 45 45 45 45 45
1 6 11 30 22 6 2 14
1 3 5 5 5
1 5 11 30 22 6 2
1 5 11 30 22 6 2
1 5 11 30 22 6 2
1 3 1 18 18
1 6 5 5 5 5 5 5
1 4 2 14 32 46
1 5 9 28 44 44 14
1 5 9 28 44 44 14
1 9 3 18 38 49 49 49 49 49 49
1 4 2 14 32 46
1 5 9 28 44 14 33
1 4 9 27 27 27
1 6 6 22 22 6 2 14
1 6 6 22 22 6 2 14
1 5 3 18 38 2 14
1 5 3 18 38 2 14
1 6 6 22 22 6 22 40
1 6 6 22 22 6 2 14
1 6 6 22 22 6 2 14
1 6 6 22 22 6 2 14
1 6 6 22 22 6 2 14
1 6 6 22 22 6 2 14
1 6 6 22 22 6 2 14
1 10 4 21 39 39 39 39 39 39 39 39
1 8 2 14 32 46 32 46 32 46
1 8 2 14 32 46 32 46 32 46
1 8 2 14 32 46 32 46 32 46
1 8 2 14 32 46 32 46 32 46
1 11 4 2 14 4 2 14 4 2 14 32 46
1 8 2 14 32 46 32 46 32 46
1 8 2 14 32 46 32 46 32 46
1 10 4 21 39 39 39 39 39 39 39 39
1 4 5 5 5 5
1 4 1 13 13 13
1 4 3 19 19 19
1 5 9 28 44 44 44
1 3 5 5 5
1 5 9 28 43 52 52
1 3 3 18 38
1 5 3 18 38 2 14
1 10 4 2 15 4 2 14 32 46 32 46
1 3 3 18 38
1 5 3 18 38 2 14
1 10 4 2 15 4 2 14 34 2 2 14
1 10 2 15 2 14 34 2 2 14 32 46
1 13 4 2 15 4 2 14 32 46 32 2 14 32 46
1 12 2 15 2 14 34 2 2 14 32 46 32 46
1 10 2 15 2 14 34 2 2 14 32 46
1 10 2 15 2 14 34 2 2 14 32 46
1 10 2 15 2 14 34 2 2 14 32 46
1 11 2 15 2 14 32 2 14 33 33 33 33
1 12 2 2 2 15 35 35 35 35 35 35 35 35
1 13 4 2 15 4 2 14 32 46 32 2 14 32 46
1 4 10 29 29 29
1 6 2 14 32 46 32 46
1 8 2 14 33 33 33 33 33 33
1 4 2 14 32 46
1 8 2 14 32 46 32 15 2 14
1 8 2 14 32 46 32 15 2 14
1 10 2 14 32 46 32 46 32 46 32 46
1 4 2 14 32 46
1 4 2 14 32 46
1 8 2 15 6 2 14 4 2 14
1 6 4 2 14 32 46 4
1 3 1 13 13
1 3 9 27 27
1 4 9 28 44 14
1 5 5 5 5 5 5
1 6 2 14 32 46 32 46
1 6 2 14 32 46 32 46
1 11 2 14 33 33 33 33 33 33 33 33 33
1 6 2 14 32 46 32 46
1 6 2 14 32 46 32 46
1 6 2 14 32 46 32 46
1 12 5 5 5 5 5 5 5 5 5 5 5 5
1 6 2 14 32 46 32 46
1 3 2 14 33
1 4 6 23 23 23
1 3 1 18 18
1 3 2 14 4
1 3 2 14 33
1 3 2 14 33
1 4 10 29 29 29
1 8 6 22 40 40 40 40 40 40
1 11 4 21 39 39 39 39 39 39 39 39 39
1 11 4 2 14 6 22 2 14 32 46 32 46
1 14 4 2 17 17 17 17 17 17 17 17 17 17 17 17
1 10 2 14 6 22 2 14 32 46 32 46
1 10 2 14 6 22 2 14 32 46 32 46
1 4 7 24 24 4
1 5 10 29 29 29 29
1 4 5 5 5 5
1 10 6 22 40 40 40 40 40 40 40 40
1 9 6 22 40 40 40 40 40 40 40
1 10 2 14 6 22 2 14 32 46 32 46
1 10 2 14 6 22 2 14 32 46 32 46
1 11 2 2 14 6 22 2 14 32 46 32 46
1 10 6 22 40 40 40 40 40 40 40 40
1 8 6 22 2 14 32 46 32 46
1 14 8 25 41 50 54 55 57 59 60 62 63 65 68 38
1 14 8 25 41 50 54 55 57 59 60 62 63 65 68 38
1 12 5 5 5 5 5 5 5 5 5 5 5 5
1 6 2 14 32 46 32 46
1 6 2 14 32 46 32 46
1 8 2 14 32 46 32 46 32 46
1 4 2 14 32 46
1 4 2 14 32 46
1 6 2 14 32 46 32 46
1 8 2 14 32 46 32 46 32 46
1 6 2 14 32 46 32 46
1 7 5 5 5 5 5 5 5
1 4 2 14 32 46
1 6 25 54 56 56 56 56
1 12 5 5 5 5 5 5 5 5 5 5 5 5
1 14 8 25 41 50 54 55 57 59 60 62 63 65 68 38
1 14 8 25 41 50 54 55 57 59 60 62 63 65 68 38
1 12 5 5 5 5 5 5 5 5 5 5 5 5
1 14 8 25 41 50 54 55 57 59 60 62 63 65 68 38
1 11 5 5 5 5 5 5 5 5 5 5 5
1 3 15 15 15
1 13 5 5 5 5 5 5 5 5 5 5 5 5 5
1 14 8 25 41 50 54 55 57 59 60 62 63 65 68 38
1 11 25 41 50 54 55 57 59 60 62 64 64
1 14 8 25 41 50 54 55 57 59 60 62 63 65 68 38
1 12 8 25 41 50 54 56 56 56 56 56 56 56
1 6 25 54 56 56 56 56
1 12 5 5 5 5 5 5 5 5 5 5 5 5
1 11 25 41 51 51 51 51 51 51 51 51 51
1 5 5 5 5 5 5
1 5 5 5 5 5 5
1 8 5 5 5 5 5 5 5 5
1 4 5 5 5 5
1 4 2 14 32 46
1 4 2 14 32 46
1 4 2 14 32 46
1 16 8 25 41 50 54 55 57 59 60 62 64 64 64 64 64 64
1 4 2 14 32 46
1 16 8 25 41 50 54 55 57 59 60 62 64 64 64 64 64 64
1 4 2 14 32 46
1 3 2 2 2
1 3 1 18 18
1 25 2 16 2 14 4 2 15 4 2 14 15 4 2 14 15 4 2 14 32 46 4 20 20 20 20
1 5 7 24 24 24 4
1 3 7 24 4
1 5 5 5 5 5 5
1 9 15 35 35 35 35 35 35 35 35
1 11 9 28 44 44 44 14 33 33 33 33 33
1 4 9 27 27 27
1 13 15 35 35 35 35 35 35 35 35 35 35 35 35
1 28 5 5 5 5 5 5 5 5 5 5 5 5 5 5 5 5 5 5 5 5 5 5 5 5 5 5 5 5
1 9 9 28 43 52 52 52 52 52 52
1 5 9 28 43 52 52
1 19 2 16 2 14 32 15 2 14 32 46 53 53 53 53 53 53 53 53 53
1 17 2 16 2 14 32 15 2 14 15 2 14 15 2 14 32 15 15
1 19 2 16 2 14 32 15 2 17 17 17 17 17 17 17 17 17 17 17 17
1 22 2 16 2 14 32 47 47 47 2 14 32 46 32 15 2 14 15 2 14 32 15 15
1 9 15 2 14 15 2 14 32 15 15
1 9 15 2 14 15 2 14 32 46 53
1 20 2 16 2 14 32 47 47 2 14 32 46 53 53 53 53 53 53 53 53 53
1 20 2 16 2 14 32 47 47 2 14 32 46 53 53 53 53 53 53 53 53 53
1 5 2 14 33 33 33
1 6 9 28 44 14 32 46
1 4 5 5 5 5
1 4 2 14 32 46
1 6 4 2 14 32 46 4
1 4 2 2 2 14
1 3 5 5 5
1 13 8 25 41 50 3 19 19 19 19 19 19 19 19
1 6 50 3 18 37 37 37
1 11 50 3 18 37 37 37 37 37 37 37 37
1 6 4 2 14 4 2 14
1 6 50 3 18 37 37 37
1 7 50 3 18 37 37 37 37
1 3 50 3 18
1 4 2 14 32 46
1 4 2 14 32 46
1 3 12 2 14
1 5 50 3 18 37 37
1 3 2 14 12
1 3 2 14 12
1 3 2 14 12
1 3 2 14 12
1 4 2 14 32 46
1 4 2 14 32 46
1 3 2 14 12
1 5 9 27 27 27 27
1 3 5 5 5
1 6 2 14 32 46 32 46
1 6 2 14 32 46 32 46
1 16 5 5 5 5 5 5 5 5 5 5 5 5 5 5 5 5
1 8 2 2 2 14 32 46 32 15
1 7 14 14 32 2 14 32 46
1 4 2 14 32 46
1 4 5 5 5 5
1 5 10 29 29 29 29
1 13 25 41 50 54 55 57 59 60 62 64 64 64 64
1 9 5 5 5 5 5 5 5 5 5
1 4 2 14 32 46
1 3 14 33 33
1 4 2 14 32 46
1 3 1 18 18
1 5 5 5 5 5 5
1 6 9 28 44 44 44 44
1 5 5 5 5 5 5
1 3 2 2 14
1 4 2 14 32 46
1 3 2 2 14
1 6 2 14 32 46 32 46
1 4 2 14 32 46
1 5 2 14 32 46 4
1 4 7 24 24 4
1 7 5 5 5 5 5 5 5
1 6 5 5 5 5 5 5
1 9 6 22 22 2 14 33 33 33 33
1 7 5 5 5 5 5 5 5
1 6 3 18 38 2 14 33
1 8 3 18 38 49 49 49 49 49
1 12 8 25 41 50 54 55 57 59 60 62 64 64
1 5 4 20 20 20 20
1 8 3 18 38 2 14 32 46 4
1 4 5 5 5 5
1 3 25 54 60
1 4 2 14 32 46
1 4 2 14 32 46
1 7 5 5 5 5 5 5 5
1 4 14 32 2 14
1 4 2 14 32 46
1 12 8 25 41 50 54 55 57 59 60 62 64 64
1 4 25 54 60 61
1 6 54 55 58 58 58 58
1 6 54 60 61 61 61 61
1 3 1 13 13
1 3 54 60 61
1 4 5 5 5 5
1 4 25 54 60 61
1 4 54 60 61 61
1 6 54 60 61 61 61 61
1 5 54 60 61 61 61
1 5 54 55 58 58 58
1 6 54 55 58 58 58 58
1 3 5 5 5
1 10 5 5 5 5 5 5 5 5 5 5
1 15 8 25 41 50 3 19 19 19 19 19 19 19 19 19 19
1 8 2 14 32 46 32 46 32 46
1 6 3 19 19 19 19 19
1 3 50 54 60
1 3 2 2 14
1 6 50 3 18 38 2 14
1 5 5 5 5 5 5
1 3 5 5 5
1 3 2 14 33
1 5 25 42 42 42 42
1 5 25 42 42 42 42
1 3 4 2 17
1 3 2 2 14
1 3 9 27 27
1 3 1 18 18
1 6 9 27 27 27 27 27
1 5 9 27 27 27 27
1 15 12 2 14 34 2 17 17 17 17 17 17 17 17 17 17
1 14 2 2 14 14 32 2 14 32 2 14 32 2 2 2
1 25 12 2 14 34 48 48 48 48 48 48 48 48 48 48 48 48 48 48 48 48 48 48 48 48 48
1 10 12 2 2 34 2 34 2 2 14 14
1 7 4 21 39 39 39 39 39
1 28 12 2 14 32 46 32 47 47 47 2 34 48 48 48 48 48 48 48 48 48 48 48 48 48 48 48 48 48
1 14 2 2 14 15 2 2 14 14 32 2 2 2 2 14
1 22 12 2 14 32 46 32 47 2 34 2 2 2 2 34 48 48 48 48 48 48 48 48
1 15 2 2 34 2 2 2 34 48 48 48 48 48 48 48 48
1 23 12 31 31 31 31 31 31 31 31 31 31 31 31 31 31 31 31 31 31 31 31 31 31
1 15 2 2 2 2 2 2 34 2 14 32 47 2 14 34 2
1 11 12 31 31 31 31 31 31 31 31 31 31
1 3 9 27 27
1 14 12 2 14 34 48 48 48 48 48 48 48 48 48 48
1 15 5 5 5 5 5 5 5 5 5 5 5 5 5 5 5
1 22 12 34 2 14 32 46 32 47 2 17 17 17 17 17 17 17 17 17 17 17 17 17
1 11 12 31 31 31 31 31 31 31 31 31 31
1 6 4 2 2 2 34 2
1 26 12 31 31 31 31 31 31 31 31 31 31 31 31 31 31 31 31 31 31 31 31 31 31 31 31 31
1 9 12 2 2 2 2 14 32 2 2
1 5 4 2 2 2 34
1 11 12 34 2 2 2 2 2 34 2 2 2
1 5 14 32 2 2 17
1 25 12 2 14 33 33 33 33 33 33 33 33 33 33 33 33 33 33 33 33 33 33 33 33 33 33
1 13 12 31 31 31 31 31 31 31 31 31 31 31 31
1 23 12 34 2 14 34 2 14 32 47 47 2 14 32 2 14 32 46 32 47 2 15 2 15
1 10 12 34 2 2 14 32 2 2 14 34
1 7 14 32 2 2 14 34 48
1 29 12 2 16 36 36 36 36 36 36 36 36 36 36 36 36 36 36 36 36 36 36 36 36 36 36 36 36 36 36
1 10 12 2 14 32 2 2 2 2 2 34
1 10 5 5 5 5 5 5 5 5 5 5
1 20 12 2 14 32 2 34 2 2 2 34 48 48 48 48 48 48 48 48 48 48
1 9 12 34 2 2 14 32 46 32 46
1 12 12 2 34 2 2 17 17 17 17 17 17 17
1 4 2 2 34 2
1 25 12 2 2 14 4 2 14 32 46 32 2 14 34 48 48 48 48 48 48 48 48 48 48 48 48
1 19 2 14 14 32 47 2 2 15 2 34 48 48 48 48 48 48 48 48 48
1 5 9 28 43 52 52
1 5 3 19 19 19 19
1 5 9 28 44 44 14
1 3 2 17 17
1 10 3 18 38 49 49 49 49 49 49 49
1 3 3 18 38
1 7 3 19 19 19 19 19 19
1 4 2 17 17 17
1 4 2 14 32 46
1 8 3 19 19 19 19 19 19 19
1 4 3 19 19 19
1 4 2 14 4 20
1 3 2 15 35
1 4 2 14 32 46
1 4 2 14 32 15
1 3 15 2 14
1 4 2 14 32 46
1 4 2 14 32 46
1 4 2 15 2 14
1 8 3 18 38 49 49 49 49 49
1 3 2 14 4
1 4 2 14 4 20
1 4 2 14 15 15
1 17 25 41 51 51 51 51 51 51 51 51 51 51 51 51 51 51 51
1 3 15 15 15
1 4 2 14 15 15
1 7 14 15 4 21 39 39 39
1 11 5 5 5 5 5 5 5 5 5 5 5
1 3 2 14 4
1 4 15 6 2 14
1 5 15 2 15 4 20
1 6 3 18 38 2 14 33
1 10 8 25 41 50 54 55 57 59 60 61
1 16 3 19 19 19 19 19 19 19 19 19 19 19 19 19 19 19
1 13 8 25 41 50 3 19 19 19 19 19 19 19 19
1 12 8 25 41 50 54 55 57 59 60 62 63 66
1 3 14 32 46
1 8 5 5 5 5 5 5 5 5
1 7 5 5 5 5 5 5 5
1 3 7 24 4
1 3 25 41 51
1 3 3 18 38
1 3 1 13 13
1 4 2 14 32 46
1 3 5 5 5
