439 69
1 3 1 19 19
1 6 2 15 33 47 33 47
1 13 3 19 39 50 50 50 50 50 50 50 50 50 50
1 8 15 5 22 40 15 35 35 35
1 6 2 15 33 47 33 47
1 8 13 13 2 15 33 47 33 47
1 8 2 15 33 47 33 47 33 47
1 8 2 15 33 47 33 47 33 47
1 6 2 15 33 47 33 47
1 11 3 19 39 50 50 50 50 50 50 50 50
1 3 3 19 39
1 3 2 15 4
1 5 13 13 2 15 35
1 4 6 2 15 4
1 6 3 20 20 20 20 20
1 4 13 2 15 35
1 4 2 15 33 47
1 3 2 15 35
1 14 7 25 43 52 55 56 58 59 60 62 64 64 64 64
1 4 2 15 33 47
1 4 2 15 33 47
1 4 2 15 33 47
1 6 2 15 33 47 33 47
1 6 2 15 33 47 33 47
1 6 2 15 33 47 33 47
1 6 2 15 33 47 33 47
1 6 2 15 33 47 33 47
1 20 7 25 43 52 55 57 57 57 57 57 57 57 57 57 57 57 57 57 57 57
1 8 2 15 33 47 33 47 33 47
1 6 2 15 33 47 33 47
1 8 2 15 33 47 33 47 33 47
1 7 4 2 15 5 22 40 15
1 6 4 2 15 33 47 4
1 4 2 15 33 47
1 4 2 15 33 47
1 5 8 28 45 45 45
1 5 8 28 45 45 2
1 4 2 15 33 47
1 8 4 21 21 15 4 21 21 15
1 4 6 2 15 4
1 3 4 2 15
1 3 2 15 35
1 4 2 15 33 47
1 4 2 15 33 47
1 4 2 15 33 47
1 5 25 43 53 53 53
1 3 4 2 15
1 3 2 15 15
1 3 2 15 4
1 3 4 2 15
1 3 5 2 15
1 3 2 2 15
1 11 7 25 44 44 44 44 44 44 44 44 44
1 6 13 13 13 13 13 13
1 11 7 25 43 53 53 53 53 53 53 53 53
1 7 13 13 13 2 16 2 15
1 3 13 13 13
1 3 13 13 13
1 6 13 13 13 13 13 13
1 9 25 43 53 53 53 53 53 53 53
1 13 13 13 13 13 13 13 13 13 13 13 13 13 13
1 7 7 26 26 26 26 26 26
1 5 13 13 13 13 13
1 12 7 25 43 53 53 53 53 53 53 53 53 53
1 3 16 16 16
1 3 9 29 29
1 9 6 24 24 24 24 24 24 24 24
1 7 25 44 44 44 44 44 44
1 7 13 13 13 13 13 13 13
1 6 10 30 22 40 16 5
1 6 10 30 22 40 16 5
1 6 10 30 22 40 16 5
1 6 10 30 22 40 16 5
1 6 10 30 22 40 16 5
1 6 10 30 22 40 16 5
1 5 10 30 22 40 51
1 6 10 30 22 40 16 5
1 6 10 30 22 40 16 5
1 6 10 30 22 5 2 15
1 6 10 30 22 5 2 15
1 7 10 30 46 46 46 46 46
1 4 25 44 44 44
1 6 10 30 22 5 2 15
1 5 10 30 22 5 2
1 5 10 30 22 5 2
1 5 10 30 22 5 2
1 3 1 19 19
1 7 4 21 21 15 33 47 4
1 6 13 2 15 35 35 35
1 4 2 15 33 47
1 5 8 28 45 2 15
1 5 8 28 45 2 15
1 9 3 19 39 50 50 50 50 50 50
1 4 2 15 33 47
1 4 8 27 27 27
1 3 6 2 15
1 4 6 2 15 4
1 5 13 2 15 4 21
1 6 5 22 42 5 2 15
1 6 5 22 42 5 2 15
1 5 3 19 39 2 15
1 4 3 19 38 38
1 7 3 19 39 50 50 50 50
1 6 5 22 42 5 22 41
1 6 5 22 42 5 2 15
1 6 5 22 42 5 2 15
1 6 5 22 42 5 2 15
1 6 5 22 42 5 2 15
1 6 5 22 42 5 2 15
1 6 5 22 42 5 2 15
1 8 2 15 33 47 33 47 33 47
1 8 2 15 33 47 33 47 33 47
1 11 4 2 15 4 2 15 4 2 15 33 47
1 8 2 15 33 47 33 47 33 47
1 8 2 15 33 47 33 47 33 47
1 8 2 15 33 47 33 47 33 47
1 10 4 21 15 4 2 15 33 47 33 47
1 14 4 2 15 4 21 21 15 33 47 4 2 15 33 47
1 4 12 32 32 32
1 4 1 14 14 14
1 4 3 20 20 20
1 5 8 28 45 2 16
1 3 12 32 32
1 5 8 28 45 2 16
1 3 3 19 39
1 5 3 19 39 2 15
1 10 4 2 16 4 2 15 33 47 33 47
1 5 3 19 39 2 15
1 10 4 2 16 4 2 15 34 2 2 15
1 13 4 2 16 4 2 15 33 47 33 2 15 33 47
1 12 2 16 2 15 34 2 2 15 33 47 33 47
1 10 2 16 2 15 34 2 2 15 33 47
1 10 2 16 2 15 34 2 2 15 33 47
1 10 2 16 2 15 34 2 2 15 33 47
1 12 2 2 2 16 36 36 36 36 36 36 36 36
1 13 4 2 16 4 2 15 33 47 33 2 15 33 47
1 6 3 19 39 2 16 4
1 4 16 2 16 36
1 4 9 29 29 29
1 6 2 15 33 47 33 47
1 8 2 15 35 35 35 35 35 35
1 4 2 15 33 47
1 8 2 15 33 47 33 16 2 15
1 8 2 15 33 47 33 16 2 15
1 10 2 15 33 47 33 47 33 47 33 47
1 4 2 15 33 47
1 4 2 15 33 47
1 8 2 16 5 2 15 4 2 15
1 4 2 16 2 15
1 6 2 16 4 21 21 15
1 6 4 2 15 33 47 4
1 3 1 14 14
1 4 8 28 45 45
1 3 12 32 32
1 14 13 2 15 33 47 54 54 54 54 54 54 54 54 54
1 7 2 15 33 47 33 47 54
1 6 2 15 33 47 33 47
1 6 2 15 33 47 33 47
1 6 2 15 33 47 33 47
1 6 2 15 33 47 33 47
1 3 2 15 35
1 4 5 23 23 23
1 3 1 19 19
1 3 2 15 4
1 3 2 15 35
1 4 12 32 32 32
1 3 2 15 35
1 3 2 15 35
1 8 5 22 41 41 41 41 41 41
1 11 4 21 15 5 22 40 15 33 47 33 47
1 11 4 2 15 5 22 40 15 33 47 33 47
1 10 2 15 5 22 40 15 33 47 33 47
1 14 4 2 17 17 17 17 17 17 17 17 17 17 17 17
1 10 2 15 5 22 40 15 33 47 33 47
1 10 2 15 5 22 40 15 33 47 33 47
1 8 5 22 40 15 33 47 33 47
1 4 6 2 15 4
1 5 9 29 29 29 29
1 4 13 13 13 13
1 10 5 22 41 41 41 41 41 41 41 41
1 10 5 22 41 41 41 41 41 41 41 41
1 10 2 15 5 22 40 15 33 47 33 47
1 10 2 15 5 22 40 15 33 47 33 47
1 10 2 15 5 22 40 15 33 47 33 47
1 10 5 22 41 41 41 41 41 41 41 41
1 13 4 2 15 5 22 41 41 41 41 41 41 41 41
1 8 5 22 40 15 33 47 33 47
1 14 7 25 43 52 55 56 58 59 60 62 63 66 69 39
1 14 7 25 43 52 55 56 58 59 60 62 63 66 69 39
1 12 13 13 13 13 13 13 13 13 13 13 13 13
1 6 2 15 33 47 33 47
1 6 2 15 33 47 33 47
1 8 2 15 33 47 33 47 33 47
1 4 2 15 33 47
1 4 2 15 33 47
1 6 2 15 33 47 33 47
1 8 2 15 33 47 33 47 33 47
1 7 13 2 15 33 47 33 47
1 6 25 55 57 57 57 57
1 12 13 13 13 13 13 13 13 13 13 13 13 13
1 14 7 25 43 52 55 56 58 59 60 62 63 66 69 39
1 14 7 25 43 52 55 56 58 59 60 62 63 66 69 39
1 12 13 13 13 13 13 13 13 13 13 13 13 13
1 14 7 25 43 52 55 56 58 59 60 62 63 66 69 39
1 11 13 13 13 13 13 13 13 13 13 13 13
1 3 16 16 16
1 13 13 13 13 13 13 13 13 13 13 13 13 2 15
1 14 7 25 43 52 55 56 58 59 60 62 63 66 69 39
1 12 7 25 43 52 55 57 57 57 57 57 57 57
1 14 7 25 43 52 55 56 58 59 60 62 63 66 69 39
1 14 7 25 43 52 55 56 58 59 60 62 63 66 69 39
1 6 25 55 57 57 57 57
1 11 25 43 53 53 53 53 53 53 53 53 53
1 5 13 13 13 13 13
1 8 13 13 13 13 13 13 2 15
1 4 13 13 13 13
1 4 2 15 33 47
1 4 2 15 33 47
1 4 2 15 33 47
1 4 2 15 33 47
1 4 2 15 33 47
1 16 7 25 43 52 55 56 58 59 60 62 64 64 64 64 64 64
1 4 2 15 33 47
1 16 7 25 43 52 55 56 58 59 60 62 64 64 64 64 64 64
1 4 2 15 33 47
1 3 2 2 2
1 3 1 19 19
1 5 6 24 24 24 24
1 4 9 29 29 29
1 5 13 13 13 2 15
1 9 16 36 36 36 36 36 36 36 36
1 11 8 28 45 45 2 15 35 35 35 35 35
1 4 8 27 27 27
1 13 16 36 36 36 36 36 36 36 36 36 36 36 36
1 13 4 2 15 4 2 15 33 47 4 21 21 21 21
1 9 8 28 45 2 15 35 35 35 35
1 5 8 28 45 2 15
1 19 2 18 2 15 33 16 2 15 33 47 54 54 54 54 54 54 54 54 54
1 20 2 18 2 15 33 48 48 48 48 48 48 48 48 48 48 48 48 48 48 48
1 20 2 18 2 15 33 48 48 48 48 48 48 48 48 48 48 48 48 48 48 48
1 9 16 2 15 16 2 15 33 16 16
1 20 2 18 2 15 33 48 48 48 48 48 48 48 48 48 48 48 48 48 48 48
1 5 2 15 35 35 35
1 6 8 28 45 45 2 15
1 4 13 13 13 13
1 4 2 15 33 47
1 4 2 15 33 47
1 6 4 2 15 33 47 4
1 4 2 15 33 47
1 4 2 2 2 15
1 3 13 2 15
1 13 7 25 43 52 3 20 20 20 20 20 20 20 20
1 6 52 3 19 38 38 38
1 3 52 3 19
1 11 52 3 19 38 38 38 38 38 38 38 38
1 6 4 2 15 4 2 15
1 3 52 3 19
1 4 2 15 33 47
1 4 2 15 33 47
1 6 11 31 31 31 31 31
1 3 11 2 15
1 4 2 15 33 47
1 3 11 2 15
1 5 52 3 19 38 38
1 3 2 15 35
1 3 2 15 35
1 3 2 15 35
1 3 2 15 35
1 4 2 15 33 47
1 4 2 15 33 47
1 4 2 17 17 17
1 3 13 13 13
1 6 2 15 33 47 33 47
1 6 2 15 33 47 33 47
1 16 13 13 13 13 13 13 13 13 13 13 13 13 2 15 33 47
1 8 2 2 2 15 33 47 33 16
1 7 15 15 33 2 15 33 47
1 4 2 15 33 47
1 5 9 29 29 29 29
1 13 25 43 52 55 56 58 59 60 62 64 64 64 64
1 4 2 15 33 47
1 3 15 35 35
1 13 7 25 43 52 55 56 58 59 60 62 63 66 68
1 3 1 19 19
1 5 22 42 5 2 15
1 6 8 28 45 2 17 17
1 5 13 13 13 13 13
1 4 13 2 15 4
1 4 2 15 33 47
1 3 2 2 15
1 6 2 15 33 47 33 47
1 4 2 15 33 47
1 5 2 15 33 47 4
1 4 6 2 15 4
1 5 25 44 44 44 44
1 7 22 40 15 35 35 35 35
1 6 22 40 15 5 2 15
1 7 22 42 5 2 15 33 47
1 5 25 55 60 61 61
1 4 22 5 2 15
1 4 2 15 35 35
1 8 3 19 39 50 50 50 50 50
1 12 7 25 43 52 55 56 58 59 60 62 65 39
1 5 4 21 21 21 15
1 8 3 19 39 2 15 33 47 4
1 10 25 43 52 55 57 57 57 57 57 57
1 3 25 55 60
1 3 25 55 60
1 4 2 15 33 47
1 7 13 13 13 2 15 33 47
1 4 2 15 33 47
1 7 3 19 39 2 15 33 47
1 10 7 25 43 52 55 56 58 59 60 61
1 12 7 25 43 52 55 56 58 59 60 62 65 39
1 4 25 55 60 28
1 5 55 56 60 28 45
1 6 55 56 60 28 45 45
1 6 55 60 61 61 61 61
1 3 1 14 14
1 3 55 60 28
1 3 1 14 14
1 6 55 56 60 28 45 45
1 4 13 13 13 13
1 12 7 25 43 52 55 56 58 59 60 62 65 39
1 12 7 25 43 52 55 56 58 59 60 62 65 39
1 4 25 55 60 28
1 4 55 60 61 61
1 6 55 60 61 61 61 61
1 5 55 56 60 61 61
1 5 55 60 61 61 61
1 6 55 56 60 28 45 45
1 3 3 19 39
1 12 7 25 43 52 55 56 58 59 60 62 65 39
1 3 13 2 15
1 14 7 25 43 52 55 56 58 59 60 62 65 67 67 67
1 10 13 13 13 13 13 13 13 13 13 13
1 15 7 25 43 52 3 20 20 20 20 20 20 20 20 20 20
1 5 13 13 13 13 13
1 8 2 15 33 47 33 47 33 47
1 3 13 2 15
1 6 3 20 20 20 20 20
1 3 2 2 15
1 6 52 3 19 39 2 15
1 5 13 13 13 13 13
1 3 13 2 15
1 3 2 15 35
1 5 25 44 44 44 44
1 5 25 44 44 44 44
1 3 13 2 15
1 3 4 2 17
1 3 2 2 15
1 3 8 27 27
1 3 1 19 19
1 6 8 27 27 27 27 27
1 5 8 27 27 27 27
1 14 2 2 15 15 33 2 15 33 2 15 33 2 2 2
1 25 11 2 15 34 15 33 16 2 2 15 34 2 15 33 2 15 15 33 2 2 2 2 15 34 2
1 10 11 2 2 34 2 34 2 2 15 15
1 14 2 2 15 16 2 2 15 15 33 2 2 2 2 15
1 3 2 2 2
1 15 2 2 34 2 2 2 34 15 33 47 54 54 54 54 54
1 23 11 31 31 31 31 31 31 31 31 31 31 31 31 31 31 31 31 31 31 31 31 31 31
1 15 2 2 2 2 2 2 34 2 15 33 48 48 48 48 48
1 21 11 2 15 33 2 34 2 15 33 2 2 34 15 33 47 33 2 15 33 2 2
1 11 11 31 31 31 31 31 31 31 31 31 31
1 4 2 2 15 34
1 7 8 28 45 45 2 2 2
1 3 8 27 27
1 14 11 2 15 34 49 49 49 49 49 49 49 49 49 49
1 15 13 2 15 33 48 48 48 48 48 48 48 48 48 48 48
1 11 11 31 31 31 31 31 31 31 31 31 31
1 26 11 31 31 31 31 31 31 31 31 31 31 31 31 31 31 31 31 31 31 31 31 31 31 31 31 31
1 25 11 34 49 49 49 49 49 49 49 49 49 49 49 49 49 49 49 49 49 49 49 49 49 49 49
1 11 11 34 2 2 2 2 2 34 2 2 2
1 5 15 33 2 2 17
1 23 11 34 15 33 47 33 2 2 15 33 47 54 54 54 54 54 54 54 54 54 54 54 54
1 14 2 2 15 34 49 49 49 49 49 49 49 49 49 49
1 6 2 2 2 2 34 2
1 23 11 34 2 15 34 2 15 33 48 48 48 48 48 48 48 48 48 48 48 48 48 48 48
1 9 11 2 15 33 2 2 34 2 2
1 5 2 2 18 2 34
1 23 11 2 15 33 47 33 47 33 2 15 34 15 33 2 2 15 15 33 2 34 2 2 18
1 10 11 34 2 2 15 33 2 2 15 34
1 7 15 33 2 2 15 34 49
1 29 11 2 18 37 37 37 37 37 37 37 37 37 37 37 37 37 37 37 37 37 37 37 37 37 37 37 37 37 37
1 10 11 2 15 33 2 2 2 2 2 34
1 10 13 13 2 17 17 17 17 17 17 17
1 20 11 2 15 33 2 34 2 2 2 34 49 49 49 49 49 49 49 49 49 49
1 6 2 2 15 33 2 17
1 23 11 31 31 31 31 31 31 31 31 31 31 31 31 31 31 31 31 31 31 31 31 31 31
1 12 11 2 34 2 2 17 17 17 17 17 17 17
1 4 2 2 34 2
1 6 8 28 45 45 45 45
1 6 6 24 24 24 24 24
1 5 3 20 20 20 20
1 5 8 28 45 2 15
1 3 2 17 17
1 10 3 19 39 50 50 50 50 50 50 50
1 3 3 19 39
1 5 2 15 33 47 54
1 4 3 19 39 50
1 7 3 20 20 20 20 20 20
1 4 2 17 17 17
1 4 2 15 33 47
1 8 3 20 20 20 20 20 20 20
1 4 3 20 20 20
1 4 2 15 4 21
1 4 2 15 33 47
1 3 2 16 36
1 8 3 19 38 38 38 38 38 38
1 4 2 15 33 47
1 5 13 13 13 2 15
1 3 16 2 15
1 4 2 15 33 47
1 4 2 16 2 15
1 3 16 2 15
1 9 4 2 17 17 17 17 17 17 17
1 3 2 15 4
1 4 2 15 4 21
1 4 2 15 16 16
1 17 25 43 53 53 53 53 53 53 53 53 53 53 53 53 53 53 53
1 3 7 26 26
1 3 16 16 16
1 3 16 16 16
1 4 2 15 16 16
1 7 15 16 4 21 21 21 21
1 6 3 19 39 2 15 4
1 11 13 13 13 13 13 13 13 13 13 13 13
1 3 2 15 4
1 4 16 5 2 15
1 6 3 19 39 2 15 35
1 10 7 25 43 52 55 56 58 59 60 61
1 3 15 33 47
1 8 13 13 13 13 13 13 2 15
1 3 25 43 53
1 3 3 19 39
1 3 1 14 14
1 4 2 15 33 47
1 3 12 32 32
