438 64
1 3 1 18 18
1 6 2 14 32 44 32 44
1 13 3 18 36 46 46 46 46 46 46 46 46 46 46
1 8 14 5 21 43 49 54 54 54
1 6 2 14 32 44 32 44
1 6 2 14 32 44 32 44
1 6 2 14 32 44 32 44
1 9 3 18 36 2 14 32 44 32 44
1 8 2 14 32 44 32 44 32 44
1 8 2 14 32 44 32 44 32 44
1 6 2 14 32 44 32 44
1 11 3 18 36 46 46 46 46 46 46 46 46
1 3 3 18 36
1 3 2 14 4
1 6 3 19 19 19 19 19
1 4 8 2 14 33
1 3 2 14 33
1 6 3 18 36 2 14 33
1 13 6 23 38 47 52 55 57 58 59 61 43 49 54
1 15 6 23 38 47 52 55 57 58 59 61 63 36 2 14 33
1 14 6 23 38 47 52 55 57 58 59 61 62 62 62 62
1 4 2 14 32 44
1 4 2 14 32 44
1 10 8 8 8 8 8 8 8 8 2 14
1 6 2 14 32 44 32 44
1 6 2 14 32 44 32 44
1 6 2 14 32 44 32 44
1 6 2 14 32 44 32 44
1 6 2 14 32 44 32 44
1 6 2 14 32 44 32 44
1 20 6 23 38 47 52 56 56 56 56 56 56 56 56 56 56 56 56 56 56 56
1 8 2 14 32 44 32 44 32 44
1 6 2 14 32 44 32 44
1 7 4 2 14 5 21 43 49
1 4 2 14 32 44
1 4 2 14 32 44
1 6 4 2 14 32 44 51
1 4 2 14 32 44
1 4 2 14 32 44
1 5 7 26 40 14 33
1 5 7 26 40 14 32
1 4 2 14 32 44
1 8 4 20 20 20 20 20 20 20
1 4 9 2 14 4
1 3 4 2 14
1 4 2 14 32 44
1 3 2 32 44
1 4 2 14 32 44
1 5 23 38 48 48 48
1 3 8 8 2
1 3 4 2 14
1 3 2 14 33
1 3 2 14 33
1 3 2 14 4
1 3 5 2 14
1 3 2 32 44
1 11 6 23 39 39 39 39 39 39 39 39 39
1 5 38 48 48 48 48
1 6 38 48 48 48 48 48
1 11 6 23 38 48 48 48 48 48 48 48 48
1 7 8 8 8 2 15 32 44
1 3 8 8 8
1 3 8 8 8
1 14 23 39 39 39 39 39 39 39 39 39 39 39 39 39
1 6 8 8 8 8 8 8
1 9 23 38 48 48 48 48 48 48 48
1 10 8 8 8 8 8 8 8 8 2 14
1 7 6 24 24 24 24 24 24
1 5 38 48 48 48 48
1 12 6 23 38 48 48 48 48 48 48 48 48 48
1 3 2 32 44
1 3 10 2 14
1 9 9 27 27 27 27 27 27 27 27
1 7 23 39 39 39 39 39 39
1 7 38 48 48 48 48 48 48
1 6 11 29 21 43 49 54
1 6 11 29 21 43 15 5
1 6 11 29 21 43 15 5
1 6 11 29 21 43 15 5
1 6 11 29 21 43 15 5
1 6 11 29 21 43 15 5
1 6 11 29 21 43 15 5
1 5 11 29 21 43 50
1 6 11 29 21 43 15 5
1 6 11 29 21 43 15 5
1 6 11 29 21 5 2 14
1 7 11 29 41 41 41 41 41
1 4 23 39 39 39
1 6 11 29 21 5 2 14
1 3 8 8 8
1 5 11 29 21 5 2
1 5 11 29 21 5 2
1 3 1 18 18
1 7 4 20 20 20 20 20 20
1 6 8 2 14 33 33 33
1 4 2 14 32 44
1 5 7 26 40 2 14
1 5 7 26 40 2 14
1 9 3 18 36 46 46 46 46 46 46
1 5 7 26 40 14 33
1 3 9 2 14
1 4 9 2 14 4
1 5 8 2 14 4 20
1 6 5 21 21 5 2 14
1 6 5 21 21 5 2 14
1 6 5 21 21 5 2 14
1 4 3 18 35 35
1 7 3 18 36 46 46 46 46
1 5 3 18 36 2 14
1 6 5 21 21 5 21 37
1 6 5 21 21 5 2 14
1 6 5 21 21 5 2 14
1 10 4 20 20 20 20 20 20 20 20 20
1 8 2 14 32 44 32 44 32 44
1 8 2 14 32 44 32 44 32 44
1 8 2 14 32 44 32 44 32 44
1 11 4 2 14 4 2 14 4 2 14 32 44
1 8 2 14 32 44 32 44 32 44
1 8 2 14 32 44 32 44 32 44
1 14 4 2 14 4 20 20 20 20 20 20 20 20 20 20
1 4 1 13 13 13
1 4 3 19 19 19
1 5 7 26 40 2 15
1 3 3 18 36
1 10 4 2 15 4 2 14 32 44 32 44
1 3 3 18 36
1 10 4 2 15 4 2 14 33 33 33 33
1 10 2 15 32 44 31 32 43 49 2 14
1 12 2 15 32 44 31 32 43 49 2 14 32 44
1 10 2 15 32 44 31 32 43 49 2 14
1 11 2 15 32 44 32 43 49 54 54 54 54
1 12 2 32 43 15 34 34 34 34 34 34 34 34
1 13 4 2 15 4 2 14 32 44 32 43 49 2 14
1 6 3 18 36 2 15 4
1 4 15 32 15 34
1 4 10 2 14 4
1 6 2 14 32 44 32 44
1 4 2 14 32 44
1 8 2 14 32 44 32 15 32 44
1 10 2 14 32 44 32 44 32 44 32 44
1 4 2 14 32 44
1 8 2 15 5 2 14 4 2 14
1 4 2 15 32 44
1 6 2 15 4 20 20 20
1 3 7 25 25
1 4 7 26 40 14
1 3 8 2 14
1 14 8 2 14 32 44 51 51 51 51 51 51 51 51 51
1 5 8 8 2 14 33
1 7 2 14 32 44 32 44 51
1 6 2 14 32 44 32 44
1 6 2 14 32 44 32 44
1 6 2 14 32 44 32 44
1 11 2 14 33 33 33 33 33 33 33 33 33
1 6 2 14 32 44 32 44
1 6 2 14 32 44 32 44
1 12 8 2 14 33 33 33 33 33 33 33 33 33
1 6 2 14 32 44 32 44
1 3 2 14 33
1 4 5 22 22 22
1 3 1 18 18
1 3 2 14 4
1 4 8 2 14 4
1 3 2 14 33
1 3 2 14 33
1 4 10 2 14 4
1 8 5 21 37 37 37 37 37 37
1 11 4 2 14 5 21 43 49 2 14 32 44
1 10 2 14 5 21 43 49 2 14 32 44
1 14 4 2 16 16 16 16 16 16 16 16 16 16 16 16
1 10 2 14 5 21 43 49 2 14 32 44
1 8 5 21 43 49 2 14 32 44
1 4 9 2 14 4
1 5 10 2 14 32 44
1 10 5 21 37 37 37 37 37 37 37 37
1 10 5 21 37 37 37 37 37 37 37 37
1 9 5 21 37 37 37 37 37 37 37
1 10 2 14 5 21 43 49 2 14 32 44
1 11 2 32 44 51 51 51 51 51 51 51 51
1 10 2 14 5 21 43 49 2 14 32 44
1 10 5 21 37 37 37 37 37 37 37 37
1 13 4 2 14 5 21 37 37 37 37 37 37 37 37
1 8 5 21 43 49 2 14 32 44
1 14 6 23 38 47 52 55 57 58 59 61 43 49 4 36
1 14 6 23 38 47 52 55 57 58 59 61 43 49 4 36
1 6 2 14 32 44 32 44
1 6 2 14 32 44 32 44
1 8 2 14 32 44 32 44 32 44
1 4 2 14 32 44
1 6 2 14 32 44 32 44
1 6 2 14 32 44 32 44
1 4 2 14 32 44
1 12 8 8 8 8 8 8 8 8 8 8 8 8
1 14 6 23 38 47 52 55 57 58 59 61 43 49 4 36
1 12 8 8 8 8 8 8 8 8 8 8 8 8
1 14 6 23 38 47 52 55 57 58 59 61 43 49 4 36
1 14 6 23 38 47 52 55 57 58 59 61 43 49 4 36
1 11 8 8 8 8 8 8 8 8 8 8 8
1 14 6 23 38 47 52 55 57 58 59 61 43 49 4 36
1 12 6 23 38 47 52 56 56 56 56 56 56 56
1 11 23 38 47 52 55 57 58 59 61 62 62
1 14 6 23 38 47 52 55 57 58 59 61 43 49 4 36
1 14 6 23 38 47 52 55 57 58 59 61 43 49 4 36
1 12 6 23 38 47 52 56 56 56 56 56 56 56
1 12 8 8 8 8 8 8 8 8 8 8 8 8
1 11 23 38 48 48 48 48 48 48 48 48 48
1 5 8 8 8 8 8
1 5 8 8 8 8 8
1 4 8 8 8 8
1 4 2 14 32 44
1 4 2 14 32 44
1 4 2 14 32 44
1 4 2 14 32 44
1 16 6 23 38 47 52 55 57 58 59 61 62 62 62 62 62 62
1 4 2 14 32 44
1 3 2 32 43
1 3 1 18 18
1 25 2 17 43 49 4 2 15 4 2 14 33 33 33 33 33 33 33 33 33 33 33 33 33 33 33
1 5 9 27 27 27 27
1 4 10 2 14 4
1 3 9 27 27
1 5 8 8 8 2 14
1 9 15 34 34 34 34 34 34 34 34
1 13 15 34 34 34 34 34 34 34 34 34 34 34 34
1 13 4 2 14 4 2 14 32 44 51 51 51 51 51
1 28 8 2 14 32 45 45 45 45 45 45 45 45 45 45 45 45 45 45 45 45 45 45 45 45 45 45 45 45
1 9 7 26 40 2 14 33 33 33 33
1 5 7 26 40 2 14
1 19 2 17 43 49 2 15 32 44 32 44 15 32 44 15 32 44 32 44 15
1 20 2 17 43 49 2 17 15 32 44 32 44 15 32 44 15 32 44 32 15 15
1 17 2 17 43 49 2 15 32 44 15 32 44 15 32 44 32 15 15
1 19 2 17 43 49 2 15 32 45 45 45 45 45 45 45 45 45 45 45 45
1 20 2 17 43 49 2 17 15 32 44 32 44 15 32 44 15 32 44 32 15 15
1 22 2 17 43 49 2 17 15 15 32 44 32 44 32 15 32 44 15 32 44 32 15 15
1 9 15 32 44 15 32 44 32 15 15
1 9 15 32 44 15 32 44 32 44 15
1 20 2 17 43 49 2 17 15 32 44 32 44 15 32 44 15 32 44 32 15 15
1 20 2 17 43 49 2 17 15 32 44 32 44 15 32 44 15 32 44 32 15 15
1 5 2 14 33 33 33
1 6 7 26 40 14 32 44
1 4 8 8 8 8
1 4 2 14 32 44
1 4 2 14 32 44
1 6 4 2 14 32 44 51
1 4 2 14 32 44
1 3 8 2 14
1 13 6 23 38 47 3 19 19 19 19 19 19 19 19
1 6 47 3 18 35 35 35
1 3 47 3 18
1 11 47 3 18 35 35 35 35 35 35 35 35
1 6 4 2 14 4 2 14
1 6 47 3 18 35 35 35
1 7 47 3 18 35 35 35 35
1 3 47 3 18
1 6 12 30 30 30 30 30
1 3 12 32 44
1 4 2 14 32 44
1 3 12 32 44
1 5 47 3 18 35 35
1 3 2 14 33
1 3 2 14 33
1 3 2 14 33
1 4 2 16 16 16
1 3 2 14 33
1 5 7 25 25 25 25
1 3 8 8 8
1 6 2 14 32 44 32 44
1 6 2 14 32 44 32 44
1 16 8 8 8 8 8 8 8 8 8 8 8 8 2 14 32 44
1 8 2 32 43 49 2 14 32 15
1 4 8 8 2 14
1 5 10 28 28 28 28
1 13 23 38 47 52 55 57 58 59 61 62 62 62 62
1 9 8 8 8 8 8 8 8 8 8
1 4 2 14 32 44
1 3 14 33 33
1 13 6 23 38 47 52 55 57 58 59 61 43 49 54
1 4 2 14 32 44
1 5 8 8 8 2 14
1 6 7 26 40 2 16 16
1 4 8 2 14 4
1 3 2 32 44
1 4 2 14 32 44
1 3 2 32 44
1 4 2 14 32 44
1 5 2 14 32 44 51
1 4 9 2 14 4
1 5 23 39 39 39 39
1 9 5 21 21 43 49 54 54 54 54
1 7 8 8 8 2 14 32 44
1 5 23 52 59 60 60
1 4 8 8 2 14
1 4 2 14 33 33
1 6 3 18 36 2 14 33
1 8 3 18 36 46 46 46 46 46
1 12 6 23 38 47 52 55 57 58 59 61 63 36
1 10 23 38 47 52 56 56 56 56 56 56
1 4 38 47 53 53
1 3 23 52 59
1 3 23 52 59
1 4 2 14 32 44
1 4 2 14 32 44
1 7 8 8 8 2 14 32 44
1 4 14 32 43 49
1 4 2 14 32 44
1 7 3 18 36 2 14 32 44
1 10 6 23 38 47 52 55 57 58 59 60
1 12 6 23 38 47 52 55 57 58 59 61 63 36
1 4 23 52 59 26
1 5 52 55 59 26 40
1 6 52 55 59 26 40 40
1 6 52 59 60 60 60 60
1 3 1 13 13
1 3 52 59 26
1 3 1 13 13
1 3 52 59 26
1 6 52 55 59 26 40 40
1 12 6 23 38 47 52 55 57 58 59 61 63 36
1 12 6 23 38 47 52 55 57 58 59 61 63 36
1 4 23 52 59 26
1 4 52 59 60 60
1 5 52 55 59 60 60
1 5 52 59 60 60 60
1 5 52 55 59 60 60
1 6 52 55 59 26 40 40
1 3 3 18 36
1 12 6 23 38 47 52 55 57 58 59 61 63 36
1 3 8 2 14
1 14 6 23 38 47 52 55 57 58 59 61 63 64 64 64
1 10 8 8 8 8 8 8 8 8 8 8
1 15 6 23 38 47 3 19 19 19 19 19 19 19 19 19 19
1 5 8 8 8 8 8
1 8 2 14 32 44 32 44 32 44
1 3 8 2 14
1 6 3 19 19 19 19 19
1 3 47 52 59
1 5 8 8 8 8 8
1 3 8 2 14
1 3 2 14 33
1 5 23 39 39 39 39
1 3 8 2 14
1 3 4 2 16
1 3 2 32 44
1 3 7 25 25
1 3 7 25 25
1 3 1 18 18
1 6 7 25 25 25 25 25
1 15 12 32 44 31 32 45 45 45 45 45 45 45 45 45 45
1 10 12 32 43 31 32 31 32 43 49 54
1 7 4 20 20 20 20 20 20
1 28 12 32 44 32 44 32 31 42 42 42 42 42 42 42 42 42 42 42 42 42 42 42 42 42 42 42 42 42
1 14 2 32 44 15 32 43 49 54 54 54 54 54 54 54
1 3 2 32 43
1 22 12 32 44 32 44 32 45 45 45 45 45 45 45 45 45 45 45 45 45 45 45 45
1 23 12 30 30 30 30 30 30 30 30 30 30 30 30 30 30 30 30 30 30 30 30 30 30
1 15 2 32 43 43 43 43 31 32 44 32 45 45 45 45 45
1 21 12 32 44 32 43 31 32 44 32 43 43 31 42 42 42 42 42 42 42 42 42
1 4 2 32 44 31
1 7 7 26 40 40 2 32 43
1 14 12 32 44 31 42 42 42 42 42 42 42 42 42 42
1 15 8 2 14 32 31 32 44 32 43 49 2 14 32 43 31
1 22 12 31 32 44 32 44 32 31 32 45 45 45 45 45 45 45 45 45 45 45 45 45
1 11 12 30 30 30 30 30 30 30 30 30 30
1 6 4 2 32 43 31 32
1 26 12 30 30 30 30 30 30 30 30 30 30 30 30 30 30 30 30 30 30 30 30 30 30 30 30 30
1 9 12 32 43 43 43 49 2 32 43
1 5 4 2 32 43 31
1 25 12 31 42 42 42 42 42 42 42 42 42 42 42 42 42 42 42 42 42 42 42 42 42 42 42
1 11 12 31 32 43 43 43 43 31 32 43 43
1 5 14 32 43 43 50
1 23 12 31 42 42 42 42 42 42 42 42 42 42 42 42 42 42 42 42 42 42 42 42 42
1 14 2 32 44 31 42 42 42 42 42 42 42 42 42 42
1 25 12 32 44 51 51 51 51 51 51 51 51 51 51 51 51 51 51 51 51 51 51 51 51 51 51
1 13 12 30 30 30 30 30 30 30 30 30 30 30 30
1 6 2 32 43 43 31 32
1 23 12 31 32 44 31 32 44 32 31 42 42 42 42 42 42 42 42 42 42 42 42 42 42
1 9 12 32 44 32 43 43 31 32 43
1 5 2 32 45 45 45
1 23 12 32 44 32 44 32 44 32 43 49 54 54 54 54 54 54 54 54 54 54 54 54 54
1 10 12 31 32 43 49 2 32 43 49 54
1 7 14 32 43 43 49 54 54
1 10 12 32 44 32 43 43 43 43 43 31
1 20 12 32 44 32 43 31 32 43 43 31 42 42 42 42 42 42 42 42 42 42
1 9 12 31 32 43 49 2 14 32 44
1 6 2 32 44 32 43 50
1 23 12 30 30 30 30 30 30 30 30 30 30 30 30 30 30 30 30 30 30 30 30 30 30
1 12 12 32 31 32 43 50 50 50 50 50 50 50
1 4 2 32 31 32
1 25 12 32 43 49 4 2 14 32 44 32 43 49 54 54 54 54 54 54 54 54 54 54 54 54 54
1 19 2 14 33 33 33 33 33 33 33 33 33 33 33 33 33 33 33 33 33
1 6 7 26 40 40 40 40
1 5 7 26 40 2 14
1 6 9 27 27 27 27 27
1 5 3 19 19 19 19
1 5 7 26 40 2 14
1 3 2 16 16
1 10 3 18 36 46 46 46 46 46 46 46
1 3 3 18 36
1 5 2 14 32 44 15
1 4 3 18 36 46
1 4 2 16 16 16
1 4 2 14 32 44
1 4 3 19 19 19
1 4 2 14 4 20
1 4 2 14 32 44
1 3 2 15 34
1 8 3 18 35 35 35 35 35 35
1 4 2 14 32 15
1 5 8 8 8 2 14
1 3 15 32 44
1 4 2 14 32 44
1 4 2 14 32 44
1 4 2 15 32 44
1 3 15 32 44
1 9 4 2 16 16 16 16 16 16 16
1 8 3 18 36 46 46 46 46 46
1 4 2 14 33 33
1 17 23 38 48 48 48 48 48 48 48 48 48 48 48 48 48 48 48
1 3 6 24 24
1 3 15 15 15
1 3 15 15 15
1 4 2 14 33 33
1 7 14 33 33 33 33 33 33
1 6 3 18 36 2 14 4
1 11 8 8 8 8 8 8 8 8 8 8 8
1 3 2 14 4
1 4 15 5 2 14
1 5 15 32 15 4 20
1 6 3 18 36 2 14 33
1 16 3 19 19 19 19 19 19 19 19 19 19 19 19 19 19 19
1 13 6 23 38 47 3 19 19 19 19 19 19 19 19
1 12 6 23 38 47 52 55 57 58 59 61 43 50
1 3 14 32 44
1 7 8 8 8 8 8 8 8
1 3 9 27 27
1 3 23 38 48
1 3 3 18 36
1 4 2 14 32 44
