779 295
1 2 1 60
1 3 2 5 88
1 5 88 88 5 88 88
1 4 88 5 6 102
1 6 2 3 2 5 87 280
1 2 1 64
1 1 7
1 3 3 5 3
1 3 5 87 280
1 6 2 5 88 2 3 5
1 2 8 109
1 4 5 87 280 531
1 2 5 90
1 5 9 335 87 88 2
1 4 786 5 75 265
1 3 5 3 74
1 1 11
1 4 3 5 91 299
1 1 11
1 1 12
1 1 13
1 4 786 2 5 3
1 2 15 130
1 4 5 3 5 3
1 1 16
1 5 17 136 363 5 92
1 3 19 5 3
1 3 19 20 5
1 1 21
1 4 5 3 5 88
1 3 22 5 3
1 5 2 5 88 5 87
1 2 6 101
1 3 1 5 96
1 3 5 75 5
1 3 22 5 3
1 4 2 5 87 281
1 5 2 5 88 5 88
1 5 2 3 5 87 2
1 3 5 87 88
1 5 2 88 5 87 284
1 3 22 5 3
1 3 6 5 3
1 5 5 2 3 5 88
1 2 19 142
1 3 5 3 77
1 3 3 5 93
1 4 22 5 3 88
1 2 25 171
1 4 2 5 87 286
1 2 2 68
1 2 2 68
1 4 2 5 3 5
1 3 25 20 151
1 3 2 5 75
1 2 22 163
1 5 2 88 5 3 3
1 3 3 5 1
1 2 20 156
1 3 19 5 3
1 4 20 5 3 75
1 4 25 19 5 3
1 4 20 3 5 3
1 4 19 20 5 3
1 3 22 5 3
1 7 2 5 3 3 3 5 96
1 1 26
1 5 3 2 5 88 88
1 3 88 5 3
1 3 5 87 280
1 3 2 3 5
1 4 2 5 3 88
1 3 2 5 3
1 3 2 5 3
1 3 2 5 3
1 4 5 87 5 3
1 3 5 3 88
1 3 5 88 88
1 2 1 63
1 1 21
1 3 5 6 5
1 3 88 5 3
1 3 2 5 75
1 3 5 87 88
1 3 3 88 88
1 3 25 172 408
1 2 23 167
1 2 23 165
1 2 23 167
1 2 88 291
1 2 23 167
1 5 88 88 2 5 3
1 3 3 5 3
1 5 88 3 5 88 291
1 2 3 78
1 2 19 139
1 3 88 88 291
1 2 23 166
1 3 3 88 88
1 3 88 3 5
1 4 786 5 3 79
1 6 2 3 5 88 5 3
1 8 5 3 5 3 5 3 5 3
1 3 22 5 87
1 7 5 2 3 5 87 280 582
1 5 2 3 5 3 2
1 4 20 3 5 3
1 2 27 175
1 2 6 104
1 3 22 5 3
1 2 27 175
1 3 1 5 75
1 2 2 70
1 5 2 3 3 5 96
1 4 2 5 96 305
1 5 20 3 3 5 3
1 3 2 3 79
1 4 2 5 87 280
1 5 2 3 5 96 304
1 1 7
1 1 7
1 8 9 119 335 585 786 5 87 280
1 5 5 88 3 6 100
1 7 9 119 335 786 5 3 74
1 7 28 2 5 3 2 5 2
1 3 88 5 87
1 3 22 5 87
1 2 22 163
1 2 6 100
1 3 5 2 5
1 4 28 2 3 82
1 2 28 180
1 3 19 5 86
1 3 19 20 155
1 4 25 25 20 3
1 5 25 25 20 3 5
1 2 28 180
1 3 19 20 3
1 3 25 25 20
1 2 1 60
1 6 88 2 5 2 5 88
1 3 3 5 3
1 6 25 25 25 20 3 72
1 2 3 81
1 2 22 163
1 3 15 131 353
1 3 20 5 3
1 2 28 179
1 7 28 2 5 88 2 5 88
1 2 1 61
1 4 28 2 5 3
1 2 27 176
1 3 28 2 67
1 6 5 88 88 88 5 3
1 3 1 5 6
1 4 5 6 5 3
1 1 24
1 5 9 119 335 585 786
1 5 9 119 335 87 283
1 2 27 176
1 7 9 119 335 87 280 582 786
1 2 8 110
1 4 5 88 5 3
1 7 20 5 3 5 3 2 786
1 4 19 5 3 72
1 4 25 25 20 154
1 3 5 88 290
1 3 5 87 5
1 3 22 5 3
1 2 15 132
1 5 31 33 31 32 34
1 3 32 190 34
1 2 31 184
1 2 33 192
1 3 31 33 197
1 2 9 116
1 3 15 131 356
1 5 31 32 190 34 205
1 3 15 131 350
1 3 15 131 356
1 3 33 87 5
1 3 31 32 34
1 3 35 31 185
1 3 32 190 34
1 4 15 131 355 607
1 6 33 31 32 34 5 3
1 4 15 131 355 606
1 10 31 32 190 34 5 3 5 3 5 3
1 3 32 190 34
1 3 36 210 458
1 2 37 213
1 5 25 172 33 87 281
1 3 25 19 145
1 2 38 218
1 2 20 157
1 3 25 19 140
1 4 25 172 33 200
1 2 25 173
1 4 25 25 25 172
1 4 25 172 33 194
1 3 25 172 407
1 1 41
1 2 38 218
1 6 22 5 3 5 96 305
1 5 35 31 32 190 34
1 3 33 33 198
1 2 35 207
1 2 19 145
1 3 38 219 470
1 2 172 406
1 7 38 219 19 20 32 190 34
1 5 37 215 465 696 866
1 2 19 148
1 2 36 211
1 1 39
1 3 15 131 351
1 7 9 119 190 335 87 2 786
1 5 19 20 32 190 432
1 3 15 131 352
1 2 33 194
1 3 31 5 95
1 3 15 131 351
1 5 172 33 87 88 5
1 2 19 146
1 3 38 219 470
1 2 172 410
1 7 38 219 19 20 32 190 34
1 2 172 407
1 6 38 219 19 20 32 188
1 4 172 33 87 286
1 2 38 217
1 2 19 145
1 2 172 407
1 7 38 219 19 20 32 190 34
1 5 37 215 465 696 866
1 4 38 219 19 146
1 4 38 219 19 145
1 2 172 411
1 7 38 219 19 20 32 190 34
1 6 37 215 465 694 863 988
1 2 19 141
1 4 35 31 5 75
1 3 32 190 34
1 4 33 31 34 202
1 4 35 31 5 88
1 3 32 190 34
1 3 15 131 350
1 3 15 131 350
1 6 15 131 31 33 191 435
1 3 33 191 433
1 2 35 208
1 2 9 117
1 8 31 32 190 34 5 3 5 3
1 1 43
1 2 31 186
1 3 32 190 34
1 4 31 32 190 34
1 1 43
1 1 44
1 4 35 31 32 189
1 3 15 131 357
1 3 22 5 3
1 4 32 190 34 5
1 4 15 131 355 606
1 3 31 32 34
1 4 15 131 355 606
1 6 31 32 190 34 5 3
1 2 35 209
1 1 46
1 1 46
1 3 32 190 34
1 1 46
1 3 22 5 3
1 1 44
1 6 33 33 31 32 34 5
1 5 35 31 34 5 3
1 5 33 31 34 5 88
1 4 33 87 88 5
1 2 33 200
1 1 39
1 3 31 32 189
1 3 36 210 458
1 7 31 32 190 34 5 88 290
1 3 15 131 350
1 4 15 131 31 33
1 1 13
1 3 15 131 354
1 1 48
1 1 48
1 4 31 5 87 280
1 3 32 190 432
1 3 15 131 357
1 3 31 5 3
1 2 31 186
1 3 32 190 34
1 3 15 131 350
1 5 31 32 190 335 87
1 3 15 131 350
1 5 33 31 32 34 203
1 9 15 131 31 32 190 34 5 88 5
1 3 15 131 357
1 3 15 131 358
1 2 31 184
1 1 49
1 3 33 33 33
1 4 33 33 33 195
1 3 33 33 33
1 2 1 66
1 3 33 33 191
1 3 33 33 33
1 3 33 33 33
1 3 33 33 33
1 3 33 33 33
1 3 33 33 33
1 3 33 33 33
1 3 33 33 33
1 4 33 33 191 434
1 3 33 33 33
1 5 35 31 34 5 3
1 4 31 34 5 98
1 3 35 31 187
1 5 35 31 34 5 88
1 3 33 33 33
1 1 50
1 3 31 34 206
1 3 31 34 5
1 1 50
1 5 15 131 31 33 199
1 4 15 131 31 184
1 2 9 120
1 2 15 133
1 3 51 238 495
1 3 31 5 88
1 3 51 238 494
1 3 51 238 494
1 3 51 238 496
1 3 51 238 493
1 3 36 210 457
1 3 36 210 457
1 3 36 210 459
1 3 36 210 457
1 3 31 34 5
1 6 15 131 31 5 3 72
1 3 33 33 191
1 3 31 34 5
1 6 35 31 34 5 88 294
1 5 31 34 5 88 294
1 4 15 131 355 606
1 4 31 34 5 88
1 3 15 131 350
1 3 33 191 434
1 3 33 33 195
1 3 5 3 72
1 4 25 19 5 75
1 7 3 2 5 3 5 87 88
1 3 3 5 1
1 3 3 6 100
1 5 20 5 3 5 87
1 3 20 5 93
1 5 3 5 3 5 75
1 2 3 81
1 2 27 176
1 5 17 136 363 5 92
1 4 5 87 280 532
1 3 2 5 88
1 8 9 119 335 585 786 5 96 306
1 2 20 149
1 9 9 119 335 585 786 2 5 96 306
1 5 37 215 465 696 867
1 3 20 5 3
1 5 2 5 3 5 87
1 3 2 5 75
1 3 2 5 96
1 3 5 87 280
1 3 2 5 88
1 2 88 293
1 4 2 3 5 3
1 4 2 5 96 306
1 2 28 178
1 4 6 5 3 88
1 1 52
1 1 52
1 4 5 3 5 88
1 3 25 25 25
1 4 5 3 5 88
1 1 52
1 5 5 87 2 5 3
1 3 5 87 282
1 5 3 5 87 5 88
1 3 3 5 3
1 3 5 1 61
1 3 3 5 96
1 3 5 3 88
1 3 5 3 71
1 3 3 5 96
1 3 3 5 96
1 4 1 5 3 88
1 3 19 20 155
1 2 34 204
1 3 3 5 3
1 3 19 20 150
1 3 19 20 152
1 2 1 65
1 3 19 19 20
1 2 22 163
1 4 3 5 87 280
1 1 52
1 4 88 2 5 2
1 4 88 2 88 2
1 3 1 5 3
1 1 14
1 2 34 201
1 2 34 201
1 2 34 204
1 2 34 203
1 4 19 20 5 3
1 4 19 20 5 3
1 5 19 20 5 3 2
1 5 19 5 3 5 3
1 3 19 5 3
1 4 19 19 5 3
1 3 5 87 280
1 4 3 3 5 3
1 3 88 5 3
1 4 3 5 87 280
1 3 3 75 5
1 3 3 5 95
1 3 88 5 3
1 6 5 88 5 88 3 3
1 5 88 5 3 5 88
1 5 3 5 3 5 3
1 7 5 3 2 5 87 280 582
1 2 37 214
1 5 9 119 335 582 786
1 2 19 139
1 1 42
1 1 45
1 6 17 136 363 5 86 279
1 1 45
1 2 37 216
1 1 45
1 5 9 119 335 582 786
1 1 42
1 5 37 215 465 694 863
1 3 9 119 336
1 4 20 5 3 2
1 2 19 147
1 2 1 62
1 1 42
1 2 37 212
1 7 9 119 335 87 88 2 786
1 7 9 119 335 87 280 582 786
1 4 9 119 335 583
1 4 9 335 87 288
1 3 9 335 584
1 5 9 119 335 585 792
1 9 9 119 335 582 786 5 3 5 3
1 4 37 215 465 695
1 6 37 215 465 694 863 989
1 6 9 119 335 87 2 786
1 3 5 3 2
1 2 9 112
1 6 9 335 87 2 786 5
1 4 9 335 582 786
1 2 9 118
1 3 37 215 464
1 4 9 335 582 786
1 1 29
1 2 9 114
1 6 9 119 335 585 786 2
1 4 9 335 582 786
1 6 9 335 87 2 786 3
1 5 9 119 335 582 786
1 6 9 119 335 786 5 2
1 7 9 119 335 87 2 786 5
1 8 9 335 87 280 582 786 5 3
1 5 9 119 335 585 791
1 1 29
1 3 9 335 585
1 4 9 335 585 791
1 1 47
1 1 47
1 1 47
1 2 33 193
1 5 9 119 335 87 283
1 6 9 119 335 87 2 786
1 6 9 119 335 582 786 934
1 4 5 87 5 87
1 7 3 5 3 2 88 5 96
1 6 3 5 87 280 582 787
1 3 1 5 86
1 2 1 60
1 4 19 19 5 3
1 10 5 3 5 88 5 3 5 3 5 87
1 6 19 19 5 3 5 3
1 2 1 65
1 7 5 3 2 5 3 5 3
1 4 19 5 96 304
1 11 2 5 3 5 3 2 5 3 3 5 95
1 5 3 5 3 6 105
1 2 22 162
1 3 5 96 306
1 5 22 5 87 280 532
1 4 5 75 5 87
1 6 3 2 5 87 88 88
1 4 5 87 280 532
1 5 1 5 88 5 75
1 5 5 88 3 2 5
1 8 2 5 3 5 3 2 5 3
1 7 2 5 3 2 5 3 5
1 3 3 5 3
1 3 22 5 3
1 2 4 85
1 3 5 3 6
1 9 9 119 335 786 5 3 5 3 2
1 8 9 119 190 335 87 280 582 786
1 7 9 119 335 87 280 582 786
1 2 786 930
1 4 9 119 335 583
1 1 45
1 1 40
1 2 20 158
1 4 5 3 5 3
1 6 37 215 465 694 863 989
1 7 9 119 335 582 786 5 3
1 3 1 5 3
1 3 88 5 3
1 1 30
1 6 3 5 2 3 5 3
1 4 9 119 335 585
1 1 7
1 6 5 3 6 5 3 6
1 6 5 87 5 3 3 5
1 3 3 5 3
1 6 5 3 5 3 5 6
1 4 3 5 3 2
1 5 5 3 5 3 2
1 1 10
1 2 20 153
1 6 5 88 3 5 3 88
1 3 5 87 280
1 3 3 5 88
1 3 34 5 89
1 1 54
1 3 5 3 78
1 3 5 3 72
1 2 1 59
1 3 15 131 354
1 5 9 119 335 585 786
1 3 88 3 5
1 2 23 168
1 3 5 1 5
1 2 23 165
1 3 1 5 1
1 3 15 131 354
1 3 3 5 88
1 2 20 153
1 3 34 5 3
1 1 42
1 5 37 215 465 694 863
1 1 55
1 3 5 88 289
1 4 19 20 5 96
1 4 5 75 5 86
1 4 19 20 5 3
1 3 19 19 143
1 3 19 5 75
1 3 22 5 94
1 8 88 3 88 5 3 5 96 304
1 3 1 5 3
1 3 6 5 88
1 4 2 5 3 72
1 3 5 3 3
1 5 5 3 5 3 2
1 8 9 119 335 585 786 5 3 2
1 4 5 3 5 97
1 4 17 136 363 618
1 4 34 5 88 3
1 4 34 5 87 280
1 4 37 215 465 695
1 13 5 88 5 3 3 5 88 5 3 5 3 5 88
1 11 5 3 5 87 88 5 88 5 3 5 88
1 8 9 119 335 87 280 582 786 5
1 5 9 119 335 786 5
1 2 34 202
1 2 34 202
1 3 5 3 5
1 2 34 202
1 3 34 5 3
1 3 34 5 3
1 2 20 151
1 3 6 5 86
1 4 5 3 5 3
1 5 2 5 87 280 532
1 3 5 87 280
1 4 2 5 3 5
1 4 88 88 5 95
1 3 5 96 304
1 5 5 2 5 87 287
1 4 5 87 5 3
1 3 6 5 3
1 3 20 5 3
1 3 2 5 3
1 2 20 150
1 5 9 119 335 585 786
1 7 9 119 335 585 786 2 5
1 7 9 119 335 585 786 2 5
1 4 2 5 87 280
1 3 5 87 280
1 5 37 215 465 696 867
1 8 5 87 5 87 5 87 280 533
1 8 5 75 3 5 3 76 3 83
1 9 5 75 3 5 3 3 3 76 267
1 1 10
1 2 22 162
1 4 5 87 5 87
1 8 5 3 5 3 5 3 76 3
1 1 53
1 6 9 119 335 585 786 929
1 3 5 87 280
1 14 9 119 335 585 786 3 2 5 88 3 2 88 2 69
1 17 5 88 3 5 88 88 88 5 3 88 5 88 5 3 5 87 280
1 7 17 136 363 5 3 6 103
1 3 3 6 102
1 2 2 67
1 4 37 215 465 695
1 4 37 215 465 693
1 2 8 110
1 9 9 119 335 585 786 2 5 86 278
1 9 9 119 335 585 786 3 2 5 88
1 8 2 5 88 3 2 5 86 278
1 8 3 5 88 5 3 3 5 75
1 3 88 5 3
1 4 3 3 2 88
1 5 5 3 88 5 87
1 3 22 5 93
1 3 3 3 5
1 2 8 110
1 4 88 3 3 5
1 2 22 164
1 5 3 5 3 5 3
1 3 88 5 3
1 5 19 20 5 96 303
1 6 20 3 5 75 5 99
1 2 20 153
1 1 56
1 4 20 5 87 285
1 1 56
1 5 2 5 87 280 531
1 1 56
1 3 5 2 3
1 4 5 87 280 582
1 5 3 5 91 298 3
1 2 20 159
1 4 5 3 5 3
1 11 3 5 3 3 3 3 5 3 3 76 266
1 5 20 3 5 87 285
1 7 5 3 75 3 3 5 99
1 9 76 3 5 3 5 3 3 76 267
1 8 20 5 3 5 3 76 3 3
1 7 76 3 5 3 5 3 3
1 10 3 5 3 5 3 75 3 5 3 76
1 4 5 3 76 3
1 2 20 153
1 7 3 75 3 5 87 280 534
1 9 5 3 75 3 5 3 3 76 269
1 9 3 3 5 3 5 3 3 76 3
1 3 3 5 99
1 3 5 88 5
1 2 786 931
1 2 9 114
1 3 25 172 412
1 3 25 172 412
1 3 25 172 409
1 9 3 3 3 3 3 5 91 298 3
1 6 9 119 190 335 582 786
1 13 5 3 3 75 3 3 5 91 298 3 3 3 3
1 2 33 199
1 2 9 121
1 2 8 111
1 4 9 335 582 786
1 8 3 3 3 5 3 76 3 3
1 4 9 335 582 786
1 5 5 91 298 3 88
1 8 9 119 335 585 786 3 5 2
1 4 17 136 363 617
1 2 9 112
1 14 3 3 3 3 75 3 3 5 91 298 3 3 5 87
1 7 3 3 3 75 5 91 300
1 6 9 119 190 335 582 786
1 7 3 3 3 5 91 298 550
1 2 1 62
1 12 3 5 75 3 3 3 3 75 5 3 76 3
1 3 19 20 155
1 3 25 172 411
1 11 4 84 298 3 3 3 3 5 3 76 3
1 7 3 3 3 5 3 76 269
1 8 4 84 298 3 5 91 298 3
1 2 27 175
1 2 27 177
1 7 4 84 298 3 3 5 91
1 6 17 136 363 5 86 279
1 5 3 5 91 298 550
1 10 3 3 3 3 75 3 5 91 298 3
1 8 3 3 3 3 3 3 5 91
1 10 3 3 3 3 3 5 91 298 3 3
1 4 3 76 3 5
1 2 9 118
1 2 76 266
1 2 76 270
1 7 17 136 363 5 3 6 103
1 3 3 76 3
1 2 76 266
1 3 1 5 3
1 5 37 215 465 696 866
1 11 4 84 298 3 5 91 298 3 3 3 3
1 9 4 84 298 3 3 3 3 76 270
1 14 3 5 3 3 75 3 3 5 3 3 76 3 3 3
1 1 57
1 3 15 131 354
1 2 9 115
1 1 10
1 9 3 76 3 75 5 87 5 87 280
1 3 5 6 100
1 2 1 61
1 3 76 3 3
1 4 25 19 20 152
1 5 3 3 76 3 5
1 7 9 119 335 582 786 3 72
1 5 3 76 3 75 3
1 3 19 20 5
1 5 9 119 335 87 286
1 4 9 335 582 786
1 5 76 3 5 3 3
1 5 3 76 3 5 95
1 5 9 335 582 786 929
1 4 9 335 582 786
1 6 9 119 335 582 786 933
1 3 33 87 280
1 4 3 76 3 5
1 2 33 196
1 2 88 292
1 7 9 119 335 786 5 3 2
1 2 786 932
1 2 9 113
1 4 9 119 335 583
1 6 76 3 3 88 5 95
1 8 3 76 3 3 75 5 3 72
1 6 9 119 190 335 582 786
1 2 9 121
1 4 76 3 3 3
1 3 76 3 5
1 4 76 3 75 3
1 2 76 268
1 4 5 88 5 88
1 1 58
1 1 18
1 5 25 25 25 19 144
1 4 25 19 5 3
1 4 25 25 25 171
1 3 25 25 170
1 4 786 3 5 3
1 3 1 5 3
1 3 5 87 88
1 4 3 5 87 281
1 2 88 295
1 5 25 19 20 5 3
1 2 786 930
1 7 25 25 25 19 20 5 3
1 5 19 20 5 75 265
1 4 19 5 3 80
1 5 76 3 3 75 3
1 2 17 135
1 1 18
1 5 5 3 5 3 73
1 4 19 5 3 74
1 5 25 19 20 5 3
1 3 19 20 151
1 4 3 88 88 88
