783 270
1 3 1 2 3
1 1 4
1 5 3 3 2 3 3
1 4 3 2 5 86
1 6 1 6 1 2 2 6
1 2 7 109
1 1 8
1 3 6 2 6
1 3 6 2 63
1 1 9
1 7 2 2 6 6 2 2 6
1 2 2 65
1 4 788 2 95 293
1 3 2 6 94
1 1 11
1 1 12
1 9 6 2 13 2 6 2 6 2 3
1 1 11
1 1 14
1 1 15
1 4 788 1 2 6
1 4 2 6 2 6
1 1 17
1 3 18 19 2
1 3 18 2 6
1 3 18 19 2
1 1 12
1 4 2 6 2 3
1 2 7 107
1 5 1 2 3 2 2
1 2 5 89
1 3 7 2 69
1 3 2 95 2
1 7 23 2 2 6 3 2 67
1 3 23 2 6
1 5 1 2 2 67 259
1 6 1 2 3 3 3 1
1 3 2 2 3
1 3 5 2 6
1 4 5 2 95 294
1 5 2 1 6 2 3
1 2 18 135
1 3 2 6 97
1 4 23 2 6 3
1 2 24 159
1 2 1 60
1 5 2 1 2 2 2
1 2 1 60
1 4 1 2 6 2
1 3 2 2 6
1 6 24 18 19 2 6 98
1 3 24 19 145
1 1 25
1 3 1 2 95
1 3 23 3 80
1 5 1 3 2 6 6
1 3 6 2 63
1 2 19 149
1 3 2 6 93
1 4 1 2 6 3
1 4 19 2 6 95
1 4 24 18 2 6
1 4 19 6 2 6
1 4 18 19 2 6
1 3 23 2 6
1 1 26
1 5 6 1 2 3 3
1 3 3 2 6
1 3 2 2 6
1 3 1 6 2
1 4 6 2 2 6
1 4 1 2 6 3
1 1 16
1 3 1 2 6
1 2 19 142
1 3 1 2 6
1 3 1 2 6
1 4 2 2 2 6
1 3 2 6 3
1 1 27
1 3 2 5 2
1 2 788 930
1 3 1 2 95
1 3 2 2 3
1 3 6 3 3
1 3 2 6 99
1 3 24 161 371
1 2 3 77
1 2 161 375
1 1 21
1 3 6 2 6
1 4 3 6 2 65
1 5 3 6 2 3 77
1 3 6 2 65
1 2 6 100
1 2 18 133
1 3 3 3 77
1 3 6 3 3
1 3 18 2 69
1 3 3 6 2
1 4 788 2 6 69
1 5 2 2 3 2 3
1 6 1 6 2 3 2 6
1 8 2 6 2 6 2 6 2 6
1 7 2 1 6 2 2 6 1
1 5 1 6 2 6 1
1 4 19 6 2 6
1 2 28 168
1 2 5 91
1 3 23 2 6
1 2 28 168
1 3 7 2 95
1 2 1 62
1 5 1 6 6 2 69
1 5 19 6 6 2 6
1 4 1 6 69 265
1 4 1 2 2 6
1 4 1 3 2 6
1 5 1 6 2 69 6
1 1 8
1 4 30 175 393 606
1 1 8
1 2 19 143
1 8 31 182 401 617 788 2 2 6
1 3 2 6 1
1 5 2 3 6 5 87
1 3 19 2 6
1 4 31 182 401 615
1 4 2 6 5 86
1 7 29 1 2 6 1 2 1
1 3 3 2 2
1 3 7 2 64
1 4 23 3 2 6
1 2 5 87
1 5 23 3 1 2 3
1 3 2 1 2
1 4 29 1 6 103
1 2 29 170
1 3 18 19 146
1 5 24 24 19 6 2
1 2 29 170
1 3 24 24 19
1 2 7 106
1 6 3 1 2 1 2 3
1 6 24 24 24 19 6 98
1 2 6 102
1 3 23 3 82
1 3 33 189 411
1 3 19 2 6
1 2 29 172
1 7 29 1 2 3 1 2 3
1 2 7 108
1 4 29 1 2 6
1 2 28 167
1 3 29 1 58
1 3 6 2 3
1 6 2 3 3 3 2 6
1 3 7 2 5
1 4 2 5 2 6
1 1 22
1 5 31 182 401 617 788
1 4 788 2 6 6
1 2 28 167
1 7 31 182 401 613 791 612 788
1 4 2 3 2 6
1 7 19 2 6 2 6 1 59
1 6 31 182 401 617 788 930
1 4 18 2 6 98
1 4 24 24 19 147
1 1 11
1 3 2 3 80
1 3 2 2 2
1 2 33 190
1 1 32
1 5 34 35 34 195 36
1 3 195 429 36
1 2 34 194
1 2 35 197
1 2 33 190
1 3 34 35 202
1 2 31 181
1 4 35 2 2 3
1 3 33 189 414
1 5 34 195 429 36 210
1 3 33 189 409
1 3 33 189 414
1 3 34 195 36
1 2 31 183
1 3 37 34 191
1 3 195 429 36
1 6 35 34 195 36 2 6
1 3 195 429 36
1 3 38 215 453
1 3 38 215 453
1 2 30 176
1 6 24 161 35 2 67 259
1 3 24 18 137
1 4 19 195 429 644
1 2 39 219
1 2 19 150
1 3 24 18 132
1 4 24 161 35 205
1 2 19 148
1 2 24 162
1 2 39 217
1 4 24 161 35 199
1 3 24 161 370
1 1 42
1 6 23 2 6 2 69 264
1 5 37 34 195 429 36
1 8 37 34 195 429 36 6 2 67
1 3 35 35 203
1 2 37 212
1 2 18 137
1 3 39 220 459
1 3 18 19 2
1 7 39 220 18 19 195 429 36
1 4 30 175 393 606
1 2 18 140
1 2 38 216
1 1 40
1 3 33 189 410
1 7 31 182 429 401 613 612 788
1 3 34 2 68
1 3 33 189 410
1 5 161 35 2 3 2
1 3 39 220 459
1 2 161 374
1 7 39 220 18 19 195 429 36
1 2 161 370
1 6 39 220 18 19 195 427
1 4 161 35 2 68
1 2 39 218
1 2 18 137
1 2 161 370
1 2 161 370
1 4 39 220 18 138
1 4 39 220 18 137
1 7 39 220 18 19 195 429 36
1 6 30 175 393 604 779 920
1 2 18 134
1 2 38 216
1 4 37 34 2 95
1 3 195 429 36
1 2 33 190
1 4 35 34 36 6
1 3 195 429 36
1 3 33 189 409
1 4 37 34 2 6
1 3 33 189 414
1 7 37 34 195 429 36 2 95
1 6 33 189 34 35 196 432
1 3 35 196 430
1 2 31 183
1 2 34 193
1 3 195 429 36
1 2 44 230
1 4 34 195 429 36
1 1 45
1 1 46
1 5 34 195 429 36 209
1 4 37 34 195 428
1 7 33 189 34 195 429 36 209
1 3 23 2 6
1 4 195 429 36 2
1 3 33 189 413
1 3 34 195 36
1 2 37 214
1 1 48
1 1 48
1 3 195 429 36
1 1 48
1 3 23 2 6
1 1 46
1 5 34 195 429 36 209
1 1 46
1 6 35 35 34 195 36 2
1 2 37 213
1 4 34 195 429 36
1 5 37 34 195 429 645
1 4 35 2 3 2
1 2 35 205
1 1 40
1 1 40
1 3 34 195 428
1 3 38 215 453
1 7 34 195 429 36 2 3 80
1 3 33 189 409
1 3 33 189 415
1 4 33 189 34 35
1 3 33 189 412
1 1 50
1 4 34 2 2 6
1 3 195 429 643
1 4 34 195 429 642
1 6 35 34 2 6 2 6
1 3 34 2 6
1 2 34 193
1 3 195 429 36
1 5 34 195 429 401 613
1 3 33 189 409
1 5 35 34 195 36 207
1 9 33 189 34 195 429 36 2 3 2
1 3 33 189 415
1 3 33 189 416
1 2 34 194
1 1 51
1 1 51
1 1 51
1 3 35 35 35
1 2 7 112
1 3 35 35 35
1 3 35 35 196
1 3 35 35 35
1 3 35 35 35
1 3 35 35 35
1 3 35 35 35
1 4 35 35 196 431
1 3 35 35 35
1 3 35 35 35
1 5 37 34 36 2 6
1 3 34 2 6
1 4 34 36 2 72
1 3 37 34 192
1 3 35 35 35
1 3 34 36 211
1 5 33 189 34 35 204
1 2 31 184
1 3 52 242 487
1 3 34 2 3
1 3 52 242 486
1 3 52 242 486
1 3 37 34 193
1 3 52 242 484
1 3 52 242 485
1 3 38 215 452
1 3 38 215 452
1 2 34 191
1 6 33 189 34 2 6 98
1 3 35 35 196
1 3 34 36 2
1 6 37 34 36 2 3 83
1 5 34 36 2 3 83
1 3 33 189 413
1 4 34 36 2 3
1 3 33 189 409
1 3 35 196 431
1 3 35 35 200
1 4 2 6 2 6
1 3 18 2 6
1 4 24 18 2 95
1 7 6 1 2 6 2 2 3
1 3 6 2 63
1 3 6 5 87
1 5 19 2 6 2 2
1 5 6 2 6 2 95
1 4 6 1 3 2
1 2 6 102
1 5 44 231 470 2 73
1 5 2 2 6 2 6
1 3 1 2 3
1 8 31 182 401 617 788 2 69 263
1 9 31 182 401 617 788 1 2 69 263
1 5 1 2 6 2 2
1 3 1 2 95
1 2 1 62
1 3 1 2 69
1 3 2 2 6
1 3 1 2 3
1 2 3 79
1 4 1 6 2 6
1 4 1 2 69 263
1 2 29 171
1 4 5 2 6 3
1 1 53
1 1 53
1 4 2 6 2 3
1 3 24 24 24
1 4 2 6 2 3
1 1 53
1 10 19 19 2 13 3 3 2 3 2 6
1 5 2 2 1 2 6
1 7 2 6 3 2 6 1 2
1 3 2 2 64
1 4 6 2 3 78
1 5 6 2 2 2 3
1 3 6 2 6
1 3 2 6 3
1 3 2 6 93
1 3 6 2 69
1 3 6 2 69
1 4 7 2 6 3
1 2 23 158
1 3 18 19 146
1 5 24 18 19 2 6
1 2 36 208
1 3 6 2 6
1 3 18 19 142
1 2 7 111
1 3 18 18 19
1 3 23 3 1
1 4 6 2 2 6
1 1 53
1 4 3 1 2 1
1 4 3 1 3 1
1 3 7 2 6
1 1 16
1 2 36 206
1 2 36 208
1 2 36 207
1 4 18 19 2 6
1 4 18 19 2 6
1 5 18 2 6 2 6
1 4 18 18 2 6
1 3 18 2 6
1 3 2 2 6
1 4 6 6 2 6
1 3 3 2 6
1 3 2 6 99
1 6 7 2 2 2 6 2
1 3 6 2 68
1 4 3 6 6 2
1 3 3 2 6
1 6 2 3 2 3 6 6
1 5 3 2 6 2 3
1 5 6 2 6 2 6
1 3 2 6 2
1 7 2 6 1 2 2 6 1
1 2 30 174
1 5 31 182 401 612 788
1 2 18 133
1 2 43 227
1 6 44 231 470 2 67 261
1 6 44 231 470 2 5 92
1 1 47
1 5 31 182 401 612 788
1 2 43 228
1 5 30 175 393 604 779
1 3 31 182 400
1 4 19 2 6 1
1 2 18 139
1 2 7 110
1 2 43 228
1 2 35 198
1 2 43 226
1 2 30 173
1 4 3 2 2 6
1 5 31 182 401 613 789
1 7 31 182 401 613 791 612 788
1 4 31 182 401 614
1 4 31 401 613 793
1 9 31 182 401 612 788 2 6 2 6
1 4 30 175 393 603
1 4 30 175 393 605
1 6 30 175 393 604 779 919
1 6 30 175 393 604 779 919
1 5 31 182 401 613 790
1 3 31 182 400
1 6 31 182 401 613 612 788
1 6 31 401 613 612 788 2
1 4 31 401 612 788
1 2 31 180
1 3 30 175 392
1 4 31 401 612 788
1 1 32
1 2 31 178
1 4 31 401 612 788
1 6 31 401 613 612 788 6
1 8 31 401 613 791 612 788 2 6
1 3 3 2 6
1 5 31 401 613 612 788
1 2 31 180
1 1 49
1 1 49
1 2 35 198
1 2 31 178
1 6 31 182 401 613 612 788
1 6 31 182 401 612 788 932
1 4 2 2 2 2
1 7 6 2 6 1 3 2 69
1 3 23 2 6
1 6 6 2 2 6 1 61
1 4 2 6 2 6
1 2 18 135
1 2 7 106
1 10 2 6 2 3 2 6 2 6 2 2
1 3 18 18 133
1 4 19 2 6 2
1 6 18 18 2 6 2 6
1 2 7 111
1 7 2 6 1 2 6 2 6
1 4 18 2 69 6
1 2 18 136
1 11 1 2 6 2 6 1 2 6 6 2 68
1 5 6 2 6 5 90
1 2 23 158
1 7 23 2 2 6 2 6 2
1 2 6 96
1 4 2 2 6 2
1 5 7 2 3 2 95
1 5 2 3 6 1 2
1 8 1 2 6 2 6 1 2 6
1 7 1 2 6 1 2 6 2
1 3 6 2 6
1 3 23 2 6
1 1 20
1 4 31 182 401 615
1 8 31 182 429 401 613 791 612 788
1 7 31 182 401 613 791 612 788
1 2 788 930
1 4 31 182 401 614
1 4 2 2 6 1
1 1 47
1 1 41
1 2 19 148
1 4 2 6 2 6
1 6 30 175 393 604 779 919
1 7 31 182 401 612 788 2 6
1 3 7 2 6
1 3 3 2 6
1 6 6 2 1 6 2 6
1 4 31 182 401 617
1 6 2 6 5 2 6 5
1 6 2 2 2 6 6 2
1 4 3 1 2 6
1 3 6 2 6
1 6 2 6 2 6 2 5
1 5 2 6 2 6 1
1 1 10
1 4 19 19 2 6
1 6 6 2 2 13 2 3
1 3 2 2 6
1 3 6 2 3
1 3 36 2 64
1 1 4
1 4 2 6 6 2
1 3 2 6 100
1 3 18 2 3
1 2 7 108
1 5 2 6 2 2 3
1 3 3 6 2
1 1 21
1 1 21
1 3 7 2 6
1 3 7 2 63
1 3 33 189 412
1 3 19 19 144
1 3 36 2 6
1 2 43 228
1 5 30 175 393 604 779
1 1 55
1 3 2 3 76
1 5 2 2 95 2 6
1 3 18 18 133
1 4 18 19 2 69
1 4 18 19 2 3
1 4 2 95 2 67
1 4 3 2 6 3
1 4 18 19 2 6
1 4 2 6 1 3
1 5 18 19 2 95 293
1 3 18 2 95
1 3 18 19 2
1 3 23 2 70
1 8 3 6 3 2 6 2 69 6
1 3 2 6 2
1 4 1 2 6 6
1 3 5 2 3
1 5 2 6 2 6 1
1 8 31 182 401 617 788 2 6 1
1 4 2 6 2 71
1 4 44 231 470 682
1 4 36 2 3 6
1 14 31 182 401 617 788 6 2 6 1 2 6 1 2 3
1 4 36 2 2 6
1 4 30 175 393 605
1 4 2 6 98 296
1 8 31 182 401 613 791 612 788 2
1 4 31 182 401 615
1 3 3 3 83
1 1 10
1 3 36 2 6
1 3 36 6 99
1 4 36 6 2 67
1 3 36 6 69
1 3 36 2 6
1 3 36 2 6
1 2 19 145
1 3 18 2 6
1 3 5 2 67
1 2 28 167
1 3 1 2 69
1 4 2 6 2 6
1 3 2 2 6
1 4 1 2 6 2
1 3 19 2 70
1 4 3 1 2 2
1 4 3 3 2 68
1 5 2 69 6 2 6
1 5 2 1 2 2 69
1 4 2 2 2 6
1 1 32
1 3 31 401 615
1 3 5 2 6
1 2 28 167
1 2 19 141
1 5 18 19 2 3 1
1 7 31 182 401 617 788 1 2
1 4 1 2 2 6
1 3 2 2 6
1 4 30 175 393 606
1 1 9
1 14 2 2 2 2 2 2 6 95 2 6 13 6 2 6
1 8 2 95 6 2 6 13 6 105
1 9 2 95 6 2 6 6 6 13 3
1 1 10
1 4 2 2 2 2
1 3 2 67 260
1 1 54
1 6 31 182 401 617 788 929
1 3 2 2 6
1 14 31 182 401 617 788 6 1 2 3 6 1 3 1 61
1 2 1 58
1 17 2 3 6 2 3 3 3 2 6 3 2 3 2 6 2 2 6
1 7 44 231 470 2 6 5 92
1 3 6 5 86
1 14 31 182 401 617 788 1 2 3 1 2 6 1 2 6
1 2 1 58
1 4 30 175 393 605
1 4 30 175 393 603
1 9 31 182 401 617 788 1 2 67 258
1 9 31 182 401 617 788 6 1 2 3
1 8 1 2 3 6 1 2 67 258
1 11 2 2 3 6 2 6 2 6 2 2 6
1 3 3 2 6
1 4 6 6 1 3
1 2 5 88
1 5 2 6 3 2 2
1 3 23 2 66
1 3 6 2 68
1 3 6 6 2
1 1 9
1 4 3 6 6 2
1 5 18 19 2 69 262
1 6 19 6 2 95 2 74
1 9 19 19 6 6 6 6 6 2 3
1 1 56
1 16 19 6 2 6 2 6 2 13 6 6 6 2 13 6 2 6
1 1 56
1 3 2 6 96
1 10 1 2 2 6 6 2 13 6 6 6
1 8 19 2 6 95 2 6 2 6
1 1 56
1 9 19 2 6 2 6 6 2 13 69
1 3 2 1 6
1 11 19 2 6 95 6 6 13 2 13 3 6
1 10 2 6 2 2 13 6 6 2 6 13
1 5 6 2 13 6 6
1 2 19 151
1 2 19 151
1 4 2 6 2 6
1 4 19 19 19 151
1 6 2 6 6 13 6 6
1 15 6 2 6 6 6 6 2 6 6 13 2 6 13 6 6
1 6 19 6 2 2 13 6
1 4 6 2 6 6
1 7 2 6 95 6 6 2 74
1 11 13 6 2 6 2 6 6 13 3 6 3
1 8 19 2 6 2 6 13 6 6
1 7 13 6 2 6 2 6 6
1 8 19 6 6 2 6 13 3 81
1 10 6 2 6 2 6 95 6 2 6 13
1 8 6 95 2 13 69 6 6 6
1 4 19 19 19 19
1 9 6 95 6 2 2 6 13 6 98
1 11 2 6 95 6 2 6 6 13 69 6 6
1 3 6 2 6
1 3 6 2 74
1 3 2 3 2
1 2 788 933
1 3 24 161 375
1 3 24 161 375
1 3 24 161 375
1 3 24 161 372
1 2 31 180
1 6 31 182 429 401 612 788
1 9 6 6 6 6 2 6 2 13 6
1 5 31 182 401 612 788
1 2 31 185
1 2 35 204
1 1 9
1 4 31 401 612 788
1 8 6 6 6 2 6 13 6 6
1 4 31 401 612 788
1 8 31 182 401 617 788 6 2 1
1 4 44 231 470 681
1 2 31 177
1 6 31 182 429 401 612 788
1 7 6 6 6 95 2 13 69
1 6 31 182 429 401 612 788
1 9 6 6 6 2 13 6 69 6 2
1 3 31 401 616
1 2 7 110
1 6 31 182 429 401 617 798
1 3 18 19 146
1 3 24 161 373
1 10 6 6 6 2 6 13 69 6 2 6
1 9 6 6 6 6 2 13 6 69 266
1 1 20
1 2 28 168
1 2 28 169
1 1 20
1 6 44 231 470 2 67 261
1 7 6 2 13 6 69 6 3
1 10 6 6 6 6 95 6 2 13 6 6
1 5 6 6 2 13 6
1 8 6 6 6 6 6 6 2 13
1 2 31 177
1 4 31 182 401 614
1 4 6 13 6 2
1 3 13 2 2
1 2 13 127
1 3 6 13 6
1 3 13 2 6
1 3 7 2 6
1 4 30 175 393 606
1 1 20
1 2 19 148
1 14 6 2 6 6 95 6 6 2 6 6 13 6 6 6
1 1 57
1 3 33 189 412
1 2 31 179
1 1 10
1 3 2 5 87
1 2 7 108
1 1 32
1 3 13 6 6
1 4 24 18 19 142
1 5 6 6 13 6 2
1 7 31 182 401 612 788 6 98
1 5 6 13 6 95 6
1 3 6 13 126
1 5 31 182 401 613 792
1 9 6 6 13 6 6 2 2 6 2
1 5 13 6 2 6 6
1 5 31 401 612 788 929
1 5 788 6 13 2 3
1 4 31 401 612 788
1 1 27
1 6 31 182 401 612 788 931
1 2 35 201
1 2 3 78
1 4 31 182 401 614
1 8 6 6 95 6 6 3 2 6
1 6 13 6 6 3 2 68
1 8 6 13 6 6 95 2 6 98
1 6 31 182 429 401 612 788
1 4 13 6 6 2
1 4 13 6 6 6
1 4 13 6 95 6
1 2 13 126
1 5 24 24 24 18 136
1 4 24 24 24 159
1 2 18 136
1 3 24 24 160
1 4 18 19 19 141
1 4 788 6 2 6
1 3 7 2 6
1 2 6 104
1 4 3 2 6 2
1 3 2 2 3
1 4 6 2 2 67
1 5 2 2 6 2 6
1 2 3 75
1 2 788 930
1 7 24 24 24 18 19 2 6
1 4 18 2 6 101
1 5 13 6 6 95 6
1 2 44 229
1 5 18 19 2 6 1
1 5 24 18 19 2 6
1 3 18 19 145
1 4 6 3 3 3
