782 277
1 2 1 58
1 1 6
1 6 2 3 2 5 5 3
1 1 7
1 3 3 5 3
1 3 5 5 3
1 3 3 5 85
1 6 2 5 87 2 3 5
1 2 8 101
1 7 5 5 3 3 5 5 3
1 5 5 769 5 3 2
1 5 9 314 5 87 2
1 4 769 5 72 265
1 1 11
1 9 3 5 73 5 3 5 3 5 87
1 1 12
1 1 13
1 4 769 2 5 3
1 2 15 121
1 4 5 3 5 3
1 1 16
1 5 17 127 344 5 89
1 3 19 20 5
1 3 19 5 3
1 3 19 20 5
1 1 21
1 1 11
1 4 5 3 5 87
1 3 22 5 3
1 2 1 61
1 5 2 5 87 5 5
1 2 23 158
1 3 1 5 93
1 7 22 5 5 3 87 5 86
1 5 2 5 5 86 282
1 5 2 5 87 5 87
1 6 2 5 87 87 87 2
1 5 2 3 5 5 2
1 3 5 5 87
1 6 2 87 5 5 72 265
1 3 22 5 3
1 3 23 5 3
1 4 23 5 72 266
1 5 5 2 3 5 87
1 3 5 3 75
1 3 3 5 90
1 4 2 5 5 92
1 2 2 65
1 5 5 2 5 5 5
1 2 2 65
1 3 5 5 3
1 6 25 19 20 5 3 69
1 2 25 171
1 1 26
1 5 2 87 5 3 3
1 3 3 5 85
1 2 20 148
1 3 19 5 3
1 3 5 3 68
1 4 2 5 3 87
1 4 20 5 3 72
1 3 22 5 3
1 7 2 5 3 3 3 5 93
1 5 3 2 5 87 87
1 3 5 5 3
1 3 2 3 5
1 4 3 5 5 3
1 4 2 5 3 87
1 1 14
1 3 2 5 3
1 2 20 143
1 3 2 5 3
1 3 2 5 3
1 4 5 5 5 3
1 3 5 87 87
1 2 1 61
1 1 21
1 3 5 23 5
1 2 769 926
1 3 87 5 3
1 3 2 5 72
1 3 5 3 77
1 3 25 172 395
1 2 24 167
1 2 24 165
1 2 24 167
1 2 87 287
1 2 172 398
1 5 87 87 2 5 3
1 4 87 3 5 769
1 5 87 3 5 87 287
1 3 3 5 769
1 2 24 166
1 3 3 87 87
1 3 19 5 93
1 3 87 3 5
1 4 769 5 3 78
1 5 5 5 87 5 87
1 6 2 3 5 87 5 3
1 8 5 3 5 3 5 3 5 3
1 3 22 5 5
1 7 5 2 3 5 5 3 2
1 2 27 175
1 2 23 162
1 3 22 5 3
1 2 27 175
1 3 1 5 72
1 2 2 67
1 4 2 5 93 294
1 5 20 3 3 5 3
1 4 2 3 78 271
1 4 2 5 5 3
1 4 2 87 5 3
1 5 2 3 5 93 293
1 5 29 182 412 649 839
1 1 7
1 2 20 144
1 8 9 110 314 560 769 5 5 3
1 3 5 3 2
1 3 20 5 3
1 4 5 3 23 163
1 3 87 5 5
1 3 22 5 5
1 3 1 5 88
1 2 22 155
1 2 22 155
1 2 28 177
1 2 28 179
1 3 19 5 86
1 3 19 20 146
1 3 25 25 171
1 2 28 179
1 3 19 20 3
1 3 25 25 171
1 2 1 58
1 3 3 5 3
1 2 3 79
1 3 20 5 3
1 2 28 178
1 2 28 177
1 2 1 59
1 2 28 177
1 3 27 5 94
1 2 28 177
1 3 3 5 87
1 6 5 87 87 87 5 3
1 4 769 5 3 3
1 5 9 110 314 5 769
1 6 27 5 3 5 3 81
1 2 8 102
1 4 5 87 5 3
1 7 20 5 3 5 3 2 769
1 6 9 110 314 560 769 926
1 4 19 5 3 69
1 3 25 25 171
1 1 31
1 3 5 87 285
1 3 5 5 5
1 3 22 5 3
1 2 15 123
1 2 30 188
1 2 32 195
1 3 194 428 34
1 2 33 198
1 2 15 123
1 2 32 195
1 2 33 197
1 3 15 122 333
1 2 33 197
1 2 9 108
1 3 35 32 191
1 3 194 428 34
1 4 15 122 336 585
1 4 15 122 336 584
1 10 32 194 428 34 5 3 5 3 5 3
1 2 36 215
1 2 29 183
1 2 20 149
1 2 37 219
1 3 25 172 399
1 2 20 147
1 2 25 173
1 2 37 217
1 4 25 25 25 172
1 3 25 172 399
1 3 25 172 394
1 1 40
1 2 37 219
1 6 22 5 3 5 93 294
1 5 35 32 194 428 34
1 6 35 32 194 428 34 207
1 3 33 33 203
1 2 35 212
1 2 19 136
1 3 37 220 467
1 3 19 20 5
1 2 172 393
1 3 37 220 466
1 2 19 139
1 2 36 216
1 1 38
1 3 15 122 331
1 3 19 20 149
1 3 15 122 332
1 2 33 200
1 3 32 5 92
1 3 15 122 331
1 2 19 137
1 2 172 396
1 3 37 220 466
1 2 172 399
1 2 37 218
1 2 19 136
1 2 172 394
1 3 37 220 466
1 5 29 182 412 649 839
1 2 172 394
1 3 37 220 466
1 2 172 397
1 6 29 182 412 647 836 974
1 2 19 132
1 2 36 216
1 4 35 32 5 72
1 3 194 428 34
1 2 15 123
1 2 33 202
1 4 35 32 5 87
1 3 15 122 330
1 4 35 32 5 3
1 3 15 122 333
1 7 35 32 194 428 34 5 72
1 3 15 122 330
1 2 35 213
1 8 32 194 428 34 5 3 5 3
1 1 42
1 2 32 192
1 3 194 428 34
1 2 17 128
1 1 42
1 5 32 194 428 34 208
1 4 35 32 194 427
1 3 15 122 334
1 7 15 122 32 194 428 34 208
1 3 22 5 3
1 4 15 122 336 584
1 3 32 194 429
1 4 15 122 336 584
1 6 32 194 428 34 5 3
1 2 35 214
1 1 44
1 1 44
1 1 44
1 3 22 5 3
1 1 46
1 5 32 194 428 34 208
1 3 33 33 202
1 5 35 32 34 5 3
1 2 35 211
1 4 32 194 428 34
1 5 35 32 194 428 661
1 2 33 202
1 2 33 197
1 2 33 205
1 1 38
1 1 38
1 7 32 194 428 34 5 87 285
1 3 15 122 330
1 3 15 122 334
1 4 15 122 32 195
1 1 13
1 3 15 122 337
1 1 49
1 1 49
1 4 32 5 5 3
1 4 32 194 428 659
1 3 15 122 334
1 2 33 202
1 3 32 5 3
1 3 194 428 34
1 3 15 122 330
1 4 32 194 428 660
1 3 15 122 330
1 9 15 122 32 194 428 34 5 87 5
1 3 15 122 334
1 3 15 122 335
1 2 32 190
1 1 50
1 1 50
1 3 33 33 33
1 4 33 33 33 201
1 3 33 33 33
1 2 1 63
1 3 33 33 33
1 3 33 33 33
1 3 33 33 33
1 3 33 33 33
1 3 33 33 33
1 3 33 33 33
1 3 33 33 196
1 3 33 33 33
1 5 35 32 34 5 3
1 3 32 5 3
1 4 32 34 5 95
1 3 35 32 193
1 5 35 32 34 5 87
1 3 33 33 33
1 1 43
1 3 32 34 210
1 3 32 34 5
1 1 43
1 4 15 122 32 195
1 4 15 122 32 190
1 2 9 111
1 2 15 124
1 1 51
1 3 32 5 87
1 1 51
1 1 51
1 3 35 32 192
1 1 51
1 2 36 215
1 2 36 215
1 2 36 215
1 3 32 34 5
1 2 32 191
1 3 33 33 196
1 3 32 34 5
1 5 32 34 5 87 289
1 4 15 122 336 584
1 4 32 34 5 87
1 3 15 122 330
1 2 33 196
1 3 33 33 201
1 3 5 3 69
1 4 5 3 5 3
1 3 19 5 3
1 7 3 2 5 3 5 5 87
1 3 3 23 157
1 5 20 5 3 5 5
1 3 20 5 90
1 4 3 2 87 5
1 2 3 79
1 3 27 5 3
1 5 5 5 3 5 3
1 3 2 5 87
1 8 9 110 314 560 769 5 93 295
1 2 20 140
1 9 9 110 314 560 769 2 5 93 295
1 5 29 182 412 649 840
1 3 20 5 3
1 3 2 5 72
1 2 2 67
1 3 2 5 87
1 4 2 3 5 3
1 4 2 5 93 295
1 4 23 5 3 87
1 1 52
1 1 52
1 4 5 3 5 87
1 3 25 25 25
1 4 5 3 5 87
1 1 52
1 5 20 20 5 73 267
1 5 5 5 2 5 3
1 7 5 3 87 5 3 2 5
1 4 3 5 87 288
1 5 3 5 5 5 87
1 3 3 5 3
1 2 5 85
1 3 3 5 93
1 3 5 3 87
1 3 5 3 68
1 3 3 5 93
1 4 1 5 3 87
1 2 22 154
1 3 19 20 146
1 5 25 19 20 5 3
1 2 34 209
1 3 3 5 3
1 3 19 20 141
1 3 19 20 143
1 3 19 19 20
1 2 22 155
1 1 52
1 4 87 2 87 2
1 3 1 5 3
1 1 14
1 2 34 206
1 2 34 206
1 2 34 206
1 2 34 209
1 4 19 20 5 3
1 4 19 20 5 3
1 4 19 20 5 3
1 5 19 20 5 3 2
1 5 19 5 3 5 3
1 4 19 19 5 3
1 3 19 5 3
1 4 19 19 5 3
1 3 5 5 3
1 3 87 5 3
1 3 5 3 77
1 4 3 5 5 3
1 6 1 5 5 5 3 5
1 3 3 72 5
1 3 3 5 92
1 4 87 3 3 5
1 3 87 5 3
1 6 5 87 5 87 3 3
1 5 87 5 3 5 87
1 5 3 5 3 5 3
1 3 5 3 5
1 7 5 3 2 5 5 3 2
1 2 29 181
1 5 9 110 314 556 769
1 2 19 131
1 2 41 227
1 1 47
1 6 17 127 344 5 86 283
1 1 47
1 2 29 184
1 6 17 127 344 5 23 161
1 1 47
1 2 41 228
1 5 29 182 412 647 836
1 3 9 110 315
1 2 19 138
1 2 1 60
1 2 41 228
1 2 33 199
1 2 41 226
1 2 41 226
1 2 29 180
1 4 87 5 5 3
1 7 9 110 314 5 87 2 769
1 7 9 110 314 5 3 2 769
1 4 9 110 314 557
1 3 9 314 558
1 5 9 110 314 560 768
1 9 9 110 314 556 769 5 3 5 3
1 4 29 182 412 646
1 4 29 182 412 648
1 6 29 182 412 647 836 975
1 6 29 182 412 647 836 975
1 6 9 110 314 5 23 159
1 3 9 110 315
1 6 9 110 314 5 2 769
1 3 5 3 2
1 2 9 104
1 4 9 314 556 769
1 2 9 109
1 3 29 182 411
1 4 9 314 556 769
1 2 30 186
1 2 9 106
1 6 9 110 314 560 769 2
1 6 9 314 5 2 769 3
1 5 9 110 314 556 769
1 6 9 110 314 769 5 2
1 7 9 110 314 5 2 769 5
1 5 9 110 314 560 767
1 2 30 185
1 3 9 314 560
1 3 87 5 3
1 5 9 314 5 2 769
1 4 9 314 560 767
1 2 9 109
1 1 45
1 1 45
1 1 45
1 2 33 199
1 2 9 106
1 6 9 110 314 5 769 2
1 6 9 110 314 556 769 928
1 7 3 5 3 2 87 5 93
1 3 22 5 3
1 6 3 5 5 3 2 66
1 3 1 5 86
1 4 5 3 5 3
1 2 19 133
1 2 1 58
1 4 19 19 5 3
1 3 19 19 131
1 4 20 5 3 5
1 6 19 19 5 3 5 3
1 2 1 62
1 7 5 3 2 5 3 5 3
1 4 19 5 93 293
1 2 19 135
1 11 2 5 3 5 3 2 5 3 3 5 92
1 5 3 5 3 23 164
1 3 5 93 295
1 7 22 5 5 3 5 3 5
1 4 5 72 5 5
1 6 3 2 5 5 87 87
1 2 3 74
1 4 5 5 3 5
1 5 1 5 87 5 72
1 5 5 87 3 2 5
1 8 2 5 3 5 3 2 5 3
1 3 22 5 3
1 3 5 3 23
1 9 9 110 314 769 5 3 5 3 2
1 3 9 110 316
1 7 9 110 314 5 3 2 769
1 2 769 926
1 4 9 110 314 557
1 4 5 5 3 2
1 1 39
1 2 20 147
1 6 29 182 412 647 836 975
1 7 9 110 314 556 769 5 3
1 3 1 5 3
1 1 48
1 6 3 5 2 3 5 3
1 4 9 110 314 560
1 1 7
1 6 5 3 23 5 3 23
1 6 5 5 5 3 3 5
1 4 87 2 5 3
1 3 3 5 3
1 6 5 3 5 3 5 23
1 4 3 5 3 2
1 5 5 3 5 3 2
1 1 10
1 4 20 20 5 3
1 6 3 5 5 73 5 87
1 6 5 87 3 5 3 87
1 3 5 5 3
1 3 3 5 87
1 3 34 5 88
1 4 5 3 3 5
1 3 5 3 76
1 3 19 5 87
1 3 5 3 69
1 2 1 57
1 2 1 59
1 3 15 122 337
1 5 9 110 314 560 769
1 5 5 3 5 5 87
1 3 87 3 5
1 2 24 168
1 2 5 85
1 3 1 5 3
1 3 15 122 337
1 3 3 5 87
1 3 20 20 145
1 3 34 5 3
1 2 41 228
1 5 29 182 412 647 836
1 1 53
1 3 5 87 284
1 5 5 5 72 5 3
1 3 19 19 131
1 4 19 20 5 87
1 4 5 72 5 86
1 4 87 5 3 87
1 4 19 20 5 3
1 4 5 3 2 87
1 5 19 20 5 72 265
1 3 19 19 134
1 3 19 5 72
1 3 19 20 5
1 3 5 3 5
1 4 2 5 3 3
1 3 1 5 3
1 4 2 5 3 69
1 3 5 3 3
1 5 5 3 5 3 2
1 4 5 3 5 94
1 4 17 127 344 593
1 4 34 5 87 3
1 14 9 110 314 560 769 3 5 3 2 5 3 2 5 87
1 4 34 5 5 3
1 4 29 182 412 648
1 13 5 87 5 3 3 5 87 5 3 5 3 5 87
1 4 5 3 69 264
1 11 5 3 5 5 87 5 87 5 3 5 87
1 8 9 110 314 5 3 2 769 5
1 5 9 110 314 769 5
1 3 87 87 289
1 1 10
1 3 34 5 3
1 2 34 207
1 3 5 3 5
1 3 34 5 3
1 3 19 5 3
1 3 23 5 86
1 3 27 5 5
1 3 2 5 93
1 4 5 3 5 3
1 6 2 5 5 3 5 87
1 4 2 5 3 5
1 3 20 5 91
1 4 87 2 5 5
1 4 87 87 5 92
1 5 5 2 5 5 93
1 4 5 5 5 3
1 2 30 187
1 3 9 314 769
1 3 23 5 3
1 3 27 5 86
1 3 20 5 3
1 3 2 5 3
1 5 9 110 314 560 769
1 5 19 20 5 87 2
1 7 9 110 314 560 769 2 5
1 7 9 110 314 560 769 2 5
1 4 2 5 5 3
1 3 5 5 3
1 5 29 182 412 649 840
1 2 8 102
1 14 5 5 5 5 5 5 3 72 5 3 73 3 5 3
1 8 5 72 3 5 3 73 3 83
1 9 5 72 3 5 3 3 3 73 267
1 2 22 154
1 4 5 5 5 5
1 3 5 86 281
1 8 5 3 5 3 5 3 73 3
1 1 54
1 6 9 110 314 560 769 925
1 3 5 5 3
1 14 9 110 314 560 769 3 2 5 87 3 2 87 2 66
1 2 2 64
1 7 17 127 344 5 3 23 161
1 3 3 23 163
1 14 9 110 314 560 769 2 5 87 2 5 3 2 5 3
1 2 8 102
1 9 9 110 314 560 769 2 5 86 280
1 8 2 5 87 3 2 5 86 280
1 11 5 5 87 3 5 3 5 3 5 5 3
1 8 3 5 87 5 3 3 5 72
1 4 3 3 2 87
1 2 23 160
1 3 3 5 92
1 3 3 3 5
1 4 87 3 3 5
1 2 22 156
1 5 3 5 3 5 3
1 3 87 5 3
1 6 20 3 5 72 5 96
1 9 20 20 3 3 3 3 3 5 87
1 16 20 3 5 3 5 3 5 73 3 3 3 5 73 3 5 3
1 5 20 5 5 73 269
1 1 55
1 3 5 3 74
1 10 2 5 5 3 3 5 73 3 3 3
1 8 20 5 3 72 5 3 5 3
1 9 20 5 3 5 3 3 5 73 78
1 3 5 2 3
1 10 20 5 3 72 3 3 73 5 73 267
1 4 5 5 3 2
1 10 5 3 5 5 73 3 3 5 3 73
1 5 3 5 73 3 3
1 2 20 150
1 2 20 150
1 4 5 3 5 3
1 4 20 20 20 150
1 6 5 3 3 73 3 3
1 6 20 3 5 5 73 3
1 4 3 5 3 3
1 8 20 5 3 5 3 73 3 3
1 7 73 3 5 3 5 3 3
1 7 20 3 3 5 3 73 267
1 4 5 3 73 3
1 8 3 72 5 73 78 3 3 3
1 4 20 20 20 20
1 9 3 72 3 5 5 3 73 3 69
1 11 5 3 72 3 5 3 3 73 78 3 3
1 9 3 3 5 3 5 3 3 73 3
1 3 3 5 3
1 3 3 5 96
1 2 9 106
1 3 25 172 398
1 3 25 172 398
1 3 25 172 398
1 2 9 109
1 9 3 3 3 3 3 5 73 3 3
1 9 3 3 3 3 5 3 5 73 3
1 5 9 110 314 556 769
1 13 5 3 3 72 3 3 5 73 3 3 3 3 3
1 2 9 112
1 2 33 204
1 2 9 112
1 2 8 103
1 8 3 3 3 5 3 73 3 3
1 4 9 314 556 769
1 5 5 73 3 3 87
1 8 9 110 314 560 769 3 5 2
1 2 9 104
1 14 3 3 3 3 72 3 3 5 73 3 3 3 5 5
1 3 9 110 316
1 7 3 3 3 72 5 73 78
1 3 9 110 316
1 9 3 3 3 5 73 3 78 3 5
1 3 9 314 559
1 2 1 60
1 3 9 110 316
1 12 3 5 72 3 3 3 3 72 5 3 73 3
1 3 25 172 397
1 1 4
1 10 3 3 3 5 3 73 78 3 5 3
1 9 3 3 3 3 5 73 3 78 272
1 1 4
1 2 27 175
1 2 27 176
1 6 17 127 344 5 86 283
1 7 3 5 73 3 78 3 87
1 10 3 3 3 3 72 3 5 73 3 3
1 5 3 3 5 73 3
1 10 3 3 3 3 3 5 73 3 3 3
1 2 9 104
1 4 9 110 314 557
1 4 3 73 3 5
1 2 9 109
1 3 73 5 5
1 7 17 127 344 5 3 23 161
1 3 73 5 3
1 3 1 5 3
1 5 29 182 412 649 839
1 1 4
1 2 20 147
1 3 15 122 337
1 2 9 107
1 1 10
1 9 3 73 3 72 5 5 5 5 3
1 3 5 23 157
1 2 30 188
1 3 73 3 3
1 5 3 3 73 3 5
1 7 9 110 314 556 769 3 69
1 5 3 73 3 72 3
1 3 3 73 268
1 3 19 20 5
1 6 9 110 314 5 92 292
1 4 9 314 556 769
1 9 3 3 73 3 3 5 5 3 5
1 5 73 3 5 3 3
1 5 3 73 3 5 92
1 5 769 3 73 5 87
1 4 9 314 556 769
1 1 21
1 2 33 197
1 4 3 73 3 5
1 7 9 110 314 769 5 3 2
1 2 769 927
1 2 9 105
1 4 9 110 314 557
1 8 3 3 72 3 3 87 5 3
1 8 3 73 3 3 72 5 3 69
1 4 73 3 3 5
1 2 9 112
1 4 73 3 3 3
1 3 73 3 5
1 2 73 268
1 4 5 87 5 87
1 1 56
1 1 18
1 4 25 19 5 3
1 4 25 25 25 170
1 2 19 135
1 3 25 25 169
1 4 19 20 20 141
1 4 769 3 5 3
1 3 1 5 3
1 2 3 82
1 4 87 5 3 5
1 3 5 5 87
1 5 5 5 3 5 3
1 2 87 286
1 5 25 19 20 5 3
1 5 19 20 5 72 265
1 4 19 5 3 80
1 5 73 3 3 72 3
1 2 17 126
1 1 18
1 5 5 3 5 3 70
1 4 19 5 3 71
1 5 19 20 5 3 2
1 5 25 19 20 5 3
1 3 19 20 142
1 4 3 87 87 87
