751 268
1 2 1 58
1 3 2 5 6
1 1 7
1 5 6 6 5 6 6
1 4 6 5 8 106
1 6 2 3 2 5 5 3
1 2 1 62
1 1 9
1 3 5 5 3
1 3 3 5 1
1 6 2 5 6 2 3 5
1 7 5 5 3 3 5 5 3
1 4 11 324 557 756
1 3 5 3 74
1 1 12
1 1 13
1 1 12
1 1 14
1 4 764 2 5 3
1 2 16 132
1 4 5 3 5 3
1 5 17 136 351 5 88
1 3 19 20 5
1 3 19 5 3
1 1 21
1 1 13
1 3 23 5 3
1 2 1 61
1 5 2 5 6 5 5
1 2 8 104
1 3 5 77 5
1 7 23 5 5 3 6 5 85
1 3 23 5 3
1 5 2 5 6 5 6
1 6 2 5 6 6 6 2
1 5 2 3 5 5 2
1 6 2 6 5 5 77 272
1 3 23 5 3
1 2 8 105
1 5 5 2 3 5 6
1 2 19 143
1 3 3 5 89
1 4 23 5 3 6
1 2 25 172
1 4 2 5 5 91
1 2 2 67
1 5 5 2 5 5 5
1 4 2 5 3 5
1 3 5 5 3
1 6 25 19 20 5 3 71
1 1 26
1 3 2 5 77
1 2 23 165
1 5 2 6 5 3 3
1 3 3 5 1
1 3 19 5 3
1 3 5 3 70
1 4 2 5 3 6
1 4 20 5 3 77
1 4 25 19 5 3
1 4 20 3 5 3
1 4 19 20 5 3
1 3 23 5 3
1 7 2 5 3 3 3 5 92
1 1 28
1 5 3 2 5 6 6
1 3 6 5 3
1 4 3 5 5 3
1 1 15
1 2 20 152
1 3 2 5 3
1 3 2 5 3
1 4 5 5 5 3
1 3 5 3 6
1 3 5 6 6
1 2 1 61
1 2 764 917
1 3 6 5 3
1 3 5 5 6
1 3 3 6 6
1 3 5 3 79
1 3 25 174 403
1 2 24 169
1 2 24 167
1 2 24 169
1 2 6 97
1 3 174 407 631
1 2 24 169
1 5 6 6 2 5 3
1 3 3 5 3
1 4 6 3 5 87
1 5 6 3 5 6 97
1 3 3 5 87
1 2 3 78
1 2 19 140
1 3 6 6 97
1 2 24 168
1 3 19 5 92
1 3 6 3 5
1 4 764 5 3 80
1 5 5 5 6 5 6
1 6 2 3 5 6 5 3
1 8 5 3 5 3 5 3 5 3
1 3 23 5 5
1 7 5 2 3 5 5 3 2
1 5 2 3 5 3 2
1 4 20 3 5 3
1 2 8 109
1 3 1 5 77
1 2 2 69
1 5 2 3 3 5 92
1 4 2 5 92 288
1 4 2 6 5 3
1 1 9
1 5 30 185 420 645 823
1 2 20 153
1 3 5 3 2
1 5 5 6 3 72 263
1 3 20 5 3
1 7 11 121 324 764 5 3 74
1 4 5 3 72 264
1 2 29 179
1 3 6 5 5
1 3 23 5 5
1 3 1 5 86
1 2 23 165
1 2 8 103
1 2 23 165
1 3 5 2 5
1 2 29 182
1 3 19 5 85
1 3 25 25 173
1 3 25 25 173
1 2 29 182
1 3 19 20 3
1 2 1 58
1 6 6 2 5 2 5 6
1 3 3 5 3
1 4 25 25 25 173
1 2 3 81
1 2 23 165
1 3 16 131 340
1 2 29 181
1 2 1 59
1 2 29 179
1 3 3 5 6
1 3 1 5 8
1 3 5 8 105
1 1 27
1 5 11 121 324 560 764
1 4 764 5 3 3
1 5 11 121 324 557 758
1 1 32
1 5 11 121 324 557 755
1 1 10
1 4 5 6 5 3
1 7 20 5 3 5 3 2 66
1 6 11 121 324 560 764 917
1 3 25 25 173
1 1 12
1 3 5 5 5
1 3 23 5 3
1 1 31
1 2 35 200
1 2 16 133
1 2 35 203
1 2 11 117
1 2 34 193
1 3 16 131 344
1 5 35 204 446 36 209
1 3 16 131 337
1 2 34 193
1 3 35 204 447
1 2 11 119
1 3 37 35 201
1 3 204 446 36
1 3 16 131 342
1 4 34 35 204 447
1 3 16 131 342
1 10 35 204 446 36 5 3 5 3 5 3
1 3 204 446 36
1 3 38 214 457
1 3 38 214 457
1 3 25 174 408
1 3 25 19 146
1 4 20 204 446 662
1 2 20 157
1 3 25 19 141
1 2 20 155
1 2 25 175
1 2 40 217
1 4 25 25 25 174
1 3 25 174 408
1 3 25 174 402
1 1 39
1 2 40 218
1 6 23 5 3 5 92 288
1 8 37 35 204 446 36 3 5 85
1 3 34 34 198
1 2 37 212
1 3 19 20 5
1 2 174 401
1 5 30 185 420 645 823
1 2 19 148
1 2 38 215
1 7 11 121 326 324 557 555 764
1 5 19 20 204 446 661
1 3 16 131 339
1 2 34 195
1 3 35 5 91
1 3 16 131 338
1 2 174 408
1 2 19 147
1 3 40 219 465
1 2 174 404
1 7 40 219 19 20 204 446 36
1 2 174 402
1 6 40 219 19 20 204 444
1 2 174 408
1 2 19 146
1 7 40 219 19 20 204 446 36
1 5 30 185 420 645 823
1 2 174 402
1 4 40 219 19 147
1 4 40 219 19 146
1 2 174 405
1 7 40 219 19 20 204 446 36
1 4 30 185 420 643
1 2 19 142
1 2 38 215
1 3 204 446 36
1 2 16 133
1 4 34 35 36 3
1 4 37 35 5 6
1 3 204 446 36
1 3 16 131 337
1 4 37 35 5 3
1 3 16 131 344
1 7 37 35 204 446 36 5 77
1 3 16 131 337
1 4 16 131 35 203
1 2 34 192
1 2 37 213
1 2 11 119
1 8 35 204 446 36 5 3 5 3
1 1 44
1 2 17 137
1 4 35 204 446 36
1 1 46
1 5 35 204 446 36 208
1 4 37 35 204 445
1 3 16 131 343
1 7 16 131 35 204 446 36 208
1 3 23 5 3
1 4 204 446 36 5
1 3 16 131 342
1 3 16 131 342
1 6 35 204 446 36 5 3
1 1 48
1 3 204 446 36
1 1 46
1 5 35 204 446 36 208
1 1 46
1 5 37 35 36 5 3
1 2 37 211
1 4 35 204 446 36
1 5 37 35 204 446 664
1 5 34 35 36 5 6
1 2 34 199
1 1 42
1 1 42
1 3 35 204 445
1 3 38 214 457
1 3 16 131 343
1 4 16 131 35 203
1 1 14
1 1 49
1 4 35 5 5 3
1 3 204 446 661
1 4 35 204 446 663
1 3 16 131 343
1 6 34 35 5 3 5 3
1 2 35 202
1 3 16 131 337
1 3 16 131 337
1 4 34 35 204 447
1 3 16 131 343
1 3 16 131 345
1 1 50
1 1 50
1 1 50
1 3 34 34 34
1 4 34 34 34 196
1 3 34 34 34
1 2 1 64
1 3 34 34 34
1 3 34 34 192
1 3 34 34 34
1 3 34 34 34
1 3 34 34 34
1 3 34 34 34
1 3 34 34 34
1 3 34 34 34
1 3 34 34 34
1 3 34 34 34
1 3 34 34 34
1 5 37 35 36 5 3
1 3 35 5 3
1 5 37 35 36 5 6
1 3 34 34 34
1 1 45
1 3 35 36 210
1 3 35 36 5
1 1 45
1 4 16 131 35 200
1 2 16 134
1 1 51
1 3 35 5 6
1 3 37 35 202
1 1 51
1 3 38 214 458
1 3 38 214 458
1 3 38 214 459
1 3 38 214 458
1 3 35 36 5
1 2 35 201
1 6 16 131 35 5 3 71
1 3 35 36 5
1 6 37 35 36 5 6 100
1 3 16 131 337
1 3 5 3 71
1 4 5 3 5 3
1 3 19 5 3
1 4 25 19 5 77
1 7 3 2 5 3 5 5 6
1 3 3 5 1
1 3 3 72 263
1 5 20 5 3 5 5
1 3 20 5 89
1 5 3 5 3 5 77
1 4 3 2 6 5
1 1 32
1 5 17 136 351 5 88
1 5 5 5 3 5 3
1 3 2 5 6
1 8 11 121 324 560 764 5 92 289
1 2 20 149
1 5 30 185 420 645 824
1 3 20 5 3
1 5 2 5 3 5 5
1 2 2 69
1 3 2 5 92
1 3 5 5 3
1 2 6 99
1 2 29 180
1 2 8 105
1 1 52
1 4 5 3 5 6
1 1 52
1 5 20 20 5 75 266
1 7 5 3 6 5 3 2 5
1 3 5 5 86
1 4 3 5 6 98
1 5 3 5 5 5 6
1 3 5 1 59
1 3 3 5 92
1 3 5 3 70
1 3 3 5 92
1 3 3 5 92
1 2 23 164
1 3 19 20 156
1 5 25 19 20 5 3
1 3 3 5 3
1 3 19 20 150
1 2 1 63
1 4 3 5 5 3
1 4 6 2 5 2
1 4 6 2 6 2
1 3 1 5 3
1 2 36 205
1 2 36 205
1 2 36 205
1 2 36 207
1 2 36 206
1 4 19 20 5 3
1 4 19 20 5 3
1 5 19 20 5 3 2
1 4 19 19 5 3
1 4 19 19 5 3
1 4 3 3 5 3
1 3 6 5 3
1 3 5 3 79
1 4 3 5 5 3
1 6 1 5 5 5 3 5
1 3 3 77 5
1 3 3 5 91
1 4 6 3 3 5
1 3 6 5 3
1 6 5 6 5 6 3 3
1 5 6 5 3 5 6
1 3 5 3 5
1 2 30 184
1 1 47
1 6 17 136 351 5 85 282
1 1 47
1 2 30 186
1 6 17 136 351 5 8 107
1 1 47
1 5 11 121 324 555 764
1 4 30 185 420 643
1 4 20 5 3 2
1 2 1 60
1 1 43
1 2 34 194
1 1 43
1 1 43
1 2 30 183
1 4 6 5 5 3
1 4 11 121 324 556
1 4 11 324 557 759
1 3 11 324 558
1 5 11 121 324 560 763
1 4 30 185 420 642
1 4 30 185 420 644
1 4 30 185 420 643
1 5 11 121 324 557 757
1 3 11 121 325
1 3 5 3 2
1 2 11 114
1 6 11 324 557 555 764 5
1 4 11 324 555 764
1 2 11 120
1 3 30 185 419
1 2 11 116
1 6 11 121 324 560 764 2
1 4 11 324 555 764
1 6 11 324 557 555 764 3
1 5 11 121 324 555 764
1 6 11 121 324 764 5 2
1 7 11 121 324 557 555 764 5
1 4 11 324 557 755
1 5 11 121 324 560 762
1 1 31
1 3 11 324 560
1 3 6 5 3
1 5 11 324 557 555 764
1 4 11 324 560 762
1 2 11 120
1 1 53
1 1 53
1 2 34 194
1 2 11 116
1 5 11 121 324 557 758
1 6 11 121 324 557 555 764
1 4 5 5 5 5
1 7 3 5 3 2 6 5 92
1 3 23 5 3
1 3 1 5 85
1 4 5 3 5 3
1 2 19 143
1 2 1 58
1 4 19 19 5 3
1 10 5 3 5 6 5 3 5 3 5 5
1 3 19 19 140
1 4 20 5 3 5
1 2 1 63
1 2 19 145
1 11 2 5 3 5 3 2 5 3 3 5 91
1 2 23 164
1 3 5 92 289
1 4 5 77 5 5
1 6 3 2 5 5 6 6
1 2 3 76
1 4 5 5 3 5
1 5 1 5 6 5 77
1 5 5 6 3 2 5
1 7 2 5 3 2 5 3 5
1 3 3 5 3
1 3 23 5 3
1 2 4 84
1 3 5 3 72
1 2 764 917
1 4 11 121 324 556
1 4 5 5 3 2
1 1 47
1 1 41
1 4 5 3 5 3
1 4 30 185 420 643
1 7 11 121 324 555 764 5 3
1 3 6 5 3
1 1 33
1 6 3 5 2 3 5 3
1 1 9
1 4 6 2 5 3
1 3 3 5 3
1 4 3 5 3 2
1 1 22
1 6 3 5 5 75 5 6
1 6 5 6 3 5 3 6
1 1 7
1 4 5 3 3 5
1 3 5 3 78
1 3 19 5 6
1 3 5 3 71
1 2 1 57
1 2 1 59
1 3 16 131 341
1 5 11 121 324 560 764
1 5 5 3 5 5 6
1 3 6 3 5
1 2 24 170
1 3 5 1 5
1 2 24 167
1 3 1 5 3
1 3 1 5 1
1 3 16 131 341
1 3 3 5 6
1 3 20 20 154
1 3 5 6 95
1 5 5 5 77 5 3
1 3 19 19 140
1 4 19 20 5 92
1 4 19 20 5 6
1 4 5 77 5 85
1 4 6 5 3 6
1 4 19 20 5 3
1 4 5 3 2 6
1 5 19 20 5 77 272
1 3 19 19 144
1 3 19 20 5
1 3 23 5 90
1 8 6 3 6 5 3 5 92 287
1 3 5 3 5
1 4 2 5 3 3
1 3 1 5 3
1 2 8 105
1 4 2 5 3 71
1 3 5 3 3
1 5 5 3 5 3 2
1 8 11 121 324 560 764 5 3 2
1 4 5 3 5 93
1 14 11 121 324 560 764 3 5 3 2 5 3 2 5 6
1 13 5 6 5 3 3 5 6 5 3 5 3 5 6
1 4 5 3 71 262
1 11 5 3 5 5 6 5 6 5 3 5 6
1 5 11 121 324 764 5
1 3 6 6 100
1 1 22
1 3 36 5 3
1 3 36 3 79
1 4 36 3 5 85
1 3 5 3 5
1 3 36 3 80
1 3 36 5 3
1 3 36 5 3
1 2 20 151
1 3 19 5 3
1 1 32
1 3 2 5 92
1 4 5 3 5 3
1 6 2 5 5 3 5 6
1 3 5 5 3
1 3 20 5 90
1 4 6 2 5 5
1 3 5 92 287
1 1 31
1 3 11 324 764
1 1 32
1 3 20 5 3
1 3 2 5 3
1 2 20 150
1 5 11 121 324 560 764
1 5 19 20 5 6 2
1 7 11 121 324 560 764 2 5
1 3 5 5 3
1 1 10
1 14 5 5 5 5 5 5 3 77 5 3 75 3 5 3
1 1 22
1 2 23 164
1 3 5 85 281
1 8 5 3 5 3 5 3 75 3
1 6 11 121 324 560 764 915
1 3 5 5 3
1 14 11 121 324 560 764 3 2 5 6 3 2 6 2 68
1 2 2 65
1 17 5 6 3 5 6 6 6 5 3 6 5 6 5 3 5 5 3
1 7 17 136 351 5 3 72 265
1 14 11 121 324 560 764 2 5 6 2 5 3 2 5 3
1 2 2 65
1 4 30 185 420 644
1 4 30 185 420 642
1 1 10
1 9 11 121 324 560 764 2 5 85 280
1 9 11 121 324 560 764 3 2 5 6
1 8 2 5 6 3 2 5 85 280
1 11 5 5 6 3 5 3 5 3 5 5 3
1 8 3 5 6 5 3 3 5 77
1 3 6 5 3
1 4 3 3 2 6
1 2 8 108
1 5 5 3 6 5 5
1 3 23 5 89
1 3 3 5 91
1 1 10
1 2 23 166
1 5 3 5 3 5 3
1 3 6 5 3
1 5 19 20 5 92 286
1 9 20 20 3 3 3 3 3 5 6
1 1 54
1 16 20 3 5 3 5 3 5 75 3 3 3 5 75 3 5 3
1 5 20 5 5 75 270
1 1 54
1 3 5 3 76
1 8 20 5 3 77 5 3 5 3
1 1 54
1 9 20 5 3 5 3 3 5 75 268
1 10 20 5 3 77 3 3 75 5 75 266
1 4 5 5 3 2
1 10 5 3 5 5 75 3 3 5 3 75
1 2 20 158
1 2 20 158
1 4 20 20 20 158
1 6 5 3 3 75 3 3
1 15 3 5 3 3 3 3 5 3 3 75 5 3 75 3 3
1 4 3 5 3 3
1 7 5 3 77 3 3 5 94
1 9 75 3 5 3 5 3 3 75 266
1 8 20 5 3 5 3 75 3 3
1 7 75 3 5 3 5 3 3
1 7 20 3 3 5 3 75 266
1 10 3 5 3 5 3 77 3 5 3 75
1 4 5 3 75 3
1 5 3 77 5 75 268
1 9 3 77 3 5 5 3 75 3 71
1 9 3 3 5 3 5 3 3 75 3
1 3 3 5 3
1 3 5 6 5
1 2 764 916
1 2 11 116
1 3 25 174 407
1 3 25 174 407
1 3 25 174 407
1 3 25 174 407
1 3 25 174 406
1 2 11 120
1 9 3 3 3 3 3 5 75 3 3
1 6 11 121 326 324 555 764
1 9 3 3 3 3 5 3 5 75 3
1 5 11 121 324 555 764
1 13 5 3 3 77 3 3 5 75 3 3 3 3 3
1 2 11 122
1 2 11 122
1 4 11 324 555 764
1 8 3 3 3 5 3 75 3 3
1 4 11 324 555 764
1 5 5 75 3 3 6
1 4 17 136 351 588
1 14 3 3 3 3 77 3 3 5 75 3 3 3 5 5
1 6 11 121 326 324 555 764
1 7 3 3 3 77 5 75 268
1 3 11 324 559
1 2 1 60
1 6 11 121 326 324 560 762
1 12 3 5 77 3 3 3 3 77 5 3 75 3
1 3 19 20 156
1 3 25 174 405
1 2 4 83
1 7 3 3 3 5 3 75 268
1 8 3 3 3 3 5 75 3 80
1 2 4 83
1 5 3 5 75 3 80
1 5 3 3 5 75 3
1 8 3 3 3 3 3 3 5 75
1 10 3 3 3 3 3 5 75 3 3 3
1 2 11 114
1 4 11 121 324 556
1 4 3 75 3 5
1 2 11 120
1 2 75 269
1 7 17 136 351 5 3 72 265
1 3 3 75 3
1 3 75 5 3
1 5 30 185 420 645 823
1 2 4 83
1 2 4 83
1 2 20 155
1 14 3 5 3 3 77 3 3 5 3 3 75 3 3 3
1 1 55
1 3 16 131 341
1 2 11 118
1 1 22
1 9 3 75 3 77 5 5 5 5 3
1 3 5 8 103
1 2 1 59
1 1 31
1 3 75 3 3
1 4 25 19 20 152
1 5 3 75 3 77 3
1 3 3 75 267
1 3 19 20 5
1 4 11 324 555 764
1 9 3 3 75 3 3 5 5 3 5
1 5 3 75 3 5 91
1 5 11 324 555 764 915
1 5 764 3 75 5 6
1 4 11 324 555 764
1 1 21
1 6 11 121 324 555 764 919
1 2 34 193
1 4 3 75 3 5
1 2 34 197
1 2 6 98
1 7 11 121 324 764 5 3 2
1 2 764 918
1 2 11 115
1 8 3 3 77 3 3 6 5 3
1 6 75 3 3 6 5 91
1 8 3 75 3 3 77 5 3 71
1 6 11 121 326 324 555 764
1 4 75 3 3 5
1 2 11 122
1 4 75 3 3 3
1 3 75 3 5
1 4 75 3 77 3
1 4 5 6 5 6
1 1 56
1 1 18
1 5 25 25 25 19 145
1 4 25 19 5 3
1 2 19 145
1 3 25 25 171
1 4 19 20 20 150
1 2 3 82
1 4 6 5 3 5
1 3 5 5 6
1 4 3 5 5 85
1 5 5 5 3 5 3
1 2 6 96
1 5 25 19 20 5 3
1 2 764 917
1 7 25 25 25 19 20 5 3
1 5 19 20 5 77 272
1 2 17 135
1 1 18
1 5 5 3 5 3 73
1 4 19 5 3 74
1 5 19 20 5 3 2
1 5 25 19 20 5 3
1 3 19 20 151
1 4 3 6 6 6
