765 276
1 2 1 60
1 3 2 5 6
1 1 7
1 5 6 6 5 6 6
1 4 6 5 8 107
1 2 1 63
1 3 3 5 3
1 3 5 87 272
1 3 3 5 1
1 6 2 5 6 2 3 5
1 2 10 113
1 2 5 89
1 5 11 326 87 6 2
1 4 772 5 90 284
1 3 5 3 73
1 1 13
1 1 14
1 9 3 5 74 5 3 5 3 5 6
1 1 13
1 1 15
1 2 16 133
1 1 17
1 5 18 138 355 5 91
1 3 20 21 5
1 3 20 21 5
1 1 22
1 1 14
1 4 5 3 5 6
1 3 23 5 3
1 2 1 62
1 3 1 5 94
1 3 5 90 5
1 5 23 5 87 272 525
1 3 23 5 3
1 4 2 5 87 273
1 5 2 5 6 5 6
1 6 2 5 6 6 6 2
1 5 2 3 5 87 2
1 3 5 87 6
1 2 2 66
1 3 23 5 3
1 3 8 5 3
1 4 8 5 90 285
1 2 20 144
1 3 5 3 75
1 3 3 5 92
1 4 23 5 3 6
1 2 25 167
1 4 2 5 87 280
1 5 5 2 5 87 5
1 2 2 68
1 4 2 5 3 5
1 3 5 87 272
1 6 25 20 21 5 3 71
1 3 25 21 152
1 1 27
1 3 2 5 90
1 2 23 164
1 2 21 157
1 3 20 5 3
1 3 5 3 70
1 4 2 5 3 6
1 4 25 20 5 3
1 4 21 3 5 3
1 4 20 21 5 3
1 7 2 5 3 3 3 5 94
1 1 28
1 3 6 5 3
1 3 5 87 272
1 3 2 3 5
1 4 3 5 87 272
1 4 2 5 3 6
1 1 29
1 3 2 5 3
1 2 21 153
1 3 5 3 6
1 3 5 6 6
1 2 1 62
1 1 22
1 3 5 8 5
1 2 772 916
1 3 6 5 3
1 3 2 5 90
1 3 5 87 6
1 3 3 6 6
1 3 5 3 78
1 2 26 171
1 2 26 169
1 2 26 171
1 3 168 397 634
1 2 26 171
1 5 6 6 2 5 3
1 3 3 5 3
1 4 6 3 5 89
1 3 3 5 89
1 2 3 76
1 2 20 142
1 3 6 6 99
1 2 26 170
1 3 3 6 6
1 3 20 5 94
1 5 5 87 6 5 6
1 3 23 5 87
1 5 2 3 5 3 2
1 4 21 3 5 3
1 2 30 175
1 3 23 5 3
1 2 30 175
1 5 2 3 3 5 94
1 4 2 5 94 290
1 5 21 3 3 5 3
1 3 2 3 77
1 4 2 5 87 272
1 2 2 66
1 5 2 3 5 94 289
1 1 9
1 5 31 178 413 646 824
1 1 9
1 2 21 154
1 8 11 121 326 572 772 5 87 272
1 3 5 3 2
1 5 5 6 3 8 106
1 3 21 5 3
1 7 11 121 326 772 5 3 73
1 4 5 3 8 107
1 2 33 185
1 3 23 5 87
1 3 1 5 88
1 2 8 106
1 2 23 164
1 3 5 2 5
1 2 33 185
1 3 20 5 4
1 3 20 21 155
1 4 25 25 21 3
1 5 25 25 21 3 5
1 3 20 21 3
1 3 25 25 21
1 6 6 2 5 2 5 6
1 3 3 5 3
1 6 25 25 25 21 3 71
1 2 23 164
1 3 16 134 345
1 3 21 5 3
1 2 33 185
1 2 30 176
1 2 33 185
1 3 3 5 6
1 6 5 6 6 6 5 3
1 3 1 5 8
1 4 5 8 5 3
1 1 24
1 5 11 121 326 572 772
1 4 772 5 3 3
1 5 11 121 326 87 276
1 7 11 121 326 87 272 568 772
1 2 10 114
1 6 11 121 326 572 772 916
1 4 20 5 3 71
1 1 13
1 3 5 6 98
1 3 23 5 3
1 2 16 135
1 2 32 184
1 2 35 193
1 3 192 432 37
1 2 35 188
1 2 36 196
1 2 16 135
1 2 11 119
1 2 36 195
1 3 16 134 348
1 5 35 192 432 37 207
1 3 16 134 342
1 3 16 134 348
1 2 36 195
1 3 35 192 37
1 2 11 120
1 3 16 134 347
1 6 36 35 192 37 5 3
1 3 16 134 347
1 10 35 192 432 37 5 3 5 3 5 3
1 3 192 432 37
1 3 38 208 456
1 3 38 208 456
1 2 31 179
1 3 25 168 398
1 3 25 20 147
1 4 21 192 432 661
1 2 39 212
1 2 21 158
1 3 25 20 143
1 3 25 168 398
1 2 21 156
1 2 39 210
1 4 25 25 25 168
1 2 39 212
1 5 41 35 192 432 37
1 6 41 35 192 432 37 203
1 2 20 147
1 3 39 213 463
1 3 20 21 5
1 2 168 393
1 7 39 213 20 21 192 432 37
1 5 31 178 413 646 824
1 1 40
1 3 16 134 343
1 7 11 121 432 326 87 2 67
1 5 20 21 192 432 660
1 3 16 134 344
1 2 36 197
1 2 168 398
1 2 20 148
1 3 39 213 463
1 7 39 213 20 21 192 432 37
1 2 168 394
1 2 39 211
1 2 168 394
1 7 39 213 20 21 192 432 37
1 5 31 178 413 646 824
1 2 168 394
1 4 39 213 20 148
1 2 168 396
1 7 39 213 20 21 192 432 37
1 2 38 209
1 4 41 35 5 90
1 2 16 135
1 4 41 35 5 6
1 3 192 432 37
1 4 41 35 5 3
1 3 16 134 348
1 7 41 35 192 432 37 5 90
1 3 16 134 342
1 4 16 134 35 193
1 3 36 194 436
1 2 41 217
1 2 11 120
1 8 35 192 432 37 5 3 5 3
1 1 43
1 2 35 190
1 3 192 432 37
1 2 18 139
1 4 35 192 432 37
1 1 43
1 1 45
1 5 35 192 432 37 206
1 3 16 134 349
1 7 16 134 35 192 432 37 206
1 4 192 432 37 5
1 3 35 192 37
1 3 16 134 347
1 6 35 192 432 37 5 3
1 2 41 218
1 1 47
1 3 192 432 37
1 1 47
1 3 23 5 3
1 1 45
1 5 35 192 432 37 206
1 1 45
1 6 36 36 35 192 37 5
1 5 41 35 37 5 3
1 2 41 216
1 4 35 192 432 37
1 5 41 35 192 432 663
1 5 36 35 37 5 6
1 2 36 195
1 1 40
1 3 35 192 431
1 3 38 208 456
1 7 35 192 432 37 5 6 98
1 3 16 134 342
1 3 16 134 349
1 1 49
1 3 16 134 346
1 1 50
1 1 50
1 3 192 432 660
1 4 35 192 432 662
1 3 16 134 349
1 6 36 35 5 3 5 3
1 3 35 5 3
1 2 35 190
1 3 192 432 37
1 3 16 134 342
1 5 35 192 432 326 87
1 5 36 35 192 37 204
1 9 16 134 35 192 432 37 5 6 5
1 2 35 188
1 1 51
1 1 51
1 1 51
1 4 36 36 36 199
1 3 36 36 36
1 3 36 36 36
1 3 36 36 194
1 3 36 36 36
1 3 36 36 36
1 3 36 36 36
1 3 36 36 36
1 3 36 36 36
1 4 36 36 194 437
1 3 36 36 36
1 3 36 36 36
1 3 35 5 3
1 4 35 37 5 96
1 3 41 35 191
1 5 41 35 37 5 6
1 1 44
1 3 35 37 5
1 1 44
1 4 16 134 35 193
1 4 16 134 35 188
1 2 11 123
1 2 16 136
1 1 52
1 1 52
1 3 41 35 190
1 1 52
1 1 52
1 3 38 208 455
1 3 38 208 457
1 3 38 208 455
1 3 35 37 5
1 2 35 189
1 6 16 134 35 5 3 71
1 3 36 36 194
1 6 41 35 37 5 6 103
1 5 35 37 5 6 103
1 3 16 134 347
1 4 35 37 5 6
1 3 36 194 437
1 3 36 36 199
1 3 5 3 71
1 4 5 3 5 3
1 3 20 5 3
1 4 25 20 5 90
1 3 3 5 1
1 3 21 5 92
1 5 3 5 3 5 90
1 3 3 2 66
1 2 3 81
1 2 30 176
1 5 18 138 355 5 91
1 2 21 150
1 9 11 121 326 572 772 2 5 94 291
1 5 31 178 413 646 825
1 3 21 5 3
1 5 2 5 3 5 87
1 3 2 5 90
1 2 2 69
1 3 2 5 94
1 3 5 87 272
1 3 2 5 6
1 2 6 101
1 4 2 3 5 3
1 4 2 5 94 291
1 2 33 186
1 1 53
1 4 5 3 5 6
1 3 25 25 25
1 10 21 21 5 74 6 6 5 6 5 3
1 5 5 87 2 5 3
1 7 5 3 6 5 3 2 5
1 3 5 87 275
1 4 3 5 6 100
1 3 3 5 3
1 3 5 1 61
1 3 3 5 94
1 3 5 3 6
1 3 3 5 94
1 4 1 5 3 6
1 2 23 163
1 5 25 20 21 5 3
1 2 37 205
1 3 20 21 151
1 3 20 21 153
1 2 1 64
1 3 20 20 21
1 2 23 164
1 4 3 5 87 272
1 1 53
1 4 6 2 5 2
1 1 29
1 2 37 202
1 2 37 202
1 2 37 202
1 2 37 204
1 4 20 21 5 3
1 4 20 21 5 3
1 4 20 21 5 3
1 5 20 21 5 3 2
1 5 20 5 3 5 3
1 4 20 20 5 3
1 3 20 5 3
1 4 20 20 5 3
1 3 5 87 272
1 4 3 3 5 3
1 3 5 3 78
1 4 3 5 87 272
1 6 1 5 87 5 3 5
1 3 3 90 5
1 4 6 3 3 5
1 5 3 5 3 5 3
1 3 5 3 5
1 7 5 3 2 5 87 272 568
1 5 11 121 326 568 772
1 2 20 142
1 2 42 220
1 1 46
1 1 46
1 2 31 180
1 6 18 138 355 5 8 109
1 5 11 121 326 568 772
1 2 42 221
1 3 11 121 327
1 4 21 5 3 2
1 2 20 149
1 2 42 221
1 2 36 200
1 2 42 219
1 2 42 219
1 4 6 5 87 272
1 7 11 121 326 87 6 2 67
1 7 11 121 326 87 272 568 772
1 4 11 326 87 281
1 3 11 326 570
1 5 11 121 326 572 771
1 9 11 121 326 568 772 5 3 5 3
1 4 31 178 413 643
1 4 31 178 413 644
1 4 31 178 413 644
1 5 11 121 326 87 274
1 3 11 121 327
1 6 11 121 326 87 2 67
1 3 5 3 2
1 2 11 116
1 6 11 326 87 2 67 252
1 4 11 326 568 772
1 2 32 182
1 6 11 121 326 572 772 2
1 4 11 326 568 772
1 5 11 121 326 568 772
1 6 11 121 326 772 5 2
1 7 11 121 326 87 2 67 252
1 8 11 326 87 272 568 772 5 3
1 5 11 121 326 572 770
1 2 32 181
1 3 11 326 572
1 3 6 5 3
1 5 11 326 87 2 67
1 4 11 326 572 770
1 2 11 122
1 1 48
1 1 48
1 2 11 118
1 5 11 121 326 87 276
1 6 11 121 326 87 2 67
1 6 11 121 326 568 772 920
1 4 5 87 5 87
1 3 23 5 3
1 6 3 5 87 272 568 766
1 3 1 5 4
1 4 5 3 5 3
1 2 20 144
1 4 20 20 5 3
1 10 5 3 5 6 5 3 5 3 5 87
1 3 20 20 142
1 4 21 5 3 5
1 6 20 20 5 3 5 3
1 7 5 3 2 5 3 5 3
1 4 20 5 94 289
1 2 20 145
1 5 3 5 3 8 110
1 2 23 163
1 3 5 94 291
1 5 23 5 87 272 524
1 4 5 90 5 87
1 6 3 2 5 87 6 6
1 2 3 79
1 8 2 5 3 5 3 2 5 3
1 7 2 5 3 2 5 3 5
1 3 3 5 3
1 2 4 85
1 3 5 3 8
1 9 11 121 326 772 5 3 5 3 2
1 8 11 121 432 326 87 272 568 772
1 7 11 121 326 87 272 568 772
1 4 5 87 272 568
1 1 46
1 2 21 156
1 4 5 3 5 3
1 3 1 5 3
1 3 6 5 3
1 1 34
1 4 11 121 326 572
1 1 9
1 6 5 3 8 5 3 8
1 6 5 87 5 3 3 5
1 4 6 2 5 3
1 6 5 3 5 3 5 8
1 4 3 5 3 2
1 5 5 3 5 3 2
1 4 21 21 5 3
1 4 3 5 87 278
1 6 5 6 3 5 3 6
1 3 5 87 272
1 3 3 5 6
1 3 37 5 88
1 1 7
1 4 5 3 3 5
1 3 20 5 6
1 3 5 3 71
1 2 1 59
1 2 1 61
1 3 16 134 346
1 5 11 121 326 572 772
1 5 5 3 5 87 6
1 3 5 1 5
1 2 26 169
1 3 1 5 3
1 3 1 5 1
1 3 3 5 6
1 3 37 5 3
1 2 42 221
1 4 31 178 413 644
1 1 55
1 3 5 87 277
1 3 20 20 142
1 4 20 21 5 94
1 4 20 21 5 6
1 4 6 5 3 6
1 4 5 3 2 66
1 5 20 21 5 90 284
1 3 20 20 146
1 3 20 5 90
1 3 20 21 5
1 3 23 5 93
1 8 6 3 6 5 3 5 94 289
1 3 5 3 5
1 4 2 5 3 3
1 3 1 5 3
1 3 8 5 6
1 4 2 5 3 71
1 3 5 3 3
1 8 11 121 326 572 772 5 3 2
1 4 18 138 355 604
1 4 37 5 6 3
1 14 11 121 326 572 772 3 5 3 2 5 3 2 5 6
1 4 37 5 87 272
1 4 31 178 413 645
1 13 5 6 5 3 3 5 6 5 3 5 3 5 6
1 4 5 3 71 255
1 11 5 3 5 87 6 5 6 5 3 5 6
1 8 11 121 326 87 272 568 772 5
1 3 6 6 103
1 1 12
1 3 37 5 3
1 2 37 203
1 3 5 3 5
1 2 37 203
1 3 37 5 3
1 2 21 152
1 3 20 5 3
1 3 8 5 4
1 2 30 176
1 3 2 5 94
1 5 2 5 87 272 524
1 3 5 87 272
1 4 2 5 3 5
1 3 21 5 93
1 4 6 2 5 87
1 4 6 6 5 95
1 3 5 94 289
1 5 5 2 5 87 279
1 4 5 87 5 3
1 2 32 183
1 3 11 326 772
1 3 8 5 3
1 2 30 176
1 3 21 5 3
1 3 2 5 3
1 2 21 151
1 5 11 121 326 572 772
1 5 20 21 5 6 2
1 7 11 121 326 572 772 2 5
1 7 11 121 326 572 772 2 5
1 4 2 5 87 272
1 5 31 178 413 646 825
1 2 10 114
1 8 5 90 3 5 3 74 3 83
1 9 5 90 3 5 3 3 3 74 6
1 1 12
1 2 23 163
1 4 5 87 5 87
1 4 5 4 84 269
1 8 5 3 5 3 5 3 74 3
1 1 54
1 2 2 65
1 17 5 6 3 5 6 6 6 5 3 6 5 6 5 3 5 87 272
1 3 3 8 107
1 14 11 121 326 572 772 2 5 6 2 5 3 2 5 3
1 2 2 65
1 4 31 178 413 645
1 4 31 178 413 643
1 2 10 114
1 9 11 121 326 572 772 3 2 5 6
1 11 5 87 6 3 5 3 5 3 5 87 272
1 8 3 5 6 5 3 3 5 90
1 3 6 5 3
1 2 8 108
1 5 5 3 6 5 87
1 3 23 5 92
1 3 3 5 95
1 3 3 3 5
1 2 10 114
1 4 6 3 3 5
1 2 23 165
1 5 3 5 3 5 3
1 3 6 5 3
1 5 20 21 5 94 288
1 6 21 3 5 90 5 97
1 1 56
1 16 21 3 5 3 5 3 5 74 3 3 3 5 74 3 5 3
1 4 21 5 87 278
1 3 5 3 79
1 5 2 5 87 272 523
1 8 21 5 3 90 5 3 5 3
1 1 56
1 9 21 5 3 5 3 3 5 74 257
1 3 5 2 3
1 11 21 5 3 90 3 3 74 5 74 6 3
1 4 5 87 272 568
1 5 5 3 5 87 278
1 5 3 5 74 3 3
1 2 21 159
1 4 5 3 5 3
1 4 21 21 21 159
1 6 5 3 3 74 3 3
1 15 3 5 3 3 3 3 5 3 3 74 5 3 74 3 3
1 5 21 3 5 87 278
1 4 3 5 3 3
1 7 5 3 90 3 3 5 97
1 11 74 3 5 3 5 3 3 74 6 3 6
1 8 21 3 3 5 3 74 6 102
1 10 3 5 3 5 3 90 3 5 3 74
1 4 5 3 74 3
1 5 3 90 5 74 257
1 4 21 21 21 21
1 9 5 3 90 3 5 3 3 74 257
1 9 3 3 5 3 5 3 3 74 3
1 3 3 5 3
1 3 3 5 97
1 3 5 6 5
1 2 772 917
1 2 11 118
1 3 25 168 397
1 3 25 168 397
1 3 25 168 397
1 3 25 168 397
1 3 25 168 395
1 2 11 122
1 9 3 3 3 3 3 5 74 3 3
1 6 11 121 432 326 568 772
1 9 3 3 3 3 5 3 5 74 3
1 5 11 121 326 568 772
1 13 5 3 3 90 3 3 5 74 3 3 3 3 3
1 2 11 124
1 2 36 201
1 2 11 124
1 2 10 115
1 4 11 326 568 772
1 5 5 74 3 3 6
1 8 11 121 326 572 772 3 5 2
1 4 18 138 355 603
1 2 11 116
1 14 3 3 3 3 90 3 3 5 74 3 3 3 5 87
1 6 11 121 432 326 568 772
1 6 11 121 432 326 568 772
1 7 3 3 3 5 74 3 77
1 3 11 326 571
1 6 11 121 432 326 572 770
1 12 3 5 90 3 3 3 3 90 5 3 74 3
1 3 20 21 155
1 8 4 84 84 84 84 84 84 268
1 8 3 3 3 3 5 74 3 77
1 5 4 84 84 84 268
1 2 30 175
1 2 30 177
1 6 4 84 84 84 84 268
1 6 18 138 355 5 4 86
1 10 3 3 3 3 90 3 5 74 3 3
1 5 3 3 5 74 3
1 8 3 3 3 3 3 3 5 74
1 10 3 3 3 3 3 5 74 3 3 3
1 2 11 116
1 4 11 121 326 569
1 2 11 122
1 3 74 5 87
1 2 74 258
1 7 18 138 355 5 3 8 109
1 3 3 74 3
1 3 1 5 3
1 5 4 84 84 84 268
1 8 4 84 84 84 84 84 84 269
1 2 21 156
1 14 3 5 3 3 90 3 3 5 3 3 74 3 3 3
1 1 57
1 9 3 74 3 90 5 87 5 87 272
1 2 1 61
1 2 32 184
1 4 25 20 21 153
1 5 3 3 74 3 5
1 7 11 121 326 568 772 3 71
1 3 3 74 256
1 3 20 21 5
1 5 11 121 326 87 280
1 4 11 326 568 772
1 9 3 3 74 3 3 5 87 272 524
1 5 74 3 5 3 3
1 5 3 74 3 5 95
1 5 11 326 568 772 915
1 5 772 3 74 5 6
1 1 22
1 6 11 121 326 568 772 919
1 2 36 195
1 4 3 74 3 5
1 2 36 198
1 2 6 100
1 7 11 121 326 772 5 3 2
1 2 772 918
1 2 11 117
1 4 11 121 326 569
1 8 3 3 90 3 3 6 5 3
1 6 74 3 3 6 5 95
1 6 11 121 432 326 568 772
1 4 74 3 3 5
1 2 11 124
1 3 74 3 5
1 4 74 3 90 3
1 2 74 256
1 4 5 6 5 6
1 1 58
1 1 19
1 5 25 25 25 20 145
1 4 25 20 5 3
1 4 25 25 25 167
1 2 20 145
1 4 20 21 21 151
1 4 772 3 5 3
1 3 1 5 3
1 2 3 82
1 4 6 5 3 5
1 4 3 5 87 273
1 4 5 87 272 524
1 5 25 20 21 5 3
1 2 772 916
1 7 25 25 25 20 21 5 3
1 5 20 21 5 90 284
1 4 20 5 3 80
1 5 74 3 3 90 3
1 1 19
1 5 5 3 5 3 72
1 4 20 5 3 73
1 5 20 21 5 3 2
