768 683
1 6 1 34 2 1 3 58
1 3 5 34 3
1 4 5 34 5 76
1 5 5 5 34 5 5
1 9 34 5 34 155 347 482 561 618 656
1 7 5 34 152 329 469 553 612
1 4 1 34 6 84
1 3 1 34 151
1 3 1 34 152
1 3 4 72 234
1 6 34 151 3 5 34 3
1 6 1 34 151 152 1 38
1 7 1 34 152 1 151 152 152
1 5 3 55 34 7 34
1 5 3 5 34 157 350
1 4 3 9 34 7
1 3 7 88 253
1 9 7 34 151 1 41 151 152 3 60
1 4 3 55 34 159
1 7 1 39 141 72 234 423 530
1 6 1 34 3 61 220 412
1 4 1 34 3 7
1 5 1 34 3 7 93
1 4 1 34 151 152
1 4 3 55 34 161
1 6 12 42 182 387 511 584
1 3 1 34 162
1 3 34 163 360
1 4 6 1 34 309
1 4 5 34 151 152
1 3 3 5 75
1 5 34 152 5 34 3
1 7 2 152 5 1 34 152 334
1 3 1 34 164
1 5 5 34 5 34 3
1 6 3 5 5 5 34 3
1 5 3 34 152 1 3
1 3 5 34 152
1 6 3 9 34 152 5 3
1 3 1 34 164
1 3 1 34 155
1 4 155 349 485 562
1 5 5 34 151 3 34
1 3 1 43 197
1 3 13 109 275
1 4 5 1 34 164
1 4 1 34 152 335
1 4 18 34 152 3
1 4 1 34 40 185
1 5 34 152 152 3 34
1 4 1 34 40 185
1 6 2 1 34 163 360 495
1 3 2 50 204
1 4 11 106 272 440
1 3 9 34 3
1 5 1 151 152 5 3
1 3 4 72 234
1 3 1 34 162
1 3 4 71 233
1 4 5 1 34 3
1 4 9 101 268 438
1 4 1 34 151 319
1 4 1 34 163 360
1 3 1 34 164
1 7 19 34 151 1 151 152 3
1 4 19 34 151 322
1 5 5 5 34 3 55
1 3 1 34 5
1 3 1 34 152
1 3 34 151 3
1 4 1 34 152 1
1 3 34 3 61
1 3 1 34 3
1 3 34 5 79
1 3 1 34 3
1 4 1 34 152 152
1 3 5 1 34
1 3 5 5 34
1 5 5 34 6 86 251
1 3 34 155 34
1 3 1 34 5
1 3 9 34 3
1 3 5 5 1
1 4 34 41 193 400
1 3 34 165 368
1 3 34 152 336
1 3 5 7 89
1 3 17 123 291
1 4 7 34 151 5
1 3 7 34 151
1 6 7 96 262 432 535 597
1 3 7 89 256
1 3 19 34 162
1 3 34 151 5
1 4 19 88 253 317
1 5 5 34 5 34 152
1 6 1 34 5 34 151 3
1 3 34 152 334
1 7 3 55 34 152 1 3 34
1 3 34 151 324
1 3 34 164 362
1 3 1 34 164
1 4 1 34 151 324
1 3 9 34 153
1 6 1 34 151 1 45 199
1 5 19 34 151 1 3
1 4 2 167 372 502
1 4 18 125 293 449
1 4 1 34 5 3
1 5 1 19 34 151 3
1 4 5 34 152 330
1 6 15 117 283 284 445 541
1 6 5 34 6 1 34 156
1 8 34 5 34 3 7 34 7 94
1 8 1 34 152 317 24 157 351 486
1 11 2 152 1 34 151 152 1 37 181 385 372
1 3 1 34 163
1 7 7 88 253 317 211 407 520
1 7 3 34 3 55 34 3 66
1 3 34 152 334
1 5 1 34 6 72 236
1 4 1 34 5 80
1 4 5 77 241 425
1 5 5 34 3 5 80
1 5 3 66 227 417 523
1 7 3 55 451 544 544 544 606
1 3 2 152 332
1 3 19 131 300
1 4 1 319 464 550
1 5 34 151 319 464 550
1 7 18 129 298 451 544 544 606
1 3 5 3 58
1 6 5 34 3 34 3 5
1 3 1 34 151
1 6 2 1 319 464 550 611
1 9 7 3 157 352 487 563 619 657 676
1 3 1 34 163
1 4 3 65 226 416
1 7 5 34 3 5 34 3 66
1 3 3 55 209
1 4 1 34 3 66
1 3 23 136 303
1 3 3 57 217
1 3 5 34 151
1 6 1 34 5 5 5 34
1 3 155 34 153
1 4 1 34 155 34
1 4 1 151 152 317
1 5 7 34 157 351 486
1 6 27 141 72 234 421 528
1 7 7 3 55 34 157 351 486
1 6 6 1 34 7 34 6
1 7 7 3 55 34 151 152 333
1 8 1 34 7 317 24 157 351 486
1 4 2 1 34 162
1 4 16 319 464 550
1 4 7 92 259 430
1 4 34 2 5 34
1 3 34 152 152
1 3 1 34 164
1 6 7 3 55 214 408 521
1 3 173 378 507
1 3 34 157 567
1 4 2 5 41 194
1 3 173 577 631
1 3 24 138 305
1 4 8 99 266 436
1 4 5 34 152 341
1 5 7 98 265 435 538
1 6 1 45 46 356 493 567
1 3 34 152 341
1 3 173 507 577
1 4 5 7 93 260
1 4 24 137 304 453
1 3 173 378 507
1 5 7 66 97 264 434
1 6 1 34 173 507 577 633
1 4 7 97 264 434
1 11 1 151 1 34 151 152 46 263 433 536 598
1 8 25 139 46 263 433 537 600 646
1 6 1 34 152 338 475 557
1 4 2 433 537 599
1 3 173 379 508
1 4 34 166 371 501
1 8 41 176 381 509 581 500 571 625
1 4 1 34 166 370
1 6 1 34 2 52 205 404
1 4 21 464 550 611
1 7 22 135 166 370 500 571 625
1 3 2 54 207
1 5 173 378 507 577 634
1 8 2 152 1 46 356 493 567 621
1 4 41 195 401 518
1 3 1 34 175
1 7 34 5 34 173 507 576 629
1 4 28 144 308 456
1 3 34 163 360
1 3 34 151 323
1 8 29 145 309 117 283 284 445 541
1 6 18 34 173 507 578 637
1 4 28 144 308 455
1 4 34 165 366 497
1 9 2 96 263 433 537 599 645 670 682
1 9 34 41 192 96 263 433 537 599 645
1 5 7 95 261 431 534
1 3 166 370 500
1 3 18 34 174
1 9 7 96 263 433 537 599 645 670 682
1 5 34 5 34 353 489
1 3 18 128 296
1 4 26 144 308 456
1 4 1 34 164 364
1 7 173 378 507 575 627 661 678
1 3 18 34 169
1 8 2 53 206 537 599 645 671 683
1 4 18 34 353 489
1 6 173 507 575 627 660 677
1 4 34 163 361 496
1 3 1 34 169
1 7 173 378 507 575 627 661 678
1 8 29 145 309 117 283 284 445 541
1 3 1 34 169
1 3 41 192 399
1 7 29 145 309 117 284 445 541
1 3 5 41 191
1 7 173 378 507 575 628 662 679
1 3 173 378 507
1 6 9 45 46 356 494 568
1 4 1 46 200 402
1 4 5 34 174 380
1 3 173 378 507
1 3 7 91 258
1 4 1 34 174 380
1 5 173 378 507 574 626
1 7 9 34 173 378 507 577 634
1 3 7 91 258
1 4 7 91 258 429
1 8 1 34 151 152 46 356 493 567
1 3 34 164 365
1 3 173 378 507
1 3 30 147 312
1 11 34 151 152 152 1 5 41 46 356 493 567
1 7 1 34 173 376 493 567 621
1 4 7 633 665 680
1 7 41 46 356 493 567 620 658
1 3 1 34 164
1 4 34 173 378 507
1 4 7 97 264 434
1 3 173 507 577
1 4 7 97 264 434
1 6 1 34 173 378 507 577
1 5 34 173 507 580 639
1 7 34 172 46 356 493 567 622
1 3 173 378 507
1 3 27 142 306
1 3 1 34 164
1 4 173 507 579 638
1 3 30 147 312
1 6 34 173 507 577 633 666
1 5 1 34 173 577 634
1 5 5 34 173 577 633
1 4 5 34 353 492
1 7 1 34 41 46 376 493 567
1 4 15 119 288 448
1 7 2 5 34 173 378 507 577
1 3 7 91 258
1 5 7 157 353 488 564
1 7 34 152 334 471 555 614 652
1 4 8 100 267 437
1 5 173 378 507 577 635
1 7 31 148 313 471 555 614 653
1 4 1 34 152 342
1 4 173 263 433 537
1 4 34 353 491 566
1 9 34 173 507 577 632 664 633 665 680
1 6 1 34 151 152 342 478
1 3 1 34 174
1 5 1 34 152 334 472
1 3 173 378 507
1 3 7 91 258
1 5 34 157 353 491 566
1 3 7 91 258
1 6 41 189 397 517 587 642
1 9 34 5 34 173 378 507 577 630 663
1 8 5 34 173 507 577 633 665 680
1 9 5 34 173 378 507 577 634 667 681
1 3 5 78 244
1 7 5 34 160 356 493 567 623
1 6 34 160 493 567 621 659
1 3 28 28 28
1 4 18 127 295 450
1 3 28 28 28
1 3 28 28 143
1 3 28 28 28
1 3 28 28 28
1 3 28 28 28
1 3 28 28 28
1 3 28 28 28
1 3 28 28 28
1 3 28 28 28
1 4 28 143 307 454
1 3 28 28 28
1 5 1 34 173 577 634
1 3 1 34 174
1 4 173 274 441 539
1 4 34 165 369 499
1 5 5 34 173 577 634
1 3 28 28 28
1 7 12 108 274 441 539 601 647
1 3 34 173 577
1 7 5 34 173 378 567 620 658
1 5 34 157 567 620 658
1 5 5 34 173 577 630
1 3 5 82 248
1 8 10 103 274 441 539 603 649 672
1 3 5 34 174
1 4 10 104 270 439
1 6 34 151 10 104 270 439
1 3 10 105 271
1 4 173 577 636 668
1 7 15 116 282 444 539 602 648
1 5 25 140 539 602 648
1 6 15 118 286 446 542 604
1 7 15 108 274 441 539 602 648
1 3 34 173 577
1 3 2 49 202
1 3 4 74 239
1 3 34 173 577
1 6 7 98 103 274 441 539
1 4 7 97 264 434
1 4 5 34 173 577
1 3 28 143 307
1 3 2 1 34
1 4 1 34 151 152
1 3 1 34 162
1 4 9 34 162 358
1 7 5 34 152 1 34 3 55
1 3 4 72 234
1 5 34 152 1 34 163
1 5 9 34 151 152 1
1 4 34 5 3 55
1 7 18 34 152 1 34 170 374
1 9 19 34 155 1 42 182 387 511 584
1 5 1 34 151 152 152
1 3 5 34 3
1 12 34 3 5 1 34 167 372 317 24 157 351 486
1 4 1 34 153 346
1 11 1 40 34 167 372 502 317 24 157 351 486
1 7 34 6 85 283 284 445 541
1 3 1 34 163
1 5 34 152 1 34 3
1 3 9 34 3
1 5 1 151 152 340 477
1 3 19 34 3
1 3 1 34 152
1 3 5 34 3
1 3 34 163 359
1 4 1 34 151 3
1 4 34 167 372 502
1 3 3 55 214
1 4 5 5 79 246
1 4 5 34 151 152
1 4 5 34 151 152
1 4 14 114 280 442
1 10 1 34 5 34 5 5 41 188 396 516
1 5 1 34 3 34 152
1 3 6 72 235
1 5 5 34 152 152 1
1 3 1 34 151
1 3 1 36 179
1 3 19 34 151
1 3 5 1 34
1 3 4 71 233
1 3 19 34 151
1 3 19 34 151
1 3 3 55 213
1 3 19 131 300
1 5 1 34 163 360 495
1 3 1 34 151
1 3 3 62 221
1 3 5 79 245
1 3 3 63 223
1 3 14 112 278
1 3 3 5 80
1 4 1 34 152 1
1 9 3 34 152 3 69 232 419 524 589
1 4 3 34 3 5
1 4 3 5 3 5
1 3 1 34 153
1 5 3 55 34 3 61
1 4 3 5 3 69
1 4 3 5 3 69
1 3 155 348 484
1 4 1 34 163 360
1 4 1 34 163 360
1 5 1 34 151 152 332
1 4 1 34 162 357
1 3 1 34 162
1 4 1 34 162 357
1 3 1 34 152
1 4 1 34 151 1
1 6 34 151 152 152 152 327
1 3 34 40 1
1 3 18 34 151
1 4 34 151 1 5
1 3 1 34 5
1 6 1 151 5 34 5 34
1 5 7 3 157 351 486
1 6 1 34 176 381 509 582
1 7 5 77 242 426 311 457 546
1 5 30 146 311 457 546
1 4 15 118 287 447
1 6 12 37 182 387 511 584
1 6 30 146 311 458 547 608
1 5 7 3 157 351 486
1 6 34 176 381 509 581 640
1 5 15 117 284 445 541
1 4 3 55 34 163
1 3 173 378 506
1 5 41 151 152 326 467
1 6 6 87 252 509 581 640
1 4 1 34 160 356
1 3 29 145 310
1 3 29 145 310
1 3 15 117 285
1 4 1 34 152 5
1 7 7 3 5 34 157 351 486
1 7 7 3 55 34 157 351 486
1 7 3 34 7 88 211 407 520
1 5 7 3 5 78 243
1 8 3 34 7 89 24 157 351 486
1 8 5 1 34 6 85 284 445 541
1 7 34 152 309 117 284 445 541
1 7 3 7 90 257 211 407 520
1 6 7 3 34 157 351 486
1 3 3 55 34
1 3 7 3 59
1 6 34 7 3 34 157 350
1 4 7 3 157 350
1 4 7 3 66 228
1 5 1 38 183 388 512
1 4 7 3 157 350
1 6 1 34 7 3 34 171
1 6 3 7 66 157 351 486
1 6 1 39 184 389 513 585
1 5 7 3 157 351 486
1 6 3 34 7 157 351 486
1 7 34 7 3 34 157 351 486
1 8 1 34 7 3 55 34 157 350
1 6 7 3 66 157 351 486
1 3 7 3 67
1 3 24 157 350
1 3 1 34 5
1 5 7 3 34 157 350
1 6 41 190 398 24 157 350
1 7 3 55 34 7 3 66 228
1 7 34 151 152 339 476 558 615
1 10 5 34 151 152 339 476 559 616 654 675
1 4 1 34 160 356
1 5 7 3 5 34 158
1 6 3 7 34 157 351 486
1 4 34 152 152 152
1 7 19 34 5 3 55 34 151
1 3 1 34 164
1 6 19 129 141 72 235 424
1 3 2 152 327
1 4 34 165 367 498
1 6 5 34 151 152 3 58
1 4 1 36 180 384
1 5 19 34 151 321 465
1 7 1 34 151 152 3 55 34
1 4 1 19 34 162
1 7 2 1 34 163 360 495 569
1 11 18 34 151 1 34 3 55 34 151 152 3
1 8 5 34 2 51 37 181 182 386
1 4 34 152 1 43
1 5 1 34 152 337 473
1 7 34 151 152 1 34 152 334
1 4 34 152 40 34
1 6 5 5 34 152 3 55
1 6 34 151 152 3 61 219
1 4 34 151 152 152
1 5 9 34 5 34 153
1 5 34 3 55 210 406
1 7 34 151 152 3 55 34 3
1 3 1 34 164
1 4 3 55 34 2
1 3 155 1 34
1 9 3 55 34 151 152 317 211 407 520
1 8 7 3 55 34 157 353 490 565
1 7 7 3 55 34 157 351 486
1 4 3 60 218 410
1 8 3 55 34 7 88 211 407 520
1 10 20 133 301 452 545 607 146 311 457 546
1 5 9 34 168 373 503
1 13 2 1 34 166 370 166 370 166 370 166 370 166 370
1 4 1 34 151 152
1 7 1 34 309 117 284 445 541
1 7 1 34 7 3 157 351 486
1 3 1 34 153
1 5 3 55 34 160 355
1 4 24 157 351 486
1 5 6 1 34 151 316
1 6 155 1 34 155 1 34
1 6 34 151 1 34 152 152
1 4 1 34 3 5
1 3 1 34 151
1 6 155 34 151 152 1 34
1 5 3 55 34 151 152
1 9 6 83 249 427 532 593 395 533 595
1 6 5 1 34 151 5 34
1 3 1 34 152
1 3 5 34 151
1 4 34 6 72 237
1 3 5 34 154
1 4 34 151 1 34
1 3 16 120 289
1 3 5 34 162
1 3 2 1 34
1 3 5 75 240
1 12 34 5 34 3 34 3 9 102 269 100 267 437
1 3 34 151 5
1 5 18 34 151 19 132
1 3 34 153 345
1 3 1 34 153
1 3 4 72 236
1 11 34 152 40 34 7 3 58 409 100 267 437
1 3 5 34 151
1 3 13 111 277
1 3 1 34 173
1 6 29 145 252 509 581 640
1 5 15 117 284 445 541
1 4 32 149 314 459
1 3 4 73 238
1 4 19 34 163 360
1 4 5 34 163 360
1 4 2 152 40 34
1 4 5 1 34 5
1 4 1 34 163 360
1 4 5 3 55 34
1 5 3 9 34 163 360
1 3 9 34 162
1 3 34 163 360
1 3 16 121 290
1 8 1 19 34 151 152 5 1 5
1 3 34 151 152
1 3 1 34 153
1 3 5 34 155
1 4 2 1 34 3
1 3 1 151 152
1 5 3 55 34 151 152
1 8 3 55 34 7 66 157 351 486
1 13 2 1 34 155 1 34 173 377 505 573 387 511 584
1 14 5 34 3 55 34 3 55 34 151 317 24 157 351 486
1 13 1 34 173 375 504 329 427 532 593 85 284 445 541
1 13 5 34 151 152 1 34 5 34 151 1 34 5 34
1 11 1 34 3 55 34 151 152 5 56 208 405
1 11 5 34 151 152 5 34 5 34 152 1 34
1 8 34 7 3 55 34 157 351 486
1 5 34 7 157 351 486
1 5 34 151 325 466 551
1 9 1 34 5 34 151 152 5 56 216
1 3 1 34 173
1 3 18 124 292
1 4 2 152 1 46
1 3 19 88 255
1 3 1 34 173
1 3 1 34 173
1 8 1 35 178 383 510 583 641 669
1 3 2 152 328
1 3 34 152 339
1 3 19 34 3
1 4 1 34 151 152
1 6 5 34 151 152 152 3
1 3 1 34 152
1 4 34 151 152 3
1 4 34 152 3 5
1 5 1 34 151 19 34
1 4 1 34 152 152
1 7 34 151 152 152 3 66 229
1 3 7 157 350
1 3 1 34 155
1 3 2 152 339
1 3 1 34 163
1 3 1 34 3
1 3 34 3 62
1 5 7 66 157 351 486
1 5 3 5 34 163 360
1 4 1 34 152 3
1 3 1 34 152
1 5 15 283 284 445 541
1 3 1 34 6
1 14 1 34 151 41 151 152 40 1 34 152 152 152 152 152
1 10 2 152 343 479 299 141 72 234 422 529
1 9 5 41 151 1 151 152 1 40 34
1 9 34 41 151 152 1 151 152 152 40
1 7 34 151 1 151 1 151 320
1 4 34 152 152 152
1 5 34 41 151 315 460
1 8 1 41 151 152 1 34 151 152
1 8 41 151 152 152 1 151 152 344
1 6 5 7 66 157 351 486
1 14 19 129 297 502 181 385 372 502 181 317 24 157 351 486
1 12 3 5 3 34 3 56 208 405 129 297 502 572
1 17 1 34 152 1 34 5 34 5 1 34 5 5 5 34 151 5 34
1 14 5 34 155 34 155 1 34 12 37 181 182 387 511 584
1 19 5 34 155 1 5 34 155 1 5 34 155 34 155 1 151 152 328 468 552
1 14 1 34 3 55 34 3 5 34 3 7 66 157 351 486
1 13 1 34 3 55 208 405 129 298 451 543 605 650 673
1 14 1 34 6 83 249 329 470 554 613 593 85 284 445 541
1 6 6 85 250 284 445 541
1 12 19 329 470 554 375 504 329 470 554 375 504 329
1 11 2 5 3 56 372 502 317 24 157 351 486
1 9 5 34 3 55 317 24 157 351 486
1 10 19 34 3 56 372 502 181 385 372 502
1 8 9 34 151 1 34 5 34 151
1 3 1 34 5
1 4 5 3 55 208
1 5 9 34 152 40 186
1 5 34 152 5 1 34
1 3 13 110 276
1 3 18 34 151
1 3 34 151 1
1 6 34 151 152 329 470 554
1 4 34 151 1 5
1 4 155 34 164 363
1 5 1 34 151 152 1
1 3 1 34 5
1 5 3 64 225 415 522
1 9 5 34 151 1 151 1 151 319 463
1 6 6 72 234 421 527 591
1 16 1 34 151 41 188 392 1 151 41 188 392 72 234 421 526 590
1 12 5 5 34 151 1 151 1 47 201 403 519 588
1 4 34 155 347 483
1 15 2 1 41 151 152 1 40 34 151 152 1 3 61 219 411
1 10 1 151 1 41 188 392 1 34 152 3
1 8 1 34 151 152 40 1 34 163
1 3 34 3 70
1 9 19 41 188 392 1 34 151 152 333
1 3 1 3 34
1 11 1 5 41 188 395 533 594 318 462 549 610
1 4 3 55 34 152
1 3 14 115 281
1 10 1 151 1 151 152 343 480 560 617 655
1 5 14 115 281 443 540
1 6 1 151 41 151 1 34
1 15 1 151 41 151 152 395 533 594 428 533 594 533 594 428 533
1 6 1 41 188 393 514 586
1 4 1 151 152 1
1 16 1 19 41 151 1 151 41 151 1 48 428 533 594 318 462 549
1 11 5 1 5 41 151 1 34 151 152 1 41
1 7 1 151 152 1 34 151 41
1 10 1 151 19 130 299 141 72 234 420 525
1 10 41 151 152 1 40 1 34 151 152 1
1 4 1 41 151 152
1 8 1 151 1 19 41 188 394 515
1 4 14 281 443 540
1 9 2 1 41 151 152 152 1 40 1
1 11 1 151 19 41 151 1 34 151 318 462 549
1 9 1 41 151 1 34 151 152 1 151
1 10 1 41 188 392 1 40 1 48 428 533
1 3 34 5 34
1 3 34 158 354
1 3 21 134 302
1 3 21 134 302
1 3 21 134 302
1 3 11 107 273
1 4 7 3 66 228
1 9 1 151 41 188 392 1 151 1 151
1 6 7 3 157 353 490 565
1 13 1 151 1 151 1 41 188 392 1 40 1 151 152
1 6 7 3 34 157 353 488
1 11 1 48 254 428 533 594 533 594 533 596 644
1 4 7 3 68 231
1 4 7 3 157 350
1 8 1 151 41 151 152 1 151 1
1 5 5 1 151 41 188
1 8 3 34 151 317 24 157 351 486
1 11 1 151 41 188 392 1 42 196 387 511 584
1 3 7 3 59
1 14 34 152 1 151 1 41 188 392 1 40 1 151 1 151
1 6 7 3 157 353 490 565
1 6 7 3 157 353 490 565
1 9 34 151 19 88 254 428 533 594 533
1 5 7 3 63 224 414
1 11 33 150 88 254 428 318 462 548 609 651 674
1 7 7 3 66 157 353 490 565
1 3 19 131 300
1 3 18 126 294
1 11 1 41 151 152 1 151 1 151 1 151 315
1 10 1 34 151 19 41 151 152 1 151 1
1 12 1 34 152 344 481 88 254 428 533 594 533 594
1 8 1 151 41 188 392 1 151 315
1 7 41 188 392 1 151 1 35
1 16 155 48 254 428 533 595 72 235 424 531 592 643 182 387 511 584
1 7 5 1 19 88 254 428 533
1 5 1 41 188 392 1
1 8 41 188 392 1 151 1 151 1
1 6 7 3 55 211 407 520
1 4 34 151 41 151
1 5 7 3 5 81 247
1 4 9 34 177 382
1 7 12 37 181 182 387 511 584
1 3 1 41 151
1 3 1 34 41
1 3 1 34 153
1 11 1 151 1 151 1 41 188 392 1 151 315
1 4 166 370 166 370
1 14 1 151 1 41 151 1 34 151 1 40 1 151 152 1
1 8 7 3 55 215 409 100 267 437
1 3 3 7 91
1 13 1 5 41 151 1 34 151 1 40 1 34 151 318
1 9 1 34 152 152 152 40 1 41 151
1 3 1 37 182
1 6 5 7 3 66 230 418
1 3 1 151 41
1 7 2 1 39 184 211 407 520
1 5 1 40 1 41 151
1 5 1 34 40 187 390
1 3 34 163 360
1 7 7 3 63 257 211 407 520
1 4 7 3 157 350
1 9 34 151 152 152 1 151 41 151 1
1 5 1 151 152 1 41
1 5 5 7 3 157 350
1 5 5 34 41 151 317
1 4 7 3 157 350
1 3 1 34 353
1 4 34 151 41 151
1 4 1 40 187 391
1 7 3 55 34 7 157 351 486
1 4 155 1 41 190
1 4 7 3 55 212
1 6 7 3 55 211 407 520
1 8 1 34 5 1 151 318 462 548
1 6 18 34 5 1 151 41
1 8 2 1 34 40 1 151 41 151
1 6 7 3 157 353 490 565
1 4 34 151 1 41
1 6 7 3 34 157 353 488
1 4 1 151 1 41
1 3 34 151 41
1 4 1 40 1 41
1 3 1 40 187
1 4 5 34 5 34
1 7 2 5 34 152 337 474 556
1 5 34 151 1 34 12
1 5 17 122 464 550 611
1 4 1 34 162 358
1 6 1 34 163 360 495 569
1 5 34 2 1 44 198
1 4 3 62 222 413
1 4 1 34 151 317
1 3 1 34 153
1 3 14 113 279
1 4 34 151 152 5
1 4 2 152 152 1
1 5 1 34 151 152 152
1 5 1 34 163 360 495
1 3 7 317 461
1 7 1 34 163 360 495 570 624
1 5 3 9 34 163 360
1 5 1 40 1 151 41
1 4 155 34 152 331
1 5 6 1 34 151 152
1 5 3 55 34 163 360
1 5 1 34 163 360 495
1 3 2 50 203
