784 683
1 6 1 37 2 1 39 208
1 3 5 37 3
1 4 5 37 5 85
1 9 37 5 37 6 93 63 120 456 548
1 6 1 37 37 3 1 39
1 4 1 37 184 372
1 3 1 37 181
1 3 1 37 37
1 6 37 181 3 5 37 3
1 6 1 37 181 37 181 357
1 7 1 37 37 181 181 37 37
1 5 3 1 37 7 37
1 5 3 5 37 64 234
1 4 3 66 240 425
1 3 7 1 37
1 4 7 99 280 445
1 9 7 37 181 181 359 1 37 3 67
1 9 5 37 181 37 181 37 359 489 580
1 4 3 1 37 187
1 7 1 7 1 37 181 360 500
1 6 1 37 3 68 243 431
1 5 1 37 3 7 102
1 4 1 37 181 37
1 4 3 1 37 189
1 6 12 121 456 549 614 653
1 3 37 191 384
1 3 1 37 192
1 3 37 191 384
1 4 184 1 37 193
1 5 3 66 240 424 533
1 4 5 37 181 37
1 3 1 37 194
1 3 3 5 84
1 5 37 37 5 37 3
1 10 9 37 6 96 274 442 541 613 652 674
1 3 18 37 182
1 3 37 9 37
1 3 1 37 194
1 5 37 2 37 37 3
1 5 5 37 5 37 3
1 6 3 5 5 5 37 3
1 5 3 37 37 181 3
1 3 5 37 37
1 3 1 37 194
1 3 1 37 6
1 4 6 95 273 441
1 5 5 37 181 3 37
1 3 1 47 219
1 3 14 128 301
1 3 14 240 424
1 4 5 1 37 194
1 4 1 37 9 112
1 5 37 37 37 3 37
1 4 1 37 9 112
1 4 37 181 37 3
1 3 1 37 37
1 6 2 1 37 191 384 509
1 3 2 45 217
1 4 11 118 293 455
1 3 9 37 3
1 3 2 5 90
1 3 4 79 254
1 4 1 37 196 393
1 3 1 37 192
1 3 4 78 253
1 4 5 1 37 3
1 4 9 1 37 191
1 4 1 37 192 388
1 4 1 37 181 361
1 4 1 37 191 384
1 4 18 37 181 365
1 5 5 5 37 3 1
1 4 1 37 37 181
1 4 5 1 37 3
1 3 37 3 68
1 3 1 37 3
1 3 1 37 3
1 3 1 37 3
1 4 1 37 37 37
1 3 5 1 37
1 3 5 5 37
1 3 1 5 84
1 5 5 37 184 374 505
1 3 37 6 37
1 5 5 3 1 7 99
1 3 1 37 5
1 3 9 37 3
1 3 5 37 37
1 3 5 5 1
1 3 17 132 306
1 3 37 17 136
1 3 37 37 17
1 3 17 136 311
1 3 19 150 322
1 3 17 136 311
1 5 1 37 3 5 5
1 3 1 37 181
1 5 7 97 275 443 542
1 3 7 37 181
1 3 7 104 283
1 3 7 97 276
1 5 7 99 278 444 543
1 3 5 5 1
1 3 18 37 192
1 3 37 181 5
1 4 18 224 240 425
1 5 5 37 5 37 37
1 6 1 37 5 37 181 3
1 8 1 37 181 37 181 37 181 37
1 3 37 37 194
1 5 3 1 37 181 3
1 4 1 37 181 361
1 3 37 181 366
1 3 37 194 389
1 3 1 37 194
1 4 1 37 181 366
1 3 9 37 182
1 6 1 37 181 181 367 503
1 5 18 37 181 181 3
1 5 1 37 181 181 361
1 4 17 137 312 463
1 4 1 37 37 3
1 4 1 37 5 3
1 5 1 48 581 633 663
1 4 5 37 37 185
1 6 15 184 375 506 594 643
1 6 5 37 184 1 37 185
1 8 37 5 37 3 7 37 7 103
1 8 1 37 37 7 72 64 236 418
1 3 3 1 37
1 11 2 37 181 37 181 37 181 356 488 579 231
1 3 1 37 191
1 7 7 1 37 7 64 236 418
1 5 3 63 120 294 456
1 7 3 37 3 1 37 3 72
1 3 37 37 5
1 3 37 37 194
1 5 1 37 184 37 182
1 4 1 37 5 90
1 4 5 86 262 437
1 5 5 37 3 5 90
1 3 37 3 37
1 7 3 1 39 207 207 207 400
1 3 2 37 192
1 4 1 45 217 405
1 7 17 133 308 39 207 207 400
1 3 1 45 216
1 3 13 124 298
1 3 5 3 62
1 6 5 37 3 37 3 5
1 3 1 37 181
1 5 1 50 221 406 518
1 10 1 37 3 5 37 181 3 72 248 434
1 9 7 3 64 237 419 526 607 649 673
1 3 1 37 191
1 4 3 74 251 435
1 7 5 37 3 5 37 3 72
1 3 3 1 40
1 3 3 61 232
1 3 6 37 182
1 3 1 37 18
1 5 7 72 64 236 418
1 4 1 181 37 7
1 5 7 37 64 236 418
1 6 28 224 240 424 532 609
1 6 184 1 37 7 37 184
1 4 1 37 5 37
1 7 7 3 1 37 181 37 191
1 4 2 1 37 192
1 4 16 45 217 405
1 4 7 101 282 447
1 4 37 2 5 37
1 3 37 37 37
1 7 2 56 496 169 341 476 565
1 6 7 3 1 51 222 407
1 5 29 341 476 567 628
1 3 29 169 341
1 3 37 64 239
1 4 2 5 359 497
1 3 29 476 565
1 3 23 156 328
1 4 8 109 288 452
1 5 7 108 287 451 546
1 3 7 100 281
1 5 8 111 287 451 546
1 3 29 341 476
1 4 23 155 327 467
1 3 29 169 341
1 5 7 72 106 285 449
1 6 1 37 29 341 476 567
1 4 7 106 285 449
1 10 1 37 181 37 181 37 29 169 341 476
1 3 29 169 341
1 11 1 181 181 37 181 37 29 164 335 470 557
1 9 37 37 29 164 635 665 335 470 557
1 8 24 157 329 164 335 471 559 623
1 9 2 54 226 415 524 606 514 602 646
1 6 1 37 37 196 394 516
1 4 2 335 471 558
1 3 29 170 343
1 4 37 195 392 515
1 3 1 46 218
1 8 359 499 591 640 668 514 602 646
1 4 1 37 195 391
1 6 29 170 335 471 558 622
1 7 27 160 195 391 514 602 646
1 5 1 37 37 196 395
1 5 29 169 341 191 386
1 3 2 59 230
1 6 2 48 581 633 662 679
1 5 29 169 341 476 568
1 8 2 37 181 496 169 341 476 568
1 4 359 498 590 639
1 3 1 37 200
1 7 37 5 37 29 341 475 562
1 4 30 172 345 482
1 3 37 181 364
1 7 29 169 341 191 384 511 599
1 8 31 174 193 184 375 506 594 643
1 4 30 172 345 481
1 4 37 17 37 201
1 9 2 107 164 335 471 558 621 658 676
1 7 7 3 37 64 238 421 528
1 9 37 359 495 107 164 335 471 558 621
1 5 7 105 284 448 544
1 3 195 391 514
1 3 17 37 476
1 9 7 107 164 335 471 558 621 658 676
1 5 37 5 37 169 340
1 3 17 140 315
1 4 25 172 345 482
1 3 17 37 196
1 8 2 58 229 471 558 621 659 677
1 4 17 37 169 340
1 6 29 341 191 384 510 598
1 4 37 191 385 512
1 3 1 37 196
1 7 29 169 341 191 384 511 599
1 8 31 174 193 184 375 506 594 643
1 3 1 37 196
1 6 29 169 341 512 600 645
1 11 37 37 181 496 169 341 191 385 512 600 645
1 3 359 495 588
1 7 29 169 341 191 384 511 599
1 7 31 174 193 184 376 507 595
1 7 29 169 341 191 385 513 601
1 4 9 37 476 568
1 3 29 169 341
1 4 1 52 223 408
1 4 5 37 476 568
1 3 29 169 341
1 3 7 100 281
1 4 1 37 476 568
1 5 29 169 341 474 561
1 9 1 37 198 329 164 335 239 423 530
1 6 37 29 341 476 563 624
1 7 1 37 29 164 335 471 560
1 4 7 100 281 446
1 8 1 37 181 37 29 169 341 476
1 3 24 158 330
1 3 29 169 341
1 6 32 33 177 350 485 577
1 4 29 169 341 476
1 3 33 177 350
1 3 32 176 349
1 11 37 181 37 37 181 5 359 496 169 341 476
1 7 1 37 29 166 381 508 596
1 4 7 567 627 660
1 7 359 496 169 341 476 564 625
1 4 37 29 169 341
1 3 29 341 476
1 6 1 37 29 169 341 476
1 5 37 29 341 479 574
1 3 30 173 346
1 7 37 199 496 169 341 476 569
1 3 28 161 332
1 3 1 37 194
1 4 29 341 478 573
1 5 359 496 169 341 476
1 3 32 176 349
1 5 1 37 29 476 568
1 4 37 37 181 368
1 4 29 169 341 476
1 7 37 29 166 587 381 508 596
1 5 5 37 29 476 567
1 4 37 5 37 169
1 4 29 341 477 572
1 5 5 37 29 341 477
1 4 5 37 169 342
1 7 1 37 359 496 166 381 508
1 4 15 335 470 557
1 5 7 64 238 420 527
1 4 30 239 423 530
1 4 8 110 289 453
1 5 29 169 341 476 570
1 7 34 178 351 486 578 632 661
1 4 29 164 335 471
1 4 37 169 341 476
1 9 37 29 341 476 566 626 567 627 660
1 3 1 37 476
1 3 29 169 341
1 5 37 64 238 422 529
1 3 7 100 281
1 6 359 490 584 635 665 335
1 9 37 5 37 29 169 341 476 564 625
1 8 5 37 29 341 476 567 627 660
1 7 359 494 587 381 508 596 644
1 6 37 188 381 508 596 644
1 3 30 30 30
1 3 30 30 171
1 3 4 82 258
1 3 30 30 30
1 3 30 30 30
1 3 30 30 30
1 3 30 30 30
1 3 30 30 30
1 3 30 30 30
1 4 30 171 344 480
1 3 30 30 30
1 3 30 30 30
1 4 29 163 334 469
1 4 37 17 141 316
1 5 5 37 29 476 568
1 7 12 119 163 334 469 555 620
1 3 29 168 338
1 4 12 122 296 457
1 7 5 37 29 169 239 423 530
1 5 37 64 239 423 530
1 3 5 92 269
1 3 5 37 476
1 4 10 116 291 454
1 6 5 37 29 166 336 472
1 3 10 117 292
1 4 29 476 571 629
1 7 15 130 303 460 550 615 654
1 6 15 131 304 461 551 616
1 3 37 29 476
1 3 2 56 228
1 6 2 1 37 476 564 625
1 3 37 29 476
1 7 37 29 165 163 334 469 556
1 6 7 108 165 163 334 469
1 4 5 37 29 476
1 3 7 100 281
1 3 30 171 344
1 3 17 139 314
1 4 1 37 181 37
1 3 1 37 192
1 4 9 37 192 388
1 7 5 37 37 181 37 3 1
1 3 4 79 254
1 6 2 1 37 181 356 488
1 3 14 240 426
1 5 9 37 181 37 181
1 4 37 5 3 1
1 7 17 37 37 181 37 197 396
1 3 1 37 197
1 5 1 37 181 37 37
1 3 5 37 3
1 12 37 3 5 1 37 18 37 7 72 64 236 418
1 4 1 37 182 370
1 11 1 44 214 403 231 416 87 265 42 213 402
1 7 37 184 373 375 506 594 643
1 3 1 37 191
1 3 9 37 3
1 5 1 181 37 198 397
1 3 1 37 37
1 3 5 37 3
1 3 37 191 382
1 4 1 37 181 3
1 4 37 18 37 3
1 3 3 1 51
1 4 5 1 37 6
1 4 5 5 89 268
1 3 5 89 268
1 4 5 37 181 37
1 3 19 149 321
1 4 5 37 181 37
1 4 13 126 300 459
1 10 1 37 5 37 5 5 359 489 583 634
1 5 1 37 3 37 37
1 7 37 3 1 37 5 1 37
1 3 184 37 37
1 7 6 93 270 440 97 275 443
1 3 1 37 181
1 3 18 37 181
1 3 5 1 37
1 3 18 37 181
1 4 5 1 37 182
1 4 6 1 41 211
1 3 1 37 181
1 3 3 69 244
1 3 5 89 267
1 3 3 70 245
1 9 3 37 37 3 75 252 436 539 611
1 4 3 37 3 5
1 4 3 5 3 5
1 5 3 1 37 3 68
1 3 3 61 233
1 4 3 5 3 75
1 4 3 5 3 75
1 5 5 5 5 5 91
1 4 1 37 191 384
1 4 1 37 191 384
1 4 1 37 191 384
1 5 3 1 37 191 384
1 4 1 37 192 387
1 3 1 37 192
1 3 1 37 5
1 3 17 132 306
1 4 1 37 37 181
1 6 37 181 37 37 37 182
1 3 37 9 1
1 3 17 37 181
1 4 37 181 181 5
1 3 1 37 5
1 6 1 181 5 37 5 37
1 5 5 37 181 37 5
1 5 1 37 181 37 181
1 3 37 181 37
1 7 3 1 37 37 3 1 37
1 3 26 159 331
1 5 7 3 64 236 418
1 3 2 55 227
1 6 1 37 499 591 640 669
1 7 5 86 263 438 540 612 651
1 9 359 491 585 636 666 456 549 614 653
1 4 15 131 305 462
1 6 12 120 456 549 614 653
1 6 32 175 348 484 576 631
1 5 7 3 64 236 418
1 5 15 184 376 507 595
1 7 7 3 72 64 235 417 525
1 4 3 1 37 191
1 3 29 169 339
1 4 1 37 188 380
1 3 15 184 377
1 7 7 3 5 37 64 236 418
1 7 3 37 7 1 42 213 402
1 6 7 3 76 277 42 212
1 5 7 3 5 88 266
1 8 3 37 7 97 265 42 213 402
1 9 1 37 181 37 7 3 64 236 418
1 7 15 184 371 504 506 594 643
1 7 37 37 193 184 376 507 595
1 7 1 37 193 184 376 507 595
1 7 3 7 98 277 42 213 402
1 7 1 7 72 64 235 417 525
1 6 7 3 37 64 236 418
1 3 3 1 37
1 3 7 3 65
1 6 37 7 3 37 64 234
1 4 7 3 64 234
1 4 7 3 72 249
1 5 7 3 5 37 186
1 6 3 7 72 64 236 418
1 4 7 3 64 234
1 6 1 7 3 37 64 234
1 6 3 37 7 64 236 418
1 7 37 7 3 37 64 236 418
1 6 7 3 72 64 236 418
1 3 7 3 73
1 3 23 154 326
1 3 1 37 5
1 5 7 3 37 64 234
1 7 3 1 37 7 3 72 249
1 8 22 153 325 466 554 619 657 675
1 5 7 3 5 37 186
1 6 3 7 37 64 236 418
1 6 7 3 37 64 236 418
1 7 37 198 87 264 42 213 402
1 4 37 37 37 37
1 7 18 37 5 3 1 37 181
1 6 18 142 317 464 552 617
1 3 2 37 182
1 4 1 37 181 37
1 4 37 17 135 310
1 6 5 37 181 37 3 62
1 4 1 37 192 387
1 10 37 37 181 37 181 37 5 37 181 37
1 4 1 40 209 401
1 4 37 181 37 191
1 6 1 37 181 37 192 387
1 5 18 37 181 363 502
1 7 1 37 181 37 3 1 37
1 7 2 1 37 191 384 509 597
1 11 17 37 181 181 37 3 1 37 181 37 3
1 8 5 37 2 57 120 294 456 547
1 4 37 37 181 362
1 5 1 37 37 18 37
1 7 37 181 37 181 37 37 194
1 4 37 37 9 37
1 6 37 181 37 3 68 242
1 4 37 181 37 37
1 5 9 37 5 37 182
1 5 37 3 1 5 37
1 8 1 37 3 1 37 181 37 3
1 3 1 37 181
1 4 3 1 37 2
1 3 6 1 37
1 8 7 3 1 37 64 238 421 528
1 7 7 3 1 37 64 236 418
1 4 3 67 241 429
1 8 3 1 37 7 1 42 213 402
1 4 3 1 37 37
1 10 21 152 324 465 553 618 656 540 612 651
1 13 2 1 37 195 391 195 391 195 391 195 391 195 391
1 4 1 37 181 37
1 7 1 37 193 184 376 507 595
1 7 1 37 7 3 64 236 418
1 3 1 37 5
1 5 3 1 37 188 379
1 6 1 37 181 3 37 181
1 5 184 1 37 181 358
1 6 6 1 37 6 1 37
1 6 37 181 181 37 37 37
1 4 1 37 3 5
1 4 3 1 37 181
1 5 3 1 37 181 37
1 9 184 371 504 592 641 670 411 224 410
1 4 1 37 191 383
1 6 5 37 359 489 581 633
1 3 1 37 37
1 3 5 37 181
1 4 37 184 37 29
1 3 5 37 183
1 4 37 181 181 37
1 3 2 1 37
1 3 5 84 260
1 3 37 181 355
1 5 7 72 64 236 418
1 5 5 37 37 181 37
1 3 37 181 5
1 5 17 37 181 18 146
1 3 37 182 369
1 3 1 37 17
1 3 4 79 255
1 3 5 37 181
1 3 14 129 302
1 6 31 174 347 483 575 630
1 5 15 184 376 507 595
1 4 35 179 352 487
1 3 4 80 256
1 5 1 37 9 37 37
1 3 4 81 257
1 4 18 37 191 384
1 4 5 37 191 384
1 4 2 37 9 37
1 4 5 1 37 5
1 4 5 3 1 37
1 5 3 66 240 426 536
1 3 17 134 309
1 3 37 191 384
1 3 16 240 427
1 8 1 48 581 633 662 678 682 683
1 3 37 181 37
1 4 1 181 37 3
1 3 1 37 182
1 4 2 1 37 3
1 3 1 181 37
1 5 3 1 37 181 37
1 8 3 1 37 7 72 64 236 418
1 4 22 521 224 240
1 13 2 1 37 6 1 37 29 167 337 473 549 614 653
1 4 1 5 37 29
1 4 1 37 37 29
1 13 1 37 29 162 333 468 592 641 670 680 506 594 643
1 13 5 37 181 37 181 37 5 37 181 181 37 5 37
1 11 5 37 181 37 5 37 5 37 37 181 37
1 5 37 7 64 236 418
1 5 37 181 496 589 638
1 9 1 37 5 37 181 37 5 83 259
1 3 1 37 29
1 3 17 132 307
1 3 37 181 37
1 3 1 37 29
1 3 1 37 29
1 8 1 38 205 399 517 603 647 672
1 3 1 37 192
1 3 18 37 3
1 4 1 37 181 37
1 6 5 37 181 37 37 3
1 4 37 181 37 3
1 3 16 240 426
1 4 37 37 3 5
1 4 17 37 5 5
1 5 1 37 181 18 37
1 5 18 37 37 3 37
1 4 1 37 37 37
1 7 37 181 37 37 3 72 250
1 3 7 64 234
1 3 1 37 6
1 3 2 37 197
1 3 1 37 191
1 3 1 37 3
1 3 37 3 69
1 5 7 72 64 236 418
1 5 3 5 37 191 384
1 7 37 3 7 72 64 236 418
1 7 37 3 7 72 64 236 418
1 4 1 37 37 3
1 3 1 37 37
1 5 15 375 506 594 643
1 3 1 37 184
1 14 1 37 181 359 1 37 9 1 37 37 37 37 37 37
1 10 2 37 203 224 411 224 240 424 44 214
1 9 5 359 1 181 181 37 181 9 37
1 7 37 181 181 181 181 181 362
1 4 37 37 37 37
1 5 37 359 1 38 206
1 8 1 359 1 37 181 37 181 37
1 8 359 1 37 37 181 181 37 202
1 6 5 87 265 42 213 402
1 3 1 37 37
1 14 18 142 318 416 488 579 231 416 488 87 265 42 213 402
1 17 1 37 37 181 37 5 37 5 1 37 5 5 5 37 181 5 37
1 19 5 37 6 1 5 37 6 1 5 37 6 37 6 1 181 37 6 94 272
1 13 1 37 3 1 181 37 3 71 247 433 538 610 650
1 14 1 37 184 371 504 593 642 671 681 670 680 506 594 643
1 11 2 5 3 60 231 416 87 265 42 213 402
1 9 5 37 3 1 7 72 64 236 418
1 10 18 37 3 60 231 416 488 579 231 416
1 11 1 37 37 181 37 181 37 181 5 37 37
1 8 9 37 181 181 37 5 37 181
1 3 1 37 5
1 4 5 3 1 181
1 5 9 37 37 9 113
1 5 37 37 5 1 37
1 3 14 240 427
1 3 17 37 181
1 3 37 181 181
1 6 37 181 37 184 37 184
1 4 6 37 194 390
1 5 1 37 181 37 181
1 3 1 37 5
1 5 3 71 240 426 536
1 16 37 37 37 181 37 181 203 411 224 240 428 537 66 240 424 534
1 9 5 37 181 181 181 181 181 361 501
1 6 184 37 181 37 37 204
1 16 1 37 181 359 489 580 181 181 359 489 580 521 224 240 424 534
1 12 5 5 37 181 181 181 181 203 411 521 605 648
1 4 37 6 93 271
1 15 2 1 359 1 37 181 9 37 181 37 181 3 68 242 430
1 10 1 181 181 359 489 580 181 37 37 3
1 8 1 37 181 37 9 1 37 191
1 3 37 3 77
1 9 18 359 489 580 181 37 181 37 191
1 3 1 39 207
1 4 3 1 37 37
1 10 359 1 37 181 181 359 489 581 633 662
1 5 1 181 359 489 580
1 10 1 181 181 181 37 203 411 224 413 523
1 4 1 37 181 37
1 5 13 127 123 297 458
1 6 1 181 359 1 181 37
1 15 1 181 359 1 37 359 1 181 37 181 181 181 181 37 181
1 6 1 359 489 581 633 664
1 4 1 181 37 181
1 16 1 48 411 224 224 224 411 224 224 53 225 414 424 44 224 240
1 11 5 1 5 359 1 181 37 181 37 181 359
1 8 1 181 359 1 37 181 37 191
1 10 1 181 18 143 411 224 240 424 531 608
1 10 359 1 37 181 9 1 37 181 37 181
1 4 1 359 1 37
1 8 1 181 181 18 359 489 582 224
1 4 13 123 297 458
1 11 1 181 18 359 1 181 37 181 9 1 37
1 9 1 359 1 181 37 181 37 181 181
1 3 1 37 181
1 10 1 359 489 580 181 9 1 53 225 414
1 3 37 186 378
1 3 1 37 186
1 3 20 151 323
1 3 20 151 323
1 3 20 151 323
1 4 7 3 72 249
1 9 1 181 359 489 580 181 181 181 181
1 6 7 3 64 238 421 528
1 9 1 359 489 580 521 224 224 224 224
1 5 7 3 64 236 418
1 13 1 181 181 181 181 359 489 580 181 9 1 181 37
1 11 1 53 411 521 224 224 224 224 224 412 522
1 13 1 181 359 1 37 37 9 1 181 181 181 9 114
1 4 7 3 64 234
1 8 1 181 359 1 37 181 181 181
1 4 7 3 64 234
1 8 3 37 181 87 265 42 213 402
1 3 7 3 65
1 14 37 37 181 181 181 359 489 580 181 9 1 181 181 181
1 6 7 3 64 238 421 528
1 7 18 359 489 582 224 224 224
1 6 7 3 64 238 421 528
1 9 37 181 18 224 411 521 224 224 224
1 5 7 3 70 246 432
1 11 53 224 224 411 521 582 224 224 410 519 604
1 7 7 3 72 64 238 421 528
1 12 1 359 1 37 9 1 181 181 181 9 37 181
1 3 18 145 320
1 3 17 138 313
1 11 1 359 1 37 181 181 181 181 181 181 354
1 10 1 37 181 18 359 1 37 181 181 181
1 12 1 37 37 202 48 224 411 521 224 224 224 224
1 8 1 181 359 489 580 181 181 354
1 13 2 1 53 224 411 521 582 224 224 224 240 424 535
1 13 1 53 224 411 224 240 424 44 224 224 224 410 520
1 7 359 489 580 181 181 181 354
1 16 6 53 411 521 224 410 464 552 617 655 636 666 456 549 614 653
1 7 5 1 48 224 411 521 224
1 10 1 181 359 489 580 44 224 224 224 224
1 5 1 359 489 580 181
1 8 359 489 580 181 181 181 181 181
1 10 1 181 181 359 489 580 181 181 181 181
1 3 7 3 65
1 6 7 3 1 42 213 402
1 4 37 181 359 1
1 3 37 37 359
1 4 9 37 202 398
1 7 12 120 294 456 549 614 653
1 3 1 359 1
1 3 1 37 182
1 7 359 193 184 375 506 594 643
1 11 1 181 181 181 181 359 489 580 181 181 354
1 9 53 411 224 224 224 224 224 224 409
1 4 195 391 195 391
1 14 1 181 181 359 1 181 37 181 181 9 1 181 37 181
1 3 36 180 353
1 13 1 5 359 1 181 37 181 181 9 1 37 181 9
1 9 1 37 37 37 37 9 1 359 1
1 3 1 41 210
1 3 37 181 355
1 6 5 87 264 51 222 407
1 3 1 181 359
1 5 1 5 89 267 439
1 5 37 181 359 1 181
1 7 2 1 7 3 64 236 418
1 5 1 44 224 411 224
1 5 1 37 9 115 290
1 3 37 191 384
1 7 7 3 70 277 42 213 402
1 4 7 3 64 234
1 9 37 181 37 37 181 181 359 1 181
1 5 1 181 37 181 359
1 5 17 37 181 359 1
1 5 5 87 264 42 212
1 10 1 181 37 181 181 359 493 586 637 667
1 6 17 87 264 42 213 402
1 3 1 37 169
1 4 37 181 359 1
1 3 37 18 147
1 4 1 44 215 404
1 7 3 1 37 7 64 236 418
1 4 6 1 359 492
1 4 7 3 1 43
1 6 7 3 1 42 213 402
1 8 2 1 37 9 1 181 359 1
1 6 7 3 64 238 421 528
1 6 7 3 37 64 238 420
1 4 1 181 181 359
1 3 37 181 359
1 3 1 44 215
1 7 2 5 37 37 18 144 319
1 5 19 148 19 149 321
1 4 1 37 192 388
1 4 37 19 149 321
1 6 1 37 191 384 509 597
1 5 37 2 1 49 220
1 4 1 37 181 87
1 3 1 37 182
1 3 13 125 299
1 4 37 181 37 5
1 3 5 37 37
1 5 1 37 181 37 37
1 3 5 85 261
1 5 1 37 191 384 509
1 3 7 99 279
1 5 3 66 240 426 536
1 5 7 107 286 450 545
1 4 6 37 37 190
1 3 12 121 295
1 5 184 1 37 181 37
1 4 7 1 37 192
1 5 3 1 37 191 384
1 3 2 45 216
1 4 5 5 5 1
