748 605
1 6 1 34 2 142 3 54
1 3 5 34 3
1 4 5 34 5 71
1 5 5 5 34 5 5
1 9 34 5 34 144 291 407 490 538 575
1 6 1 34 34 3 142 3
1 7 5 34 34 145 294 414 493
1 4 1 34 145 296
1 3 1 34 142
1 3 1 34 34
1 3 4 290 294
1 6 34 142 3 5 34 3
1 6 1 34 142 34 142 278
1 7 1 34 34 142 142 34 34
1 5 3 142 34 6 34
1 5 3 5 34 147 299
1 4 6 73 206 346
1 9 6 34 142 142 279 1 34 3 57
1 9 5 34 142 34 142 34 279 378 467
1 7 1 73 294 34 142 280 388
1 4 1 34 3 6
1 4 1 34 142 34
1 4 3 142 34 149
1 3 34 150 305
1 3 1 34 151
1 3 34 150 305
1 5 3 59 290 294 415
1 4 5 34 142 34
1 3 1 34 152
1 3 3 5 70
1 5 34 34 5 34 3
1 10 11 34 144 293 411 491 539 576 595 603
1 3 14 34 143
1 3 34 11 34
1 7 2 34 5 1 34 34 152
1 5 34 2 34 34 3
1 6 3 5 5 5 34 3
1 5 3 34 34 142 3
1 3 5 34 34
1 6 3 59 290 398 485 537
1 5 5 34 142 3 34
1 3 10 290 294
1 4 5 1 34 152
1 4 1 34 34 15
1 4 13 34 34 3
1 4 1 34 11 95
1 5 34 34 34 3 34
1 4 1 34 11 95
1 4 34 142 34 3
1 3 1 34 34
1 6 2 142 34 150 305 430
1 4 9 93 228 359
1 3 11 34 3
1 3 2 5 76
1 5 1 142 34 5 3
1 3 4 290 294
1 4 1 34 154 316
1 3 1 34 151
1 3 4 66 195
1 4 5 1 34 3
1 4 11 1 34 150
1 4 1 34 151 309
1 4 1 34 142 150
1 3 1 34 152
1 7 14 34 142 142 142 34 3
1 3 1 34 5
1 3 1 34 34
1 3 34 142 3
1 4 1 34 34 142
1 4 5 1 34 3
1 3 34 3 61
1 3 1 34 3
1 3 34 5 75
1 3 1 34 3
1 3 1 34 3
1 4 1 34 34 34
1 3 5 1 34
1 3 5 5 34
1 3 1 5 70
1 5 5 3 142 73 205
1 3 5 34 34
1 3 5 5 1
1 3 13 101 234
1 4 34 279 385 475
1 3 34 34 153
1 3 13 103 237
1 3 5 73 204
1 3 15 116 246
1 3 13 103 237
1 5 1 34 3 5 5
1 3 1 34 142
1 4 6 34 142 5
1 5 6 80 214 349 453
1 3 6 34 142
1 3 6 84 220
1 6 6 86 294 412 492 540
1 3 6 80 215
1 5 6 73 202 345 452
1 3 5 5 1
1 3 14 34 151
1 4 14 101 234 360
1 5 5 34 5 34 34
1 8 1 34 142 34 142 34 142 34
1 7 3 142 34 34 142 3 34
1 5 3 142 34 142 3
1 4 1 34 142 150
1 3 34 142 284
1 3 34 152 310
1 3 1 34 152
1 4 1 34 142 284
1 6 1 34 142 142 285 390
1 5 14 34 142 142 3
1 4 2 42 290 399
1 5 1 34 142 142 150
1 4 13 104 238 361
1 4 1 34 34 3
1 5 1 42 290 294 413
1 4 5 34 34 146
1 6 5 34 145 294 34 146
1 8 1 34 34 6 62 147 301 422
1 3 3 142 34
1 3 1 34 150
1 7 6 294 34 6 81 217 350
1 5 3 55 136 269 374
1 3 34 34 5
1 3 34 34 152
1 5 1 34 145 290 400
1 4 1 34 5 76
1 4 5 72 201 344
1 5 5 34 3 5 76
1 3 34 3 34
1 5 3 62 189 341 450
1 7 3 142 3 34 34 34 157
1 3 2 34 151
1 3 14 111 244
1 4 1 40 174 334
1 5 34 142 150 15 115
1 3 1 40 173
1 3 150 15 115
1 6 2 142 150 15 115 245
1 5 1 19 290 404 488
1 10 1 34 3 5 34 142 3 62 190 342
1 3 1 34 150
1 7 5 34 3 5 34 3 62
1 4 1 34 3 62
1 3 19 290 404
1 3 3 53 182
1 3 5 34 142
1 6 1 34 5 5 5 34
1 4 1 34 144 290
1 3 1 34 14
1 5 6 62 147 301 422
1 5 6 34 147 301 422
1 6 21 294 34 142 34 156
1 7 6 3 142 34 147 301 422
1 6 145 294 34 6 34 145
1 4 1 34 5 34
1 7 6 3 142 34 142 34 150
1 8 1 34 6 73 62 147 301 422
1 4 2 142 34 151
1 4 6 83 219 351
1 4 34 2 5 34
1 3 1 34 152
1 7 2 46 386 477 532 572 591
1 6 6 3 142 285 391 479
1 5 160 326 443 513 561
1 3 34 147 572
1 4 2 5 279 387
1 3 160 510 554
1 3 20 121 251
1 4 7 89 224 355
1 4 5 34 34 302
1 6 1 43 386 477 532 572
1 3 6 82 218
1 5 7 88 223 354 455
1 3 34 34 302
1 3 160 326 443
1 4 5 73 207 347
1 4 20 120 250 365
1 5 6 62 87 222 353
1 6 1 34 160 326 443 513
1 4 6 87 222 353
1 10 1 34 142 34 142 34 160 325 441 510
1 3 160 325 441
1 9 34 34 160 322 528 567 587 600 605
1 8 24 127 257 322 437 506 546 578
1 9 2 52 294 34 2 34 302 424 497
1 3 160 327 447
1 3 1 41 175
1 8 279 162 328 386 478 248 364 458
1 6 1 34 2 48 178 335
1 6 160 327 477 532 571 589
1 4 17 15 115 245
1 7 18 119 16 117 248 364 458
1 5 1 34 34 154 317
1 5 160 325 441 509 551
1 3 2 49 179
1 6 2 42 290 294 34 152
1 5 160 325 441 510 555
1 8 2 34 142 386 477 532 572 592
1 3 1 34 161
1 7 34 5 34 160 326 442 511
1 3 34 150 305
1 3 34 142 283
1 7 160 325 441 509 549 579 596
1 8 25 2 51 131 263 264 369 460
1 6 13 34 160 326 444 515
1 4 34 153 314 433
1 7 6 3 34 147 302 425 498
1 9 34 279 384 474 322 437 506 545 577
1 5 6 85 221 352 454
1 3 16 117 248
1 3 13 34 510
1 5 34 5 34 302 424
1 3 13 107 241
1 4 1 34 152 311
1 7 160 325 441 509 549 579 596
1 3 1 34 154
1 8 25 2 51 131 263 264 369 460
1 3 1 34 154
1 6 160 325 441 549 579 596
1 11 34 34 142 386 477 532 571 588 549 579 596
1 3 279 384 473
1 7 160 325 441 509 549 579 596
1 7 25 2 51 131 264 369 460
1 3 5 279 382
1 7 160 325 441 509 550 580 597
1 4 11 34 510 555
1 3 160 325 441
1 6 11 43 386 477 533 573
1 4 5 34 510 555
1 5 160 325 441 508 548
1 7 11 34 160 325 441 510 555
1 3 6 82 218
1 9 1 34 157 257 322 437 572 590 601
1 6 34 160 326 443 512 558
1 7 1 34 160 322 437 506 547
1 3 24 129 259
1 3 34 152 313
1 6 27 28 134 267 373 464
1 4 160 325 441 510
1 3 28 134 267
1 11 34 142 34 34 142 5 279 386 477 532 572
1 4 6 513 559 584
1 7 279 386 477 532 572 590 601
1 3 1 34 152
1 4 6 87 222 353
1 3 160 326 443
1 4 6 87 222 353
1 6 1 34 160 325 441 510
1 5 34 160 326 445 517
1 3 22 125 255
1 7 34 159 386 477 532 572 593
1 3 160 325 441
1 3 21 122 252
1 4 160 326 446 518
1 5 279 386 477 532 572
1 6 34 160 326 443 513 560
1 4 34 34 142 286
1 4 160 325 441 510
1 7 34 160 323 477 532 572 592
1 5 5 34 160 510 553
1 4 34 5 34 302
1 4 160 326 444 516
1 5 5 34 160 326 444
1 4 5 34 302 427
1 7 1 34 279 386 476 531 570
1 7 2 5 34 160 325 441 510
1 3 6 82 218
1 5 6 81 513 559 584
1 4 22 572 590 601
1 7 34 34 152 312 432 503 542
1 4 7 90 225 356
1 5 160 325 441 510 557
1 7 29 135 268 312 432 503 543
1 4 1 34 34 510
1 4 160 322 437 506
1 4 34 302 426 499
1 9 34 160 326 443 514 562 513 559 584
1 6 1 34 142 34 510 553
1 5 1 34 34 152 313
1 3 6 82 218
1 5 34 147 302 426 499
1 3 6 82 218
1 6 279 379 469 528 567 587
1 9 34 5 34 160 325 441 510 552 581
1 8 5 34 160 326 443 513 559 584
1 9 5 34 160 325 441 510 555 582 598
1 3 5 74 209
1 7 5 34 155 477 532 572 594
1 7 279 155 477 532 572 592 602
1 6 34 155 532 572 592 602
1 3 22 124 254
1 4 13 106 240 362
1 3 22 124 254
1 3 22 124 254
1 3 4 69 198
1 3 22 124 254
1 3 22 124 254
1 3 22 124 254
1 3 22 124 254
1 3 22 124 254
1 4 22 123 253 366
1 3 22 124 254
1 3 22 124 254
1 5 1 34 160 510 555
1 3 1 34 510
1 4 34 153 315 434
1 5 5 34 160 510 555
1 3 22 124 254
1 3 160 324 439
1 3 34 160 510
1 4 30 138 271 375
1 5 34 147 572 590 601
1 5 5 34 160 510 552
1 3 5 79 213
1 8 8 91 226 357 456 519 563 585
1 3 5 34 510
1 4 8 92 227 358
1 6 34 142 8 92 227 358
1 6 5 34 160 323 438 507
1 7 26 130 260 368 258 367 459
1 5 24 128 258 367 459
1 6 26 132 265 370 461 521
1 7 26 294 34 160 510 556 583
1 3 34 160 510
1 6 2 142 34 510 552 581
1 3 4 69 198
1 3 34 160 510
1 7 34 160 91 226 357 456 519
1 4 6 87 222 353
1 3 6 82 218
1 3 13 106 240
1 3 2 142 34
1 3 1 34 151
1 4 11 34 151 309
1 7 5 34 34 142 34 3 142
1 6 2 142 34 142 277 377
1 5 34 34 142 34 150
1 3 10 290 401
1 5 11 34 142 34 142
1 4 34 5 3 142
1 7 13 34 34 142 34 156 318
1 3 1 34 156
1 9 14 34 144 289 397 374 466 523 564
1 12 34 3 5 1 34 14 34 6 62 147 301 422
1 7 34 145 298 263 264 369 460
1 5 34 34 142 34 3
1 3 11 34 3
1 5 1 142 34 157 320
1 3 14 34 3
1 3 1 34 34
1 4 1 34 142 3
1 4 5 1 34 144
1 4 5 5 75 211
1 3 5 75 211
1 4 5 34 142 34
1 3 15 115 245
1 10 1 34 5 34 5 5 279 378 468 527
1 5 1 34 3 34 34
1 7 34 3 142 34 5 1 34
1 7 144 291 406 489 80 214 349
1 5 5 34 34 34 142
1 3 1 34 142
1 3 1 37 169
1 3 14 34 142
1 3 5 1 34
1 3 4 66 195
1 3 14 34 142
1 3 14 34 142
1 4 5 1 34 143
1 3 3 142 281
1 3 14 111 244
1 5 1 34 150 305 430
1 4 144 289 395 481
1 3 1 34 142
1 3 3 60 186
1 3 150 305 429
1 3 3 5 76
1 4 1 34 34 142
1 4 3 5 3 5
1 3 1 34 143
1 3 3 53 183
1 3 144 292 410
1 5 5 5 5 5 78
1 4 1 34 150 305
1 4 1 34 150 305
1 5 3 142 34 150 305
1 5 1 34 142 34 151
1 4 1 34 151 308
1 3 1 34 34
1 4 1 34 142 142
1 3 1 34 5
1 3 13 101 234
1 4 1 34 34 142
1 6 34 142 34 34 34 143
1 3 13 34 142
1 3 1 34 5
1 6 1 142 5 34 5 34
1 5 5 34 142 34 5
1 5 1 34 142 34 142
1 3 34 142 34
1 7 3 142 34 34 3 142 34
1 3 23 126 256
1 5 6 3 147 301 422
1 3 2 45 177
1 9 279 380 470 529 568 374 466 523 564
1 5 27 133 266 371 462
1 6 27 133 266 372 463 522
1 6 34 162 328 386 478 534
1 5 26 131 264 369 460
1 7 6 3 62 147 300 421 496
1 4 3 142 34 150
1 3 160 325 440
1 5 279 1 34 2 45
1 6 145 297 46 386 478 534
1 4 1 34 155 477
1 3 25 2 50
1 3 25 2 50
1 3 26 131 262
1 4 1 34 34 5
1 7 6 3 142 34 147 301 422
1 7 3 34 6 294 81 217 350
1 6 6 3 65 194 343 451
1 5 6 3 5 74 208
1 8 3 34 6 80 20 81 217 350
1 9 1 34 142 34 6 3 147 301 422
1 7 26 131 261 420 264 369 460
1 8 5 1 34 145 298 264 369 460
1 7 34 34 51 131 264 369 460
1 7 1 34 51 131 264 369 460
1 7 1 73 62 147 300 421 496
1 3 6 3 56
1 6 34 6 3 34 147 299
1 4 6 3 62 191
1 5 1 39 172 333 449
1 4 6 3 147 299
1 6 1 34 6 3 34 158
1 5 6 3 5 34 148
1 6 3 6 62 147 301 422
1 4 6 3 147 299
1 5 6 3 147 301 422
1 6 3 34 6 81 217 350
1 8 1 34 6 3 142 34 147 299
1 6 6 3 62 147 301 422
1 3 6 3 63
1 3 1 34 5
1 5 6 3 34 147 299
1 6 279 381 471 20 81 216
1 7 3 142 34 6 3 62 191
1 7 34 142 34 156 319 435 504
1 8 19 294 34 159 321 436 505 544
1 10 5 34 142 34 156 319 321 436 505 544
1 4 1 34 155 477
1 5 6 3 5 34 148
1 6 3 6 34 147 301 422
1 6 6 3 34 147 301 422
1 7 34 157 73 203 81 217 350
1 4 34 34 34 34
1 3 1 34 152
1 6 14 108 294 34 34 142
1 4 1 34 142 34
1 6 5 34 142 34 3 54
1 4 1 34 151 308
1 10 34 34 142 34 142 34 5 34 142 34
1 4 1 37 170 332
1 4 34 142 34 150
1 6 1 34 142 34 151 308
1 5 14 34 142 282 389
1 4 1 42 290 402
1 7 2 142 34 150 305 430 501
1 8 5 34 2 47 136 269 374 465
1 4 34 34 142 281
1 5 1 34 34 14 34
1 6 5 5 34 34 3 142
1 6 34 142 34 3 61 188
1 8 1 34 3 142 34 142 34 3
1 7 34 142 34 3 142 34 3
1 3 1 34 142
1 3 1 34 152
1 9 3 142 34 142 34 6 81 217 350
1 8 6 3 142 34 147 302 425 498
1 7 6 3 142 34 147 301 422
1 4 3 142 34 34
1 5 11 34 165 331 448
1 13 2 142 34 16 117 247 117 247 117 247 117 247 117
1 7 1 34 6 3 147 301 422
1 3 1 34 143
1 3 1 34 5
1 6 1 34 142 3 34 142
1 4 20 81 217 350
1 6 34 142 142 34 34 34
1 4 1 34 3 5
1 3 1 34 142
1 6 144 290 294 34 142 34
1 4 3 142 34 142
1 4 1 34 150 304
1 6 5 34 279 378 290 294
1 6 5 1 34 142 5 34
1 4 34 145 290 405
1 4 34 142 142 34
1 3 12 99 232
1 3 5 34 151
1 3 5 70 199
1 3 34 142 276
1 12 34 5 34 3 34 3 59 185 338 90 225 356
1 5 6 62 147 301 422
1 5 5 34 34 142 34
1 3 34 142 5
1 5 13 34 142 14 112
1 3 1 34 153
1 3 1 34 143
1 3 4 290 400
1 11 34 34 11 34 6 3 54 392 90 225 356
1 3 5 34 142
1 3 1 34 160
1 6 25 2 46 386 478 534
1 4 32 140 273 376
1 3 4 67 196
1 5 1 34 11 34 34
1 3 4 68 197
1 4 14 34 150 305
1 4 5 34 150 305
1 4 2 34 11 34
1 4 1 34 150 305
1 4 5 3 142 34
1 3 13 102 236
1 3 11 34 151
1 8 1 42 290 294 34 5 1 5
1 3 34 142 34
1 4 1 142 34 3
1 3 1 34 143
1 3 5 34 144
1 4 2 142 34 3
1 3 1 142 34
1 8 3 142 34 6 62 147 301 422
1 4 19 290 294 34
1 4 1 5 34 160
1 14 5 34 3 142 34 3 142 34 142 73 62 147 301 422
1 4 1 34 34 160
1 13 5 34 142 34 142 34 5 34 142 142 34 5 34
1 11 1 34 3 142 34 142 34 5 52 294 34
1 8 34 6 3 142 34 147 301 422
1 9 1 34 5 34 142 34 5 52 181
1 3 13 101 235
1 4 2 34 142 386
1 3 34 142 34
1 3 14 101 235
1 3 1 34 151
1 3 2 34 144
1 3 34 34 156
1 3 14 34 3
1 4 1 34 142 34
1 6 5 34 142 34 34 3
1 3 1 34 34
1 3 12 100 233
1 4 34 34 3 5
1 4 13 34 5 5
1 5 1 34 142 14 34
1 5 14 34 34 3 34
1 7 34 142 34 34 3 62 192
1 3 6 81 216
1 3 1 34 144
1 3 2 34 156
1 3 1 34 150
1 3 1 34 3
1 3 34 3 58
1 7 34 3 6 62 147 301 422
1 7 34 3 6 62 147 301 422
1 4 1 34 34 3
1 5 26 263 264 369 460
1 3 1 34 145
1 14 1 34 142 279 1 34 11 1 34 34 34 34 34 34
1 9 5 279 1 142 142 34 142 11 34
1 9 34 279 1 34 142 142 34 34 11
1 7 34 142 142 142 142 142 281
1 5 34 279 1 35 167
1 8 1 279 1 34 142 34 142 34
1 8 279 1 34 34 142 142 34 164
1 6 5 73 62 147 301 422
1 3 1 34 34
1 12 3 5 3 34 3 52 294 34 3 5 3 53
1 14 5 34 144 290 136 269 374 30 136 269 374 466 523 564
1 19 5 34 144 289 394 290 136 269 394 290 136 290 136 269 294 34 144 292 409
1 14 1 34 3 142 34 3 5 34 3 6 62 147 301 422
1 14 1 34 145 295 419 110 242 363 457 520 298 264 369 460
1 6 145 298 420 264 369 460
1 12 14 110 242 363 294 34 145 290 363 294 34 145
1 11 2 5 3 52 180 336 73 62 147 301 422
1 9 5 34 3 142 73 62 147 301 422
1 10 14 34 3 52 180 336 289 394 290 399
1 11 1 34 34 142 34 142 34 142 5 34 34
1 8 11 34 142 142 34 5 34 142
1 5 34 34 5 1 34
1 3 10 290 403
1 3 13 34 142
1 3 34 142 142
1 6 34 142 34 145 290 363
1 4 34 142 142 5
1 4 144 290 403 487
1 5 1 34 142 34 142
1 5 3 42 290 401 486
1 16 34 34 34 142 34 142 288 393 294 34 164 329 59 290 294 416
1 9 5 34 142 142 142 142 142 150 304
1 6 145 290 294 34 34 166
1 16 1 34 142 279 378 467 467 467 176 290 294 34 142 34 142 150
1 12 5 5 34 142 142 142 142 288 393 480 535 574
1 4 34 144 291 408
1 15 2 142 279 1 34 142 11 34 142 34 142 3 61 188 340
1 10 1 142 142 279 378 467 467 290 398 484
1 8 1 34 142 34 11 1 34 150
1 9 14 279 378 467 467 290 294 34 150
1 3 1 36 168
1 11 1 5 279 378 139 294 294 59 294 34 150
1 4 3 142 34 34
1 10 279 1 34 142 142 279 378 290 294 34
1 5 1 142 279 378 467
1 3 150 307 304
1 10 1 142 142 142 34 288 393 294 418 495
1 4 1 34 142 34
1 5 150 307 304 428 500
1 6 1 142 279 1 142 34
1 15 1 142 279 1 34 279 1 142 34 142 142 142 142 34 142
1 6 1 279 378 290 294 416
1 4 1 142 34 142
1 16 1 42 139 294 294 294 139 294 294 586 599 604 294 59 294 34
1 11 5 1 5 279 1 142 34 142 34 142 279
1 8 1 142 279 1 34 142 34 150
1 7 1 142 34 142 34 142 279
1 10 1 142 14 109 139 294 34 142 142 150
1 10 279 1 34 142 11 1 34 142 34 142
1 8 1 142 142 14 279 378 525 565
1 4 150 304 428 500
1 9 2 142 279 1 34 34 142 11 1
1 11 1 142 14 279 1 142 34 142 11 1 34
1 9 1 279 1 142 34 142 34 142 142
1 3 1 34 142
1 10 1 279 378 467 467 525 565 586 599 604
1 3 34 5 34
1 3 34 148 303
1 3 1 34 148
1 3 17 118 249
1 3 17 118 249
1 3 17 118 249
1 3 9 94 229
1 9 1 142 279 378 467 467 467 467 467
1 6 6 3 147 302 425 498
1 9 1 279 378 467 290 294 294 294 294
1 5 6 3 147 301 422
1 13 1 142 142 142 142 279 378 467 467 525 565 294 34
1 6 6 3 34 147 302 423
1 11 1 44 176 290 294 294 294 294 294 417 494
1 4 6 3 64 193
1 13 1 142 279 1 34 34 11 1 142 142 142 11 96
1 4 6 3 147 299
1 8 1 142 279 1 34 142 142 142
1 4 6 3 147 299
1 5 5 1 142 279 378
1 8 3 34 142 73 62 147 301 422
1 11 1 142 279 378 467 467 526 566 466 523 564
1 6 6 3 147 302 425 498
1 7 14 279 378 525 565 294 294
1 6 6 3 147 302 425 498
1 9 34 142 14 101 176 290 294 294 294
1 5 6 3 60 187 339
1 12 1 279 1 34 11 1 142 142 142 11 34 142
1 3 13 105 239
1 11 1 279 1 34 142 142 142 142 142 142 275
1 10 1 34 142 14 279 1 34 142 142 142
1 12 1 34 34 164 330 101 176 290 294 294 294 294
1 8 1 142 279 378 467 467 467 524
1 13 2 142 44 294 139 272 525 565 294 294 34 142 284
1 13 1 44 294 139 294 34 142 11 1 142 142 11 98
1 7 279 378 467 467 467 467 524
1 16 144 44 176 290 294 59 290 398 483 536 529 568 374 466 523 564
1 10 1 142 279 378 467 525 565 294 294 294
1 8 279 378 467 467 467 467 467 467
1 10 1 142 142 279 378 467 467 467 467 467
1 3 6 3 56
1 6 6 3 142 81 217 350
1 4 34 142 279 1
1 5 6 3 5 77 212
1 3 34 34 279
1 7 30 136 269 374 466 523 564
1 3 1 34 279
1 7 279 51 131 263 264 369 460
1 11 1 142 142 142 142 279 378 467 467 467 524
1 9 31 139 294 294 294 294 294 294 412
1 4 16 117 247 117
1 14 1 142 142 279 1 142 34 142 142 11 1 142 34 142
1 3 33 141 274
1 8 6 3 142 287 392 90 225 356
1 3 3 6 82
1 9 1 34 34 34 34 11 1 279 1
1 3 1 38 171
1 3 34 142 276
1 3 1 142 279
1 5 1 5 75 210 348
1 5 34 142 279 1 142
1 5 1 11 1 279 1
1 5 1 34 11 97 230
1 3 34 150 305
1 4 6 3 147 299
1 9 34 142 34 34 142 142 279 1 142
1 5 1 142 34 142 279
1 5 13 34 142 279 1
1 5 5 73 203 81 216
1 5 5 34 279 1 73
1 4 6 3 147 299
1 10 1 142 34 142 142 279 383 472 530 569
1 6 13 73 203 81 217 350
1 4 34 142 279 1
1 3 34 14 113
1 4 1 11 97 231
1 4 144 289 396 482
1 8 1 34 5 1 142 11 1 142
1 6 13 34 5 1 142 279
1 8 2 142 34 11 1 142 279 1
1 4 34 142 142 279
1 6 6 3 34 147 302 423
1 3 34 142 279
1 4 1 11 1 279
1 3 1 11 97
1 4 5 34 5 34
1 7 2 5 34 34 14 110 243
1 5 34 142 142 34 163
1 5 15 114 15 115 245
1 4 1 34 151 309
1 4 34 15 115 245
1 6 1 34 150 305 430 501
1 4 3 58 184 337
1 3 1 34 143
1 3 150 306 431
1 4 34 142 34 5
1 3 5 34 34
1 4 2 34 34 142
1 5 1 34 142 34 34
1 3 5 71 200
1 3 6 73 205
1 7 1 34 150 305 430 502 541
1 5 3 59 290 401 486
1 5 6 86 294 34 151
1 5 1 11 1 142 279
1 3 30 137 270
1 5 145 294 34 142 34
1 4 6 294 34 151
1 5 1 34 150 305 430
1 4 5 5 5 1
