771 667
1 3 1 58 2
1 4 1 58 1 32
1 5 1 1 58 1 1
1 6 3 58 58 2 3 59
1 7 1 58 58 187 359 480 570
1 4 3 58 187 360
1 3 4 77 240
1 6 58 186 2 1 58 2
1 7 3 58 58 186 3 58 58
1 5 2 1 58 189 366
1 4 2 6 58 7
1 3 7 3 58
1 4 7 7 90 250
1 9 7 58 186 3 64 3 58 2 44
1 9 1 58 186 58 186 58 64 218 186
1 4 2 3 58 191
1 7 3 7 3 58 186 347 469
1 6 3 58 2 45 171 335
1 4 3 58 2 7
1 5 3 58 2 7 91
1 4 3 58 186 58
1 4 2 3 58 193
1 6 10 103 260 432 529 600
1 3 58 196 376
1 3 3 58 197
1 3 58 196 376
1 4 187 359 479 568
1 5 2 6 58 186 346
1 3 3 58 199
1 10 6 58 200 390 504 586 633 657 666 667
1 3 16 58 188
1 3 58 6 58
1 7 15 58 1 3 58 58 199
1 3 3 58 199
1 5 58 15 58 58 2
1 5 1 58 1 58 2
1 6 2 1 1 1 58 2
1 6 2 6 58 58 1 2
1 3 3 58 199
1 3 3 58 200
1 4 200 388 502 585
1 5 1 58 186 2 58
1 3 3 66 226
1 3 11 107 267
1 3 11 106 265
1 4 3 58 58 377
1 4 14 58 58 2
1 5 58 58 58 2 58
1 4 3 58 6 83
1 4 58 186 58 2
1 3 3 58 58
1 3 15 124 292
1 4 9 100 258 430
1 3 15 121 288
1 5 3 3 58 1 2
1 4 3 58 204 398
1 3 4 78 241
1 4 3 58 197 382
1 4 3 58 196 376
1 3 3 58 199
1 7 16 58 186 3 3 58 2
1 4 16 58 186 352
1 5 1 1 58 2 3
1 3 3 58 1
1 3 3 58 58
1 3 58 186 2
1 4 1 3 58 2
1 3 58 2 45
1 3 58 1 196
1 3 3 58 2
1 4 3 58 58 58
1 3 1 3 58
1 3 1 1 58
1 3 3 1 33
1 5 1 58 187 362 484
1 3 58 200 58
1 5 1 2 3 7 7
1 3 3 58 1
1 3 6 58 2
1 3 1 58 58
1 3 14 115 280
1 4 58 64 223 411
1 3 58 201 392
1 3 14 118 283
1 3 1 35 162
1 3 14 118 283
1 5 3 58 2 1 1
1 3 3 58 186
1 4 7 58 186 1
1 5 7 88 248 423 526
1 3 7 93 252
1 6 7 95 254 427 528 599
1 5 7 7 58 1 38
1 3 1 1 3
1 3 16 58 197
1 3 58 186 1
1 4 16 129 296 444
1 5 1 58 1 58 58
1 6 3 58 1 58 186 2
1 8 3 58 186 58 186 58 186 58
1 3 58 58 199
1 7 2 3 58 58 186 2 58
1 5 2 3 58 186 2
1 4 3 58 186 348
1 3 58 186 353
1 3 58 199 383
1 4 3 58 186 353
1 3 6 58 188
1 6 3 58 186 3 71 232
1 4 15 202 394 507
1 5 3 58 186 3 196
1 4 3 58 58 2
1 4 3 58 1 2
1 6 12 110 271 272 435 530
1 8 58 1 58 2 7 58 7 92
1 3 2 3 58
1 11 15 58 186 58 186 58 186 350 471 560 175
1 3 3 58 196
1 5 2 47 104 263 260
1 7 2 58 2 3 58 2 52
1 3 58 58 1
1 5 3 58 187 358 478
1 4 3 58 1 36
1 5 1 58 2 1 36
1 3 58 2 58
1 5 2 52 181 342 466
1 3 16 131 299
1 4 3 196 377 496
1 5 58 186 348 470 559
1 7 14 114 279 438 532 602 639
1 3 3 196 376
1 3 196 377 496
1 3 1 2 42
1 6 1 58 2 58 2 1
1 3 3 58 186
1 6 15 3 196 377 496 581
1 5 3 20 394 509 588
1 10 3 58 2 1 58 186 2 52 180 341
1 9 7 2 189 368 487 575 630 656 665
1 4 2 51 179 340
1 3 2 3 61
1 4 3 58 2 52
1 3 20 394 509
1 3 2 41 167
1 3 1 58 186
1 6 3 58 1 1 1 58
1 3 200 58 188
1 4 3 58 200 58
1 3 3 58 202
1 5 7 52 189 369 488
1 4 3 3 58 7
1 5 7 58 189 369 488
1 7 7 2 3 58 189 369 488
1 4 3 58 1 58
1 7 7 2 3 58 186 58 196
1 8 3 58 7 7 52 189 369 488
1 4 13 348 470 559
1 4 7 90 251 425
1 3 58 58 58
1 3 3 58 199
1 7 15 123 354 473 562 620 649
1 5 25 315 454 547 613
1 3 25 146 315
1 3 58 189 371
1 4 15 121 287 441
1 3 25 147 317
1 3 21 136 305
1 4 5 81 244 421
1 4 1 58 58 208
1 5 7 97 245 422 525
1 6 3 71 354 473 562 620
1 3 7 89 249
1 5 5 82 245 422 525
1 3 58 58 208
1 3 25 315 454
1 4 1 35 164 331
1 3 25 146 315
1 5 7 52 96 255 428
1 10 3 58 186 58 186 58 25 146 315 454
1 3 25 146 315
1 11 3 3 3 58 186 58 25 142 309 447 538
1 9 58 58 25 142 310 449 309 447 538
1 8 22 137 354 142 309 448 540 607
1 9 15 49 176 338 464 555 616 647 663
1 6 3 58 58 204 399 511
1 4 15 309 448 539
1 3 25 148 321
1 4 58 203 397 510
1 3 3 65 225
1 4 3 58 203 396
1 6 3 58 15 126 293 442
1 6 25 148 309 448 539 606
1 4 18 377 496 581
1 5 3 58 58 204 400
1 5 25 146 315 452 544
1 6 15 202 394 508 587 634
1 8 15 58 186 354 473 562 620 650
1 4 64 224 412 519
1 3 3 58 209
1 7 58 1 58 25 315 453 545
1 4 26 150 323 459
1 3 58 196 376
1 3 58 186 351
1 7 25 146 315 452 542 609 644
1 8 27 152 198 110 271 272 435 530
1 6 14 58 25 315 455 550
1 4 26 150 323 458
1 9 15 95 142 309 448 539 605 641 661
1 7 7 2 58 189 370 490 576
1 3 17 132 300
1 9 7 95 142 309 448 539 605 641 661
1 5 58 1 58 208 403
1 4 23 150 323 459
1 4 3 58 199 384
1 7 25 146 315 452 542 609 644
1 3 14 58 204
1 8 15 127 294 448 539 605 642 662
1 4 14 58 208 403
1 6 25 315 452 542 608 643
1 4 58 196 378 497
1 7 25 146 315 452 542 609 644
1 3 3 58 204
1 6 25 146 315 605 642 662
1 11 58 58 186 354 473 562 619 648 605 642 662
1 7 25 146 315 452 542 609 644
1 7 27 152 198 110 272 435 530
1 3 1 64 221
1 7 25 146 315 452 543 610 645
1 4 6 58 147 319
1 6 6 71 354 473 563 621
1 4 3 72 233 415
1 3 25 146 315
1 3 7 89 249
1 4 3 58 147 319
1 7 6 58 25 146 315 454 548
1 3 7 89 249
1 9 3 58 71 354 142 309 371 491 577
1 6 58 25 315 454 546 611
1 7 3 58 25 142 309 448 541
1 4 7 89 249 424
1 8 3 58 186 58 25 146 315 454
1 3 22 139 306
1 3 58 199 386
1 3 25 146 315
1 6 28 29 155 328 462 554
1 4 25 146 315 454
1 3 29 155 328
1 3 28 154 327
1 11 58 186 58 58 186 1 64 354 473 562 620
1 7 3 58 25 143 562 620 650
1 4 7 98 256 429
1 3 3 58 199
1 4 58 25 146 315
1 4 7 96 255 428
1 4 7 96 255 428
1 6 3 58 25 146 315 454
1 3 26 151 324
1 3 25 146 315
1 3 3 58 199
1 5 64 354 473 562 620
1 3 28 154 327
1 6 58 25 315 454 547 612
1 5 3 58 25 147 319
1 4 58 58 186 355
1 4 25 146 315 454
1 7 58 25 143 473 562 620 650
1 4 58 1 58 208
1 4 25 315 455 551
1 5 1 58 25 315 455
1 7 3 58 64 354 143 562 620
1 4 12 309 447 538
1 7 15 121 286 354 473 562 620
1 3 7 89 249
1 4 26 371 491 577
1 7 58 58 199 385 499 583 632
1 5 25 146 315 454 549
1 4 3 58 58 147
1 4 25 142 309 448
1 6 3 58 186 58 147 318
1 3 3 58 147
1 5 3 58 58 199 386
1 3 25 146 315
1 3 7 89 249
1 9 1 58 25 146 315 454 548 614 646
1 3 1 34 161
1 7 1 58 192 473 562 620 651
1 7 64 220 473 562 620 650 664
1 6 58 192 562 620 650 664
1 3 26 26 26
1 4 14 120 285 439
1 3 26 26 26
1 3 26 26 149
1 3 26 26 26
1 3 4 80 243
1 3 26 26 26
1 3 26 26 26
1 3 26 26 26
1 3 26 26 26
1 3 26 26 26
1 3 26 26 26
1 3 26 26 26
1 5 3 58 25 147 319
1 3 3 58 147
1 4 25 286 354 474
1 4 58 201 393 506
1 5 1 58 25 147 319
1 3 26 26 26
1 7 10 102 286 354 474 564 622
1 3 25 145 313
1 3 58 25 147
1 4 10 105 264 433
1 7 1 58 25 146 371 491 577
1 5 58 189 371 491 577
1 5 1 58 25 147 316
1 8 8 121 286 354 474 566 624 652
1 3 1 58 147
1 6 58 186 346 468 558 618
1 6 1 58 25 143 311 450
1 3 8 99 257
1 4 25 147 320 457
1 7 12 109 269 434 474 565 623
1 5 22 138 474 565 623
1 6 12 111 274 436 531 601
1 7 12 102 286 354 474 565 623
1 3 58 25 147
1 3 15 123 290
1 6 15 3 58 147 316 456
1 3 4 80 243
1 7 58 25 121 286 354 474 566
1 6 7 97 121 286 354 474
1 4 7 96 255 428
1 4 1 58 25 147
1 3 7 89 249
1 3 26 149 322
1 3 14 120 285
1 3 15 3 58
1 4 3 58 186 58
1 3 3 58 197
1 7 1 58 58 186 58 2 3
1 3 4 77 240
1 6 15 3 58 186 350 471
1 5 58 58 186 58 196
1 3 11 106 266
1 5 6 58 186 58 186
1 4 58 1 2 3
1 3 3 58 206
1 9 16 58 200 3 103 260 432 529 600
1 5 3 58 186 58 58
1 3 1 58 2
1 4 3 58 188 365
1 11 3 6 58 202 394 507 345 21 62 217 408
1 7 58 187 361 271 272 435 530
1 3 3 58 196
1 5 58 58 186 58 2
1 3 6 58 2
1 5 3 3 58 71 232
1 3 16 58 2
1 3 1 58 2
1 3 58 196 374
1 4 3 58 186 2
1 4 58 202 394 507
1 3 2 3 71
1 4 1 3 58 200
1 4 1 1 196 379
1 3 1 196 379
1 3 377 496 581
1 4 1 58 186 58
1 4 196 379 498 582
1 5 3 58 2 58 58
1 7 58 2 3 58 1 3 58
1 3 187 358 476
1 7 200 387 500 584 88 248 423
1 5 1 58 58 58 186
1 3 3 61 214
1 3 16 58 186
1 3 1 3 58
1 3 4 78 241
1 3 16 58 186
1 4 1 3 58 188
1 3 2 3 66
1 3 16 131 299
1 5 3 58 196 376 494
1 4 200 3 67 227
1 3 3 58 186
1 3 2 46 173
1 3 1 196 376
1 3 196 376 493
1 3 2 1 36
1 4 3 58 58 186
1 9 2 58 58 2 54 183 343 467 557
1 4 2 58 2 1
1 4 2 1 2 1
1 3 3 58 188
1 5 2 3 58 2 45
1 3 2 41 168
1 4 2 1 2 54
1 4 2 1 2 54
1 3 200 389 503
1 5 1 1 1 1 40
1 4 3 58 196 376
1 4 3 58 196 376
1 5 2 3 58 196 376
1 5 3 58 186 58 197
1 4 3 58 197 381
1 3 3 58 197
1 4 3 58 197 381
1 3 3 58 58
1 4 3 58 186 3
1 3 3 58 1
1 3 14 115 280
1 4 3 58 58 186
1 3 58 6 3
1 4 58 186 3 1
1 6 3 3 1 58 1 58
1 5 1 58 186 58 1
1 5 3 58 186 58 186
1 3 58 186 58
1 7 2 3 58 58 2 3 58
1 3 24 140 307
1 5 7 2 189 369 488
1 3 15 122 289
1 6 3 58 210 404 515 591
1 7 1 37 165 332 326 460 552
1 9 64 222 410 518 594 260 432 529 600
1 5 28 153 326 460 552
1 4 12 111 275 437
1 6 10 104 260 432 529 600
1 6 28 153 326 461 553 615
1 5 7 2 189 369 488
1 6 58 210 404 515 592 636
1 7 7 2 52 189 367 486 574
1 3 25 146 314
1 5 64 3 58 15 122
1 6 187 363 485 515 592 636
1 4 3 58 192 473
1 3 27 152 325
1 3 27 152 325
1 3 12 110 273
1 4 3 58 58 1
1 7 7 2 1 58 189 369 488
1 7 7 2 3 58 189 369 488
1 7 2 58 7 3 62 217 408
1 6 7 2 56 253 62 216
1 5 7 2 1 34 160
1 9 3 58 186 58 7 2 189 369 488
1 7 12 110 270 483 272 435 530
1 8 1 3 58 187 361 272 435 530
1 7 58 58 198 110 272 435 530
1 7 3 58 198 110 272 435 530
1 7 2 7 94 253 62 217 408
1 7 3 7 52 189 367 486 574
1 6 7 2 58 189 369 488
1 3 2 3 58
1 4 7 2 189 366
1 5 3 60 213 406 516
1 4 7 2 189 366
1 6 3 58 7 2 58 207
1 5 7 2 1 58 190
1 4 7 2 189 366
1 6 3 7 2 58 189 366
1 5 7 2 189 369 488
1 6 2 58 7 189 369 488
1 7 58 7 2 58 189 369 488
1 8 3 58 7 2 3 58 189 366
1 6 7 2 52 189 369 488
1 3 7 2 53
1 3 21 62 216
1 6 64 35 163 21 62 216
1 7 2 3 58 7 2 52 182
1 7 58 186 58 206 402 513 589
1 8 20 135 303 402 514 590 635 658
1 10 1 58 186 58 206 402 514 590 635 658
1 4 3 58 192 473
1 6 2 7 58 189 369 488
1 6 7 2 58 189 369 488
1 7 58 71 116 281 62 217 408
1 7 16 58 1 2 3 58 186
1 3 3 58 199
1 6 16 128 102 286 440 533
1 3 15 58 188
1 4 3 58 186 58
1 4 58 201 391 505
1 4 3 58 197 381
1 10 58 58 186 58 186 58 1 58 186 58
1 4 3 61 215 407
1 4 58 186 58 196
1 6 3 58 186 58 197 381
1 7 3 58 186 58 2 3 58
1 4 3 69 230 414
1 11 14 58 186 3 58 2 3 58 186 58 2
1 8 1 58 15 125 104 263 260 431
1 4 58 58 186 349
1 7 58 186 58 186 58 58 199
1 4 58 58 6 58
1 6 1 1 58 58 2 3
1 4 58 186 58 58
1 5 6 58 1 58 188
1 5 58 2 3 1 58
1 8 3 58 2 3 58 186 58 2
1 7 58 186 58 2 3 58 2
1 3 3 58 186
1 3 3 58 199
1 4 2 3 58 15
1 3 200 3 58
1 9 2 3 58 186 58 7 189 369 488
1 8 7 2 3 58 189 370 490 576
1 7 7 2 3 58 189 369 488
1 4 2 44 169 333
1 8 2 3 58 7 3 62 217 408
1 4 2 3 58 58
1 10 19 134 302 446 537 604 153 326 460 552
1 5 6 58 205 401 512
1 4 3 58 186 58
1 7 3 58 198 110 272 435 530
1 3 3 58 188
1 3 3 58 1
1 5 2 3 58 192 373
1 6 3 58 186 2 58 186
1 4 21 62 217 408
1 5 187 359 479 567 626
1 6 200 3 58 200 3 58
1 3 3 58 186
1 6 200 58 186 58 186 58
1 4 2 3 58 186
1 5 2 3 58 186 58
1 9 187 357 475 121 286 440 236 359 481
1 4 3 58 196 375
1 6 1 58 64 218 394 508
1 6 1 3 58 186 1 58
1 3 3 58 58
1 3 1 58 186
1 3 1 58 185
1 4 58 186 3 58
1 3 13 113 278
1 3 1 58 197
1 3 15 3 58
1 3 1 33 159
1 3 58 186 344
1 12 58 1 58 2 58 2 6 87 247 420 524 598
1 5 7 52 189 369 488
1 5 1 58 58 186 58
1 3 58 186 1
1 3 58 188 364
1 3 3 58 201
1 3 3 58 188
1 11 58 58 6 58 7 2 42 238 420 524 598
1 3 1 58 186
1 3 11 108 268
1 3 3 58 25
1 5 12 110 272 435 530
1 4 30 156 329 463
1 3 4 76 239
1 5 3 58 6 58 58
1 3 4 79 242
1 4 1 3 58 1
1 4 3 58 196 376
1 5 2 6 58 196 376
1 3 14 117 282
1 3 6 58 197
1 3 58 196 376
1 3 13 112 277
1 4 3 3 58 2
1 3 1 58 200
1 5 2 3 58 186 58
1 8 2 3 58 7 52 189 369 488
1 4 20 394 508 587
1 13 15 3 58 200 3 58 25 144 312 451 432 529 600
1 4 3 1 58 25
1 14 1 58 2 3 58 2 3 58 186 345 21 62 217 408
1 4 3 58 58 25
1 13 3 58 25 141 308 130 121 286 440 361 272 435 530
1 11 3 58 2 3 58 186 58 1 49 176 338
1 11 1 58 186 58 1 58 1 58 58 186 58
1 8 58 7 2 3 58 189 369 488
1 5 58 7 189 369 488
1 5 58 186 354 472 561
1 9 3 58 1 58 186 58 1 49 177
1 3 3 58 25
1 4 15 58 186 354
1 3 58 186 58
1 3 16 129 297
1 3 3 58 25
1 3 3 58 25
1 8 3 68 228 413 520 595 637 659
1 3 3 58 197
1 3 15 58 200
1 3 58 58 206
1 3 16 58 2
1 4 3 58 186 58
1 6 1 58 186 58 58 2
1 3 3 58 58
1 4 58 186 58 2
1 3 13 112 276
1 4 14 58 1 1
1 5 3 58 186 69 230
1 5 16 58 58 2 58
1 4 3 58 58 58
1 3 7 189 366
1 3 3 58 196
1 3 3 58 2
1 3 58 2 46
1 5 7 52 189 369 488
1 5 2 1 58 196 376
1 7 58 2 7 52 189 369 488
1 7 58 2 7 52 189 369 488
1 3 3 58 58
1 5 12 271 272 435 530
1 3 3 58 187
1 14 3 58 186 64 3 58 6 3 58 58 58 58 58 58
1 10 15 58 212 235 236 359 479 567 522 596
1 9 58 64 3 58 186 3 58 58 6
1 7 58 186 3 3 3 3 66
1 4 58 58 58 58
1 8 64 3 58 58 186 3 58 211
1 3 3 58 58
1 14 16 128 295 443 471 560 175 443 471 345 21 62 217 408
1 12 2 1 2 58 2 49 176 338 128 295 443 535
1 17 3 58 58 186 58 1 58 1 3 58 1 1 1 58 186 1 58
1 14 1 58 200 58 200 3 58 194 104 263 260 432 529 600
1 14 3 58 2 3 58 2 1 58 2 7 52 189 369 488
1 13 3 58 2 3 3 58 2 50 178 339 465 556 617
1 14 3 58 187 357 475 130 298 445 536 440 361 272 435 530
1 6 187 361 483 272 435 530
1 12 16 130 298 445 141 308 130 298 445 141 308 130
1 10 16 58 2 49 175 443 471 560 175 443
1 11 3 58 58 186 58 186 58 186 1 58 58
1 8 6 58 186 3 58 1 58 186
1 3 3 58 1
1 4 1 2 3 3
1 5 6 58 58 6 86
1 6 58 186 58 187 358 477
1 4 58 186 3 1
1 5 3 58 186 58 186
1 3 3 58 1
1 16 58 58 58 186 58 186 356 236 359 479 569 418 522 596 638 660
1 9 1 58 186 3 3 3 3 196 375
1 16 3 58 186 64 218 186 3 3 64 218 186 58 186 58 186 348
1 12 1 1 58 186 3 3 3 74 237 419 523 597
1 4 58 200 387 501
1 15 15 3 64 3 58 186 6 58 186 58 186 2 45 170 334
1 8 3 58 186 58 6 3 58 196
1 3 58 2 57
1 11 3 1 64 218 236 359 359 481 571 628 655
1 10 64 3 58 186 3 64 218 394 508 587
1 5 3 3 64 218 186
1 3 196 380 375
1 4 3 58 186 58
1 5 196 380 375 492 578
1 6 3 3 64 3 3 58
1 4 3 3 58 186
1 11 1 3 1 64 3 3 58 186 58 186 64
1 8 3 3 64 3 58 186 58 196
1 7 3 3 58 186 58 186 64
1 10 3 3 69 229 236 359 479 567 625 654
1 10 64 3 58 186 6 3 58 186 58 186
1 4 3 64 3 58
1 8 3 3 3 69 236 418 522 359
1 4 196 375 492 578
1 9 15 3 64 3 58 58 186 6 3
1 3 3 58 186
1 10 3 64 218 186 3 6 3 73 234 416
1 3 58 1 58
1 3 58 190 372
1 3 3 58 190
1 3 18 133 301
1 3 18 133 301
1 3 18 133 301
1 3 18 133 301
1 3 9 101 259
1 4 7 2 52 182
1 9 3 64 218 186 58 186 3 3 3
1 5 7 2 189 369 488
1 6 7 2 58 189 370 489
1 11 3 73 236 418 235 235 235 235 235 417 521
1 4 7 2 55 184
1 13 3 3 64 3 58 58 6 3 3 3 3 6 84
1 8 3 3 64 3 58 186 3 3
1 4 7 2 189 366
1 5 1 3 3 64 218
1 8 2 58 186 345 21 62 217 408
1 11 3 3 64 218 186 3 103 262 432 529 600
1 3 7 2 43
1 14 58 58 186 3 3 64 218 186 3 6 3 3 3 3
1 7 16 236 418 522 359 359 359
1 5 7 2 48 174 337
1 11 73 235 235 236 418 522 359 359 481 572 629
1 7 7 2 52 189 370 490 576
1 12 3 64 3 58 6 3 3 3 3 6 58 186
1 3 16 131 299
1 3 14 119 284
1 10 3 58 186 69 236 359 479 567 625 653
1 12 3 58 58 211 69 235 236 418 235 235 235 235
1 13 15 3 73 235 236 418 522 359 359 359 479 567 627
1 13 3 73 235 236 359 479 567 522 359 359 359 481 573
1 7 64 218 186 3 3 3 68
1 7 1 3 69 235 236 418 235
1 10 3 3 64 218 186 6 3 3 3 3
1 5 3 64 218 186 3
1 10 3 3 3 64 218 186 3 3 3 3
1 3 7 2 43
1 5 7 2 1 39 166
1 3 58 58 64
1 4 6 58 211 405
1 7 10 104 263 260 432 529 600
1 3 3 64 3
1 3 3 58 64
1 3 3 58 188
1 7 64 198 110 271 272 435 530
1 9 73 236 359 359 359 359 359 359 482
1 3 31 157 330
1 8 7 2 3 75 238 420 524 598
1 3 2 7 89
1 13 3 1 64 3 3 58 186 3 6 3 58 186 6
1 3 58 186 344
1 6 1 35 163 21 136 304
1 3 3 3 64
1 5 3 1 196 376 494
1 5 58 186 64 3 3
1 7 15 3 7 2 189 369 488
1 5 3 6 3 64 3
1 5 3 58 6 85 246
1 7 7 2 48 253 62 217 408
1 4 7 2 189 366
1 9 58 186 58 58 186 3 64 3 3
1 5 3 3 58 186 64
1 5 14 58 186 64 3
1 5 1 58 64 3 7
1 4 7 2 189 366
1 10 3 3 58 186 3 64 219 409 517 593
1 6 14 116 281 62 217 408
1 3 3 58 208
1 4 58 186 64 3
1 3 58 202 395
1 7 2 3 58 7 189 369 488
1 4 7 2 3 63
1 6 7 2 3 62 217 408
1 8 3 58 1 3 3 6 3 3
1 6 14 58 1 3 3 64
1 8 15 3 58 6 3 3 64 3
1 6 7 2 189 370 490 576
1 4 58 186 3 64
1 6 7 2 58 189 370 489
1 4 3 3 3 64
1 4 3 6 3 64
1 3 3 6 85
1 4 1 58 1 58
1 7 15 121 286 440 534 603 640
1 5 58 186 3 58 194
1 5 377 495 377 496 581
1 4 3 58 197 382
1 4 58 377 496 581
1 6 3 58 196 376 494 579
1 5 58 15 3 70 231
1 4 2 46 172 336
1 4 3 58 186 345
1 3 1 58 58
1 4 15 58 58 186
1 3 1 32 158
1 5 3 58 196 376 494
1 3 7 7 7
1 7 3 58 196 376 494 580 631
1 5 2 6 58 196 376
1 5 7 95 254 426 527
1 5 3 6 3 3 64
1 4 200 58 58 195
1 3 10 103 261
1 4 7 3 58 197
1 5 2 3 58 196 376
1 5 3 58 196 376 494
1 3 15 124 291
1 4 1 1 1 3
