789 670
1 6 1 38 2 1 3 67
1 5 5 5 38 5 5
1 9 38 5 38 6 95 288 458 550 615
1 6 1 38 38 3 1 3
1 7 5 38 38 7 1 43 222
1 3 1 38 1
1 3 1 38 38
1 3 4 83 275
1 6 1 38 1 38 1 42
1 5 3 1 38 8 38
1 4 3 9 38 8
1 3 8 104 300
1 4 8 107 306 469
1 9 5 38 1 38 1 38 10 65 37
1 4 3 1 38 193
1 6 1 38 3 69 254 438
1 4 1 38 3 8
1 5 1 38 3 8 108
1 6 11 133 326 480 564 621
1 3 38 197 389
1 4 7 1 38 199
1 5 3 9 38 1 14
1 4 5 38 1 38
1 3 1 38 200
1 3 3 5 86
1 5 38 38 5 38 3
1 10 9 38 6 97 290 460 551 616 648 662
1 3 17 38 191
1 3 38 9 38
1 7 2 38 5 1 38 38 200
1 3 1 38 200
1 5 38 2 38 38 3
1 5 5 38 5 38 3
1 5 3 65 38 1 3
1 3 5 38 38
1 6 3 9 38 38 5 3
1 3 1 38 200
1 3 1 38 6
1 4 6 96 289 459
1 3 1 46 229
1 3 12 135 330
1 3 12 136 331
1 4 5 1 38 200
1 4 1 38 38 224
1 4 16 38 38 3
1 4 1 38 9 118
1 4 38 1 38 3
1 3 1 38 38
1 6 2 1 38 197 389 508
1 3 2 60 244
1 3 9 38 3
1 3 2 58 241
1 5 1 37 38 5 3
1 3 4 83 275
1 4 1 38 201 397
1 3 1 38 198
1 4 5 1 38 3
1 4 9 37 38 197
1 4 1 38 198 392
1 4 1 38 1 44
1 4 1 38 197 389
1 3 1 38 200
1 7 17 38 1 37 1 38 3
1 4 17 38 1 49
1 5 5 5 38 3 1
1 3 1 38 5
1 3 1 38 38
1 3 38 1 3
1 4 1 38 38 1
1 4 5 1 38 3
1 3 1 38 3
1 3 38 5 88
1 3 1 38 3
1 3 1 38 3
1 3 1 5 86
1 5 5 38 7 102 298
1 3 38 6 38
1 5 5 3 1 8 107
1 3 1 38 5
1 3 9 38 3
1 3 5 38 38
1 3 5 5 1
1 3 16 144 343
1 4 38 10 129 323
1 3 38 16 149
1 3 38 38 16
1 3 16 149 349
1 3 5 8 105
1 3 224 422 533
1 3 16 149 349
1 5 1 38 3 5 5
1 3 1 38 1
1 4 8 38 1 5
1 5 8 105 302 467 556
1 3 8 38 1
1 3 8 110 308
1 6 8 111 104 301 466 555
1 3 8 105 303
1 5 8 107 305 468 557
1 3 5 5 1
1 3 38 1 5
1 6 1 38 5 38 1 3
1 8 1 38 1 38 1 38 1 38
1 3 38 38 200
1 7 3 1 38 38 1 3 65
1 5 3 1 38 1 3
1 4 1 38 1 44
1 3 1 38 200
1 3 9 38 191
1 5 17 38 1 37 186
1 4 2 61 99 293
1 5 1 38 1 37 189
1 4 16 150 350 487
1 4 1 38 38 3
1 4 1 38 5 3
1 5 1 17 38 1 3
1 4 5 38 38 192
1 6 13 138 336 337 482 565
1 6 5 38 7 1 38 192
1 8 38 5 38 3 8 38 8 109
1 8 1 38 38 8 75 76 268 448
1 3 3 1 38
1 11 2 38 1 38 1 38 1 41 218 418 530
1 7 8 104 300 464 112 309 470
1 5 3 68 252 437 541
1 7 3 65 3 1 38 3 75
1 3 38 38 5
1 3 38 38 200
1 4 5 87 279 454
1 3 38 3 65
1 5 3 75 262 444 544
1 7 3 1 3 65 38 38 203
1 3 2 38 198
1 3 17 157 356
1 5 38 1 44 224 421
1 7 16 145 345 486 566 622 651
1 3 1 44 223
1 3 44 224 421
1 3 5 3 67
1 6 5 38 3 65 3 5
1 3 1 38 1
1 6 2 1 44 224 421 532
1 5 1 25 99 294 462
1 10 1 38 3 5 38 1 3 75 263 445
1 9 8 3 76 270 449 546 613 647 661
1 3 1 38 197
1 4 3 74 261 443
1 7 5 38 3 5 38 3 75
1 3 3 1 40
1 4 1 38 3 75
1 3 25 99 294
1 3 5 38 1
1 6 1 38 5 5 5 38
1 3 6 38 191
1 4 1 38 6 38
1 3 1 38 17
1 5 8 75 76 268 448
1 4 1 37 38 8
1 6 27 381 505 577 627 655
1 7 8 3 1 38 76 268 448
1 6 7 1 38 8 38 7
1 4 1 38 5 38
1 8 1 38 8 107 23 112 309 470
1 4 2 1 38 198
1 4 15 143 342 485
1 4 38 2 58 239
1 3 38 38 38
1 3 1 38 200
1 7 2 59 52 234 428 536 604
1 6 8 3 1 50 232 426
1 5 28 368 208 410 524
1 3 28 172 368
1 4 5 38 38 172
1 5 8 115 313 473 558
1 6 1 50 52 234 428 536
1 3 8 113 311
1 5 24 167 313 473 558
1 3 38 38 172
1 4 5 8 108 307
1 4 23 165 361 493
1 3 28 172 368
1 6 1 38 207 408 520 592
1 4 8 114 312 472
1 10 1 38 1 38 1 38 207 172 368 208
1 3 28 172 368
1 11 1 37 1 38 1 38 207 405 517 586 632
1 9 38 38 207 405 475 560 517 586 632
1 9 2 56 237 432 539 610 569 624 652
1 6 1 38 38 201 398 511
1 4 2 234 428 535
1 4 38 209 413 526
1 3 1 45 228
1 8 10 210 414 527 596 569 624 652
1 4 1 38 209 412
1 6 1 38 2 62 245 434
1 6 28 174 234 428 535 603
1 4 18 224 421 532
1 7 20 162 359 492 569 624 652
1 5 1 38 38 201 399
1 5 28 172 368 495 571
1 3 2 64 247
1 6 2 61 99 291 461 553
1 5 28 172 368 208 411
1 4 10 130 324 478
1 4 29 176 372 502
1 3 38 197 389
1 7 28 172 368 495 570 626 654
1 6 16 38 207 408 521 593
1 4 29 176 372 501
1 4 38 16 38 211
1 9 2 111 405 517 587 633 657 663 666
1 7 8 3 65 76 271 450 547
1 9 38 10 128 111 405 517 587 633 657
1 5 8 116 314 474 559
1 3 16 38 208
1 9 8 111 405 517 587 633 657 663 666
1 3 16 152 352
1 4 22 176 372 502
1 4 1 38 200 394
1 7 28 172 368 495 570 626 654
1 3 16 38 201
1 8 2 63 246 587 633 657 664 667
1 4 16 38 172 367
1 6 28 368 495 570 625 653
1 4 38 197 390 509
1 3 1 38 201
1 7 28 172 368 495 570 626 654
1 8 30 178 199 138 336 337 482 565
1 6 28 172 368 657 664 667
1 11 38 38 1 52 234 428 535 602 657 664 667
1 3 10 128 322
1 7 28 172 368 495 570 626 654
1 3 5 10 127
1 4 9 38 208 411
1 3 28 172 368
1 6 9 50 52 234 429 537
1 4 1 52 235 430
1 4 5 38 208 411
1 3 28 172 368
1 3 8 113 311
1 4 1 38 208 411
1 5 28 172 368 496 572
1 7 9 38 207 172 368 208 411
1 3 8 113 311
1 9 1 38 203 401 513 583 536 605 644
1 6 38 207 408 520 590 635
1 7 1 38 207 405 517 587 634
1 4 8 113 311 471
1 8 1 38 1 38 207 172 368 208
1 3 21 164 360
1 3 38 200 396
1 3 28 172 368
1 6 31 32 181 377 504 576
1 4 28 172 368 208
1 3 32 181 377
1 3 31 180 376
1 7 1 38 207 406 428 536 606
1 7 10 52 234 428 536 605 644
1 3 1 38 200
1 4 38 207 172 368
1 4 8 114 312 472
1 3 28 368 208
1 4 8 114 312 472
1 5 38 207 408 522 594
1 3 29 177 373
1 7 38 206 52 234 428 536 607
1 3 28 172 368
1 3 27 170 365
1 3 1 38 200
1 4 28 368 498 574
1 5 10 52 234 428 536
1 3 31 180 376
1 6 38 207 408 520 592 638
1 5 1 38 207 208 411
1 4 38 38 1 53
1 4 28 172 368 208
1 7 38 207 406 234 428 536 606
1 5 5 38 207 208 410
1 4 38 5 38 172
1 4 28 368 497 573
1 5 5 38 207 408 521
1 4 5 38 172 369
1 4 13 517 586 632
1 7 2 58 239 52 234 428 536
1 3 8 113 311
1 5 8 112 592 637 658
1 4 29 536 605 644
1 7 38 38 200 395 510 582 629
1 4 24 166 362 494
1 7 33 182 378 395 510 582 630
1 4 1 38 38 208
1 4 38 172 368 208
1 9 38 207 408 520 591 636 592 637 658
1 6 1 38 1 38 208 410
1 3 1 38 208
1 5 1 38 38 200 396
1 3 28 172 368
1 3 8 113 311
1 5 38 76 271 452 548
1 3 8 113 311
1 6 10 123 318 475 560 517
1 9 38 5 38 207 172 368 208 409 523
1 8 5 38 207 408 520 592 637 658
1 9 5 38 207 172 368 208 411 525 595
1 3 5 91 284
1 7 5 38 194 234 428 536 608
1 7 10 194 234 428 536 606 645
1 4 16 151 351 488
1 3 29 29 29
1 3 29 29 175
1 3 29 29 29
1 3 4 85 278
1 3 29 29 29
1 3 29 29 29
1 3 29 29 29
1 3 29 29 29
1 3 29 29 29
1 4 29 175 371 500
1 3 29 29 29
1 3 29 29 29
1 5 1 38 207 208 411
1 3 1 38 208
1 4 28 239 52 235
1 3 29 29 29
1 7 11 131 325 479 563 619 649
1 3 28 171 366
1 3 38 207 208
1 4 11 134 329 481
1 7 5 38 207 172 536 605 644
1 5 5 38 207 208 409
1 3 5 93 285
1 8 14 58 239 52 235 431 538 609
1 4 14 140 339 484
1 6 38 1 14 140 339 484
1 6 5 38 207 406 518 588
1 3 14 141 340
1 4 28 173 370 499
1 5 21 163 563 620 650
1 7 13 131 325 479 563 620 650
1 3 2 59 242
1 6 2 1 38 208 409 523
1 3 4 85 278
1 3 38 207 208
1 7 38 207 58 239 52 235 431
1 6 8 115 58 239 52 235
1 4 8 114 312 472
1 4 5 38 207 208
1 3 8 113 311
1 3 29 175 371
1 3 16 151 351
1 3 2 1 38
1 4 1 38 1 38
1 4 9 38 198 392
1 3 4 83 275
1 6 2 1 38 1 41 218
1 5 38 38 1 38 197
1 3 12 136 332
1 7 16 38 38 1 38 205 402
1 3 1 38 205
1 9 17 38 6 1 133 326 480 564 621
1 5 1 38 1 38 38
1 3 5 38 3
1 12 38 3 5 1 38 17 38 8 75 76 268 448
1 4 1 38 191 385
1 11 1 9 38 17 38 3 8 75 76 268 448
1 3 1 38 197
1 5 38 38 1 38 3
1 3 17 38 3
1 3 1 38 38
1 3 5 38 3
1 3 38 197 387
1 4 38 17 38 3
1 3 3 1 50
1 4 5 1 38 6
1 3 5 88 282
1 4 5 38 1 38
1 3 224 421 532
1 4 5 38 1 38
1 4 44 226 424 534
1 10 1 38 5 38 5 5 10 65 249 436
1 7 38 3 1 38 5 1 38
1 3 7 99 292
1 7 6 95 287 457 105 302 467
1 5 5 38 38 38 1
1 3 1 38 1
1 3 1 40 217
1 3 4 82 274
1 3 17 38 1
1 3 17 38 1
1 4 5 1 38 191
1 3 3 1 46
1 3 17 157 356
1 5 1 38 197 389 508
1 4 6 1 41 220
1 3 3 70 256
1 3 5 88 281
1 3 3 72 258
1 3 44 223 420
1 3 3 5 89
1 4 1 38 38 1
1 9 3 65 38 3 78 272 453 549 614
1 4 3 65 3 5
1 3 1 38 191
1 5 3 1 38 3 69
1 3 3 66 251
1 4 3 5 3 78
1 4 3 5 3 78
1 3 6 41 220
1 5 5 5 5 5 92
1 4 1 38 197 389
1 4 1 38 197 389
1 4 1 38 197 389
1 5 3 1 38 197 389
1 5 1 38 1 38 198
1 4 1 38 198 391
1 3 1 38 198
1 4 1 38 198 391
1 3 1 38 38
1 4 1 38 1 37
1 3 1 38 5
1 3 16 144 343
1 4 1 38 38 1
1 6 38 1 38 38 38 191
1 3 38 9 37
1 3 16 38 1
1 4 38 1 37 187
1 3 1 38 5
1 5 5 38 1 38 5
1 5 1 38 1 38 1
1 3 38 1 38
1 7 3 1 38 38 3 1 38
1 3 26 169 364
1 3 2 57 238
1 6 1 38 210 414 527 597
1 7 5 87 280 455 375 503 575
1 9 10 124 319 476 561 326 480 564 621
1 5 31 179 375 503 575
1 4 13 139 338 483
1 6 11 132 326 480 564 621
1 5 8 3 76 268 448
1 6 38 210 414 527 596 639
1 5 13 138 337 482 565
1 7 8 3 75 76 267 447 545
1 4 3 1 38 197
1 5 10 1 38 2 57
1 6 7 103 299 527 596 639
1 3 30 178 374
1 3 30 178 374
1 4 1 38 38 5
1 7 8 3 5 38 76 268 448
1 7 8 3 1 38 76 268 448
1 6 8 3 80 304 112 310
1 8 3 65 248 435 23 112 309 470
1 9 1 38 1 38 8 3 76 268 448
1 7 13 138 335 297 337 482 565
1 8 5 1 38 7 101 337 482 565
1 7 1 38 199 138 337 482 565
1 7 3 8 106 304 112 309 470
1 7 1 8 75 76 267 447 545
1 6 8 3 65 76 268 448
1 3 3 1 38
1 3 8 3 77
1 6 38 8 3 65 76 269
1 4 8 3 76 269
1 4 8 3 75 265
1 5 1 42 221 419 531
1 4 8 3 76 269
1 6 1 38 8 3 65 250
1 5 8 3 5 38 204
1 6 3 8 75 76 268 448
1 4 8 3 76 269
1 6 1 8 3 65 76 269
1 5 8 3 76 268 448
1 7 38 8 3 65 76 268 448
1 8 1 38 8 3 1 38 76 269
1 3 23 112 310
1 3 1 38 5
1 5 8 3 65 76 269
1 6 10 125 320 23 112 310
1 7 38 1 38 205 403 514 584
1 8 25 168 363 403 515 585 631 656
1 10 5 38 1 38 205 403 515 585 631 656
1 4 1 38 194 234
1 5 8 3 5 38 204
1 6 8 3 65 76 268 448
1 7 38 203 146 346 112 309 470
1 4 38 38 38 38
1 7 17 38 5 3 1 38 1
1 3 1 38 200
1 3 2 38 191
1 4 1 38 1 38
1 4 38 16 148 348
1 6 5 38 1 38 3 67
1 4 1 38 198 391
1 10 38 38 1 38 1 38 5 38 1 38
1 4 38 1 38 197
1 6 1 38 1 38 198 391
1 5 17 38 1 47 230
1 7 1 38 1 38 3 1 38
1 4 1 17 38 198
1 7 2 1 38 197 389 508 580
1 11 16 38 1 37 38 3 1 38 1 38 3
1 5 1 38 38 17 38
1 7 38 1 38 1 38 38 200
1 4 38 38 9 38
1 6 5 5 38 38 3 1
1 6 38 1 38 3 69 253
1 4 38 1 38 38
1 5 9 38 5 38 191
1 5 38 3 1 5 38
1 8 1 38 3 1 38 1 38 3
1 7 38 1 38 3 1 38 3
1 3 1 38 1
1 3 1 38 200
1 4 3 1 38 2
1 3 6 1 38
1 9 3 1 38 1 38 8 112 309 470
1 4 3 71 257 440
1 8 3 1 38 8 104 112 309 470
1 4 3 1 38 38
1 10 19 161 358 491 568 623 179 375 503 575
1 5 9 38 202 400 512
1 13 2 1 38 209 412 209 412 209 412 209 412 209 412
1 4 1 38 1 38
1 7 1 38 199 138 337 482 565
1 7 1 38 8 3 76 268 448
1 3 1 38 191
1 3 1 38 5
1 5 3 1 38 194 386
1 6 1 38 1 3 65 37
1 4 23 112 309 470
1 5 7 1 38 1 43
1 6 6 1 38 6 1 38
1 6 38 1 37 38 38 38
1 4 1 38 3 5
1 3 1 38 1
1 6 6 38 1 38 1 38
1 4 3 1 38 1
1 5 3 1 38 1 38
1 9 7 100 296 463 554 618 156 381 188
1 4 1 38 197 388
1 6 5 38 10 65 38 1
1 6 5 1 38 1 5 38
1 3 1 38 38
1 3 5 38 1
1 4 38 7 99 295
1 3 5 38 213
1 3 15 142 341
1 3 5 38 198
1 3 2 1 38
1 3 38 1 40
1 12 38 5 38 3 65 3 9 122 317 166 362 494
1 5 8 75 76 268 448
1 5 5 38 38 1 38
1 5 16 38 1 17 158
1 3 38 191 384
1 3 1 38 16
1 3 1 38 191
1 3 4 83 276
1 11 38 38 9 38 8 3 67 236 166 362 494
1 3 12 137 334
1 3 1 38 207
1 6 30 178 299 527 596 639
1 5 13 138 337 482 565
1 5 1 38 9 38 38
1 3 4 84 277
1 4 17 38 197 389
1 4 5 38 197 389
1 4 2 38 9 38
1 4 5 1 38 5
1 4 1 38 197 389
1 4 5 3 1 38
1 5 3 9 38 197 389
1 3 16 147 347
1 3 9 38 198
1 3 38 197 389
1 3 15 136 333
1 8 1 17 38 1 38 5 1 5
1 3 38 1 38
1 4 1 37 38 3
1 3 1 38 191
1 3 5 38 6
1 4 2 1 38 3
1 3 1 37 38
1 5 3 1 38 1 38
1 4 25 99 291 461
1 13 2 1 38 6 1 38 207 407 519 589 480 564 621
1 4 1 5 38 207
1 14 5 38 3 1 38 3 1 38 1 8 75 76 268 448
1 4 1 38 38 207
1 13 1 38 207 404 516 155 463 554 618 101 337 482 565
1 13 5 38 1 38 1 38 5 38 1 37 38 5 38
1 11 1 38 3 1 38 1 38 5 56 237 432
1 11 5 38 1 38 5 38 5 38 38 1 38
1 8 38 8 3 1 38 76 268 448
1 5 38 8 112 309 470
1 5 38 1 52 233 427
1 3 1 38 207
1 3 16 144 344
1 4 2 38 1 52
1 3 38 1 38
1 3 17 153 353
1 3 1 38 207
1 3 1 38 207
1 8 1 39 215 417 529 600 642 660
1 3 1 38 198
1 3 2 38 6
1 3 38 38 205
1 3 1 38 38
1 4 38 1 38 3
1 3 15 136 332
1 4 38 38 3 5
1 4 16 38 5 5
1 5 17 38 38 3 65
1 4 1 38 38 38
1 7 38 1 38 38 3 75 264
1 3 1 38 6
1 3 2 38 205
1 5 8 75 76 268 448
1 5 3 5 38 197 389
1 7 38 3 8 75 76 268 448
1 7 38 3 8 75 76 268 448
1 4 1 38 38 3
1 3 1 38 38
1 10 2 38 214 153 156 381 505 577 188 382
1 9 5 10 1 37 1 38 1 9 38
1 9 38 10 1 38 1 37 38 38 9
1 4 38 38 38 38
1 5 38 10 1 39 216
1 8 1 10 1 38 1 38 1 38
1 6 5 8 75 76 268 448
1 3 1 38 38
1 14 17 154 354 489 218 418 530 601 643 107 23 112 309 470
1 12 3 5 3 65 3 56 237 432 154 354 489 567
1 17 1 38 38 1 38 5 38 5 1 38 5 5 5 38 1 5 38
1 14 5 38 6 38 6 1 38 195 252 437 541 480 564 621
1 19 5 38 6 1 5 38 6 1 5 38 6 38 6 1 37 38 6 41 218
1 14 1 38 3 1 38 3 5 38 3 8 75 76 268 448
1 13 1 38 3 1 37 38 3 73 260 442 543 612 646
1 6 7 101 297 337 482 565
1 12 17 155 355 490 404 516 155 355 490 404 516 155
1 11 2 58 240 433 540 611 107 23 112 309 470
1 9 5 38 3 1 8 75 76 268 448
1 11 1 38 38 1 38 1 38 1 5 38 38
1 3 1 38 5
1 4 5 3 1 37
1 5 9 38 38 9 119
1 5 38 38 5 1 38
1 3 12 136 333
1 3 16 38 1
1 3 38 1 37
1 4 38 1 37 187
1 4 6 38 200 393
1 3 1 38 5
1 5 3 73 259 441 542
1 16 38 38 38 1 38 1 214 416 528 598 640 659 665 668 669 670
1 6 7 99 291 461 552 617
1 10 1 37 1 10 65 37 1 38 38 3
1 3 38 3 81
1 9 17 156 38 1 37 38 1 38 197
1 3 1 3 65
1 11 1 5 10 65 156 381 381 188 381 505 578
1 4 3 1 38 38
1 10 10 1 38 1 37 10 65 38 1 38
1 5 1 37 10 65 37
1 3 44 227 425
1 10 1 37 1 37 38 214 416 528 599 641
1 4 1 38 1 38
1 15 1 37 10 1 38 10 1 37 38 1 37 1 37 38 1
1 6 1 10 65 38 1 44
1 16 1 17 156 381 381 381 156 381 381 507 579 381 381 188 381 505
1 8 1 37 10 1 38 1 38 197
1 7 1 37 38 1 38 1 10
1 4 1 10 1 38
1 9 2 1 10 1 38 38 1 9 37
1 11 1 37 190 156 381 381 505 577 188 381 505
1 9 1 10 1 37 38 1 38 1 37
1 3 1 38 1
1 3 38 5 38
1 3 1 38 204
1 3 18 160 357
1 3 18 160 357
1 3 18 160 357
1 3 35 183 379
1 4 8 3 75 265
1 9 1 37 10 65 37 1 37 1 37
1 6 8 3 76 271 450 547
1 9 1 10 65 37 38 1 37 1 37
1 5 8 3 76 268 448
1 13 1 37 1 37 1 10 65 37 1 9 37 1 38
1 6 8 3 65 76 271 451
1 4 8 3 79 273
1 13 1 37 10 1 38 38 9 37 1 37 1 9 120
1 4 8 3 76 269
1 4 8 3 76 269
1 5 5 1 37 10 65
1 11 1 37 10 65 37 1 133 327 480 564 621
1 3 8 3 77
1 14 38 38 1 37 1 10 65 37 1 9 37 1 37 1
1 6 8 3 76 271 450 547
1 7 17 156 38 9 37 1 37
1 6 8 3 76 271 450 547
1 9 38 1 17 153 156 38 1 37 1
1 11 34 381 381 156 38 9 37 1 9 117 315
1 7 8 3 75 76 271 450 547
1 12 1 10 1 38 9 37 1 37 1 9 38 1
1 3 17 157 356
1 11 1 10 1 38 1 37 1 37 1 37 185
1 8 1 37 10 65 37 1 37 185
1 13 2 1 55 153 156 38 9 37 1 37 38 1 25
1 13 1 55 153 156 381 505 577 188 381 381 381 188 383
1 16 6 98 156 38 1 9 38 38 1 9 476 561 326 480 564 621
1 7 5 1 17 153 156 38 1
1 10 1 37 10 65 37 188 381 381 381 381
1 5 1 10 65 37 1
1 8 10 65 37 1 37 1 37 1
1 10 1 37 1 10 65 37 1 37 1 37
1 3 8 3 77
1 6 8 3 1 112 309 470
1 4 38 1 10 1
1 5 8 3 5 90 283
1 3 38 38 10
1 4 9 38 212 415
1 3 1 10 1
1 3 1 38 10
1 3 1 38 191
1 7 10 199 138 336 337 482 565
1 11 1 37 1 37 1 10 65 37 1 37 185
1 9 34 156 381 381 381 381 381 381 506
1 4 209 412 209 412
1 14 1 37 1 10 1 37 38 1 37 188 381 381 505 577
1 3 36 184 380
1 8 8 3 1 54 236 166 362 494
1 3 3 8 113
1 13 1 5 10 1 37 38 1 37 188 381 505 577 188
1 9 1 38 38 38 38 9 37 10 1
1 3 1 41 219
1 3 38 1 40
1 6 5 8 3 75 266 446
1 5 1 5 88 281 456
1 5 38 1 10 1 37
1 7 2 1 8 3 76 268 448
1 3 38 197 389
1 7 8 3 72 304 112 309 470
1 5 16 38 1 10 1
1 5 5 8 3 76 269
1 5 5 38 10 1 8
1 4 8 3 76 269
1 10 1 37 38 1 37 10 126 321 477 562
1 6 16 146 346 112 309 470
1 3 1 38 172
1 3 38 17 159
1 4 1 9 121 316
1 7 3 1 38 8 112 309 470
1 4 6 1 10 125
1 4 8 3 1 51
1 6 8 3 1 112 309 470
1 8 1 38 5 1 37 188 381 381
1 6 16 38 5 1 37 10
1 6 8 3 76 271 450 547
1 4 38 1 37 10
1 4 1 37 1 10
1 3 38 1 10
1 4 1 9 37 10
1 4 5 38 5 38
1 5 38 1 37 38 195
1 4 38 224 421 532
1 5 38 2 1 48 231
1 4 3 70 255 439
1 4 1 38 1 8
1 3 1 38 191
1 3 44 225 423
1 4 38 1 38 5
1 3 5 38 38
1 4 2 38 38 1
1 5 1 38 1 38 38
1 3 5 94 286
1 5 1 38 197 389 508
1 7 1 38 197 389 508 581 628
1 5 8 111 104 300 465
1 5 1 9 37 1 10
1 4 6 38 38 196
1 3 11 133 328
1 5 7 1 38 1 38
1 4 8 104 300 465
1 5 3 1 38 197 389
1 5 1 38 197 389 508
1 3 2 60 243
1 4 5 5 5 1
