784 94
1 6 1 26 2 1 3 47
1 3 4 26 3
1 4 4 26 4 33
1 9 26 4 26 5 4 5 5 26 4
1 6 1 26 26 3 1 3
1 4 1 26 48 49
1 3 1 26 1
1 3 1 26 26
1 6 26 1 3 4 26 3
1 6 1 26 1 26 1 48
1 7 1 26 26 1 25 26 26
1 5 3 1 26 6 26
1 5 3 4 26 30 75
1 4 3 7 26 6
1 3 6 1 26
1 4 6 6 34 34
1 9 6 26 1 25 27 1 26 3 8
1 9 4 26 1 26 1 26 27 57 25
1 4 3 1 26 34
1 7 1 6 1 26 1 9 9
1 6 1 26 3 31 6 35
1 5 1 26 3 6 87
1 4 1 26 1 26
1 4 3 1 26 50
1 6 10 10 26 51 69 84
1 3 26 52 70
1 3 1 26 70
1 3 26 52 70
1 4 48 1 26 11
1 5 3 7 26 1 8
1 4 4 26 1 26
1 3 1 26 53
1 3 3 4 47
1 5 26 26 4 26 3
1 10 7 26 5 12 2 26 2 7 2 5
1 3 13 26 47
1 3 26 7 26
1 3 1 26 53
1 5 26 2 26 26 3
1 5 4 26 4 26 3
1 6 3 4 4 4 26 3
1 5 3 26 26 1 3
1 3 4 26 26
1 3 1 26 53
1 3 1 26 5
1 4 5 7 26 5
1 5 4 26 1 3 26
1 3 1 53 70
1 3 70 1 26
1 3 70 26 1
1 4 4 1 26 53
1 4 1 26 7 3
1 5 26 26 26 3 26
1 4 1 26 7 3
1 4 26 1 26 3
1 3 1 26 26
1 6 2 1 26 52 70 85
1 3 2 52 85
1 4 9 54 9 38
1 3 7 26 3
1 3 2 4 53
1 3 47 26 1
1 4 1 26 55 52
1 3 1 26 70
1 3 47 1 26
1 4 4 1 26 3
1 4 7 1 26 52
1 4 1 26 70 85
1 4 1 26 1 52
1 4 1 26 52 70
1 4 13 26 1 14
1 5 4 4 26 3 1
1 4 1 26 26 1
1 4 4 1 26 3
1 3 26 3 31
1 3 1 26 3
1 3 1 26 3
1 3 1 26 3
1 4 1 26 26 26
1 3 4 1 26
1 3 4 4 26
1 3 1 4 47
1 5 4 26 48 12 11
1 3 26 5 26
1 5 4 3 1 6 6
1 3 1 26 4
1 3 7 26 3
1 3 4 26 26
1 3 4 4 1
1 3 12 1 26
1 3 26 12 12
1 3 26 26 12
1 3 12 12 12
1 3 85 55 55
1 3 12 12 12
1 5 1 26 3 4 4
1 3 1 26 1
1 5 6 4 26 1 4
1 3 6 26 1
1 3 6 53 1
1 3 6 4 4
1 5 6 6 26 4 12
1 3 4 4 1
1 3 13 26 70
1 3 26 1 4
1 4 13 1 26 6
1 5 4 26 4 26 26
1 6 1 26 4 26 1 3
1 8 1 26 1 26 1 26 1 26
1 3 26 26 53
1 5 3 1 26 1 3
1 4 1 26 1 52
1 3 26 1 28
1 3 26 53 5
1 3 1 26 53
1 4 1 26 1 28
1 3 7 26 47
1 6 1 26 1 25 32 3
1 5 13 26 1 25 3
1 5 1 26 1 25 52
1 4 12 13 1 3
1 4 1 26 26 3
1 4 1 26 4 3
1 5 1 13 26 1 3
1 4 4 26 26 49
1 6 11 48 66 67 83 91
1 6 4 26 48 1 26 49
1 8 26 4 26 3 6 26 6 52
1 8 1 26 26 6 32 30 58 75
1 3 3 1 26
1 11 2 26 1 26 1 26 1 5 1 4 26
1 3 1 26 52
1 7 6 1 26 6 30 58 75
1 5 3 5 5 1 26
1 7 3 26 3 1 26 3 32
1 3 26 26 4
1 3 26 26 53
1 5 1 26 48 26 47
1 4 1 26 4 53
1 4 4 5 1 5
1 5 4 26 3 4 53
1 3 26 3 26
1 7 3 1 3 26 26 26 32
1 3 2 26 70
1 4 1 52 85 85
1 7 12 3 13 3 26 26 32
1 3 1 52 70
1 3 52 85 85
1 3 4 3 47
1 6 4 26 3 26 3 4
1 3 1 26 1
1 5 1 28 26 28 1
1 10 1 26 3 4 26 1 3 32 4 53
1 9 6 3 30 15 58 59 76 75 87
1 3 1 26 52
1 4 3 36 2 32
1 7 4 26 3 4 26 3 32
1 3 3 1 47
1 3 3 3 32
1 3 5 26 47
1 3 1 26 13
1 5 6 32 30 58 75
1 4 1 25 26 6
1 5 6 26 30 58 75
1 6 16 1 26 1 26 28
1 6 48 1 26 6 26 48
1 4 1 26 4 26
1 7 6 3 1 26 1 26 52
1 4 2 1 26 70
1 4 53 52 85 85
1 4 6 34 52 34
1 4 26 2 4 26
1 3 26 26 26
1 7 2 27 17 42 63 77 87
1 6 6 3 1 32 42 58
1 5 17 63 77 42 77
1 3 17 42 63
1 3 26 30 77
1 4 2 4 27 18
1 3 17 77 87
1 3 32 42 77
1 4 30 87 75 75
1 5 6 17 63 75 87
1 3 6 75 87
1 5 30 42 63 75 87
1 3 17 63 77
1 4 32 27 77 88
1 3 17 42 63
1 5 6 32 15 75 87
1 6 1 26 17 63 77 42
1 4 6 15 75 87
1 10 1 26 1 26 1 26 17 42 63 77
1 3 17 42 63
1 11 1 25 25 26 1 26 17 47 18 91 71
1 9 26 26 17 47 63 77 42 91 71
1 8 66 66 17 47 18 63 77 91
1 9 2 2 1 26 2 26 42 55 85
1 6 1 26 26 55 70 85
1 4 2 18 63 52
1 3 17 43 93
1 4 26 54 18 52
1 3 1 70 85
1 8 27 19 2 17 78 42 55 85
1 4 1 26 54 52
1 6 17 43 18 63 52 93
1 7 36 55 54 52 18 55 85
1 5 1 26 26 55 85
1 5 17 42 63 52 72
1 3 2 43 93
1 6 2 13 26 1 26 53
1 5 17 42 63 77 88
1 8 2 26 1 17 42 63 77 88
1 4 27 63 18 18
1 3 1 26 88
1 7 26 4 26 17 63 55 70
1 4 18 52 86 93
1 3 26 1 55
1 7 17 42 63 52 70 86 93
1 8 19 2 11 48 66 67 83 91
1 4 18 52 86 71
1 4 26 12 26 78
1 9 2 36 47 18 63 52 70 75 87
1 7 6 3 26 30 42 58 75
1 9 26 27 12 36 47 18 63 52 70
1 5 6 54 55 75 87
1 3 54 52 18
1 3 12 26 77
1 9 6 36 47 18 63 52 70 75 87
1 5 26 4 26 42 55
1 3 12 63 70
1 4 67 52 86 93
1 3 12 26 55
1 8 2 17 47 63 52 70 86 93
1 4 12 26 42 55
1 6 17 63 52 70 91 93
1 4 26 52 55 70
1 3 1 26 55
1 7 17 42 63 52 70 86 93
1 8 19 2 11 48 66 67 83 91
1 3 1 26 55
1 6 17 42 63 70 86 93
1 11 26 26 1 17 42 63 52 55 70 86 93
1 3 27 12 55
1 7 17 42 63 52 70 86 93
1 7 19 2 11 48 67 83 91
1 7 17 42 63 52 55 86 71
1 4 7 26 77 88
1 3 17 42 63
1 4 1 17 77 42
1 4 4 26 77 88
1 3 17 42 63
1 3 6 75 87
1 4 1 26 77 88
1 5 17 42 63 75 87
1 9 1 26 32 17 47 18 77 75 87
1 6 26 17 63 77 47 18
1 7 1 26 17 47 18 63 88
1 4 6 75 87 75
1 8 1 26 1 26 17 42 63 77
1 3 66 82 90
1 3 17 42 63
1 6 20 21 82 90 92 84
1 4 17 42 63 77
1 3 21 82 90
1 3 20 44 64
1 11 26 1 26 26 1 4 27 17 42 63 77
1 7 1 26 17 53 63 77 88
1 4 6 42 75 87
1 7 27 17 42 63 77 75 87
1 4 26 17 42 63
1 3 17 63 77
1 6 1 26 17 42 63 77
1 5 26 17 63 79 88
1 3 18 40 61
1 7 26 16 17 42 63 77 61
1 3 16 40 61
1 3 1 26 53
1 4 17 63 44 64
1 5 27 17 42 63 77
1 3 20 44 64
1 5 1 26 17 77 88
1 4 26 26 1 88
1 4 17 42 63 77
1 7 26 17 53 18 63 77 88
1 5 4 26 17 77 42
1 4 26 4 26 42
1 4 17 63 78 42
1 5 4 26 17 63 78
1 4 4 26 42 78
1 7 1 26 27 17 53 63 77
1 4 11 18 91 71
1 5 6 30 42 75 87
1 4 18 77 75 87
1 4 30 59 75 87
1 5 17 42 63 77 89
1 7 22 53 77 42 63 80 89
1 4 17 47 18 63
1 4 26 42 63 77
1 9 26 17 63 77 15 47 18 75 87
1 3 1 26 77
1 3 17 42 63
1 5 26 30 42 63 77
1 3 6 75 87
1 6 27 4 17 63 77 42
1 9 26 4 26 17 42 63 77 75 87
1 8 4 26 17 63 77 42 75 87
1 7 27 31 18 63 77 88 94
1 6 26 31 63 77 88 94
1 3 18 18 18
1 3 18 18 47
1 3 47 18 18
1 3 18 18 18
1 3 18 18 18
1 3 18 18 18
1 3 18 18 18
1 3 18 18 18
1 3 18 18 18
1 4 18 47 18 18
1 3 18 18 18
1 3 18 18 18
1 4 17 26 17 77
1 4 26 12 77 88
1 5 4 26 17 77 88
1 7 10 1 26 17 77 84 92
1 3 17 17 77
1 4 10 39 84 92
1 7 4 26 17 42 77 75 87
1 5 26 30 77 75 87
1 3 4 88 87
1 3 4 26 77
1 4 8 17 37 60
1 6 4 26 17 53 77 88
1 3 8 37 60
1 4 17 77 37 60
1 7 11 26 17 49 77 91 71
1 6 11 67 77 88 91 71
1 3 26 17 77
1 3 2 27 77
1 6 2 1 26 77 75 87
1 3 26 17 77
1 7 26 17 4 26 17 77 88
1 6 6 17 4 26 17 77
1 4 4 26 17 77
1 3 6 75 87
1 3 18 47 18
1 3 12 18 18
1 4 1 26 1 26
1 3 1 26 70
1 4 7 26 70 85
1 7 4 26 26 1 26 3 1
1 3 47 26 1
1 6 2 1 26 1 5 1
1 3 70 26 52
1 5 7 26 1 26 1
1 4 26 4 3 1
1 7 12 26 26 1 26 28 1
1 3 1 26 28
1 5 1 26 1 26 26
1 3 4 26 3
1 12 26 3 4 1 26 13 26 6 32 30 58 75
1 4 1 26 47 52
1 11 1 7 26 13 26 3 6 32 30 58 75
1 7 26 48 11 66 67 83 91
1 3 1 26 52
1 3 7 26 3
1 5 1 25 26 32 3
1 3 1 26 26
1 3 4 26 3
1 3 26 52 4
1 4 1 26 1 3
1 4 26 13 26 3
1 3 3 1 32
1 4 4 1 26 5
1 4 4 4 52 73
1 3 4 52 73
1 4 4 26 1 26
1 3 85 85 85
1 4 4 26 1 26
1 4 52 73 73 73
1 10 1 26 4 26 4 4 27 57 52 52
1 5 1 26 3 26 26
1 7 26 3 1 26 4 1 26
1 3 48 26 26
1 7 5 4 26 27 4 26 1
1 3 1 26 1
1 3 13 26 1
1 3 4 1 26
1 3 13 26 1
1 4 4 1 26 47
1 4 5 1 5 17
1 3 1 26 1
1 3 3 52 70
1 3 4 52 70
1 3 3 12 47
1 9 3 26 26 3 17 34 34 73 73
1 4 3 26 3 4
1 4 3 4 3 4
1 5 3 1 26 3 31
1 3 3 3 17
1 4 3 4 3 17
1 4 3 4 3 17
1 5 4 4 4 4 17
1 4 1 26 52 70
1 4 1 26 52 70
1 4 1 26 52 70
1 5 3 1 26 52 70
1 4 1 26 70 70
1 3 1 26 70
1 3 1 26 4
1 3 12 1 26
1 4 1 26 26 1
1 6 26 1 26 26 26 47
1 3 26 7 1
1 3 12 26 1
1 4 26 1 25 4
1 3 1 26 4
1 6 1 25 4 26 4 26
1 5 4 26 1 26 4
1 5 1 26 1 26 1
1 3 26 1 26
1 7 3 1 26 26 3 1 26
1 3 15 91 91
1 5 6 3 30 58 75
1 3 2 47 70
1 6 1 26 19 2 17 86
1 7 4 5 10 26 82 78 44
1 9 27 5 4 10 2 26 51 69 84
1 4 11 67 90 91
1 6 10 5 26 51 69 84
1 6 20 27 82 90 78 44
1 5 6 3 30 58 75
1 5 11 48 67 83 91
1 7 6 3 32 30 52 58 75
1 4 3 1 26 52
1 3 17 42 70
1 4 1 26 31 18
1 3 11 48 91
1 7 6 3 4 26 30 58 75
1 7 3 26 6 1 30 58 75
1 6 6 3 29 26 30 75
1 5 6 3 4 30 75
1 8 3 26 6 4 32 30 58 75
1 9 1 26 1 26 6 3 30 58 75
1 7 11 48 4 26 67 83 91
1 7 26 26 11 48 67 83 91
1 7 1 26 11 48 67 83 91
1 7 3 6 5 26 30 58 75
1 7 1 6 32 30 52 58 75
1 6 6 3 26 30 58 75
1 3 3 1 26
1 3 6 3 75
1 6 26 6 3 26 30 75
1 4 6 3 30 75
1 4 6 3 32 75
1 5 6 3 4 26 75
1 6 3 6 32 30 58 75
1 4 6 3 30 75
1 6 1 6 3 26 30 75
1 6 3 26 6 30 58 75
1 7 26 6 3 26 30 58 75
1 6 6 3 32 30 58 75
1 3 6 3 58
1 3 32 30 75
1 3 1 26 4
1 5 6 3 26 30 75
1 7 3 1 26 6 3 32 75
1 8 28 1 26 16 41 62 79 40
1 5 6 3 4 26 75
1 6 3 6 26 30 58 75
1 6 6 3 26 30 58 75
1 7 26 32 6 3 30 58 75
1 4 26 26 26 26
1 7 13 26 4 3 1 26 1
1 6 13 3 1 26 26 1
1 3 2 26 47
1 4 1 26 1 26
1 4 26 12 53 70
1 6 4 26 1 26 3 47
1 4 1 26 70 70
1 10 26 26 1 26 1 26 4 26 1 26
1 4 1 47 70 70
1 4 26 1 26 52
1 6 1 26 1 26 70 70
1 5 13 26 1 12 47
1 7 1 26 1 26 3 1 26
1 7 2 1 26 52 70 85 70
1 11 12 26 1 25 26 3 1 26 1 26 3
1 8 4 26 2 12 5 1 26 1
1 4 26 26 1 53
1 5 1 26 26 13 26
1 7 26 1 26 1 26 26 53
1 4 26 26 7 26
1 6 26 1 26 3 31 1
1 4 26 1 26 26
1 5 7 26 4 26 47
1 5 26 3 1 4 26
1 8 1 26 3 1 26 1 26 3
1 3 1 26 1
1 4 3 1 26 2
1 3 5 1 26
1 8 6 3 1 26 30 42 58 75
1 7 6 3 1 26 30 58 75
1 4 3 8 6 6
1 8 3 1 26 6 1 30 58 75
1 4 3 1 26 26
1 10 14 1 26 20 5 1 27 82 78 44
1 13 2 1 26 54 52 54 52 54 52 54 52 54 52
1 4 1 26 1 26
1 7 1 26 11 48 67 83 91
1 7 1 26 6 3 30 58 75
1 3 1 26 4
1 5 3 1 26 31 59
1 6 1 26 1 3 26 1
1 5 48 1 26 1 49
1 6 5 1 26 5 1 26
1 6 26 1 25 26 26 26
1 4 1 26 3 4
1 4 3 1 26 1
1 5 3 1 26 1 26
1 9 48 4 26 4 26 26 27 1 7
1 4 1 26 52 52
1 6 4 26 27 57 26 1
1 3 1 26 26
1 3 4 26 1
1 4 26 48 26 17
1 3 4 26 33
1 4 26 1 25 26
1 3 2 1 26
1 3 4 47 47
1 3 26 1 47
1 5 6 32 30 58 75
1 5 4 26 26 1 26
1 3 26 1 4
1 5 12 26 1 13 12
1 3 26 47 26
1 3 1 26 12
1 3 47 26 47
1 3 4 26 1
1 3 70 52 52
1 6 19 2 27 17 78 86
1 5 11 48 67 83 91
1 4 23 45 65 81
1 3 47 4 26
1 5 1 26 7 26 26
1 3 47 70 70
1 4 13 26 52 70
1 4 4 26 52 70
1 4 2 26 7 26
1 4 4 1 26 4
1 4 4 3 1 26
1 5 3 7 26 52 70
1 3 12 70 70
1 3 26 52 70
1 3 53 26 53
1 8 1 13 26 1 26 4 1 4
1 3 26 1 26
1 4 1 25 26 3
1 3 1 26 47
1 4 2 1 26 3
1 3 1 25 26
1 5 3 1 26 1 26
1 8 3 1 26 6 32 30 58 75
1 4 28 26 1 26
1 13 2 1 26 5 1 26 17 13 26 10 51 69 84
1 4 1 4 26 17
1 4 1 26 26 17
1 13 1 26 17 1 26 48 4 26 26 11 67 83 91
1 13 4 26 1 26 1 26 4 26 1 25 26 4 26
1 11 4 26 1 26 4 26 4 26 26 1 26
1 5 26 6 30 58 75
1 5 26 1 17 4 4
1 9 1 26 4 26 1 26 4 2 7
1 3 1 26 17
1 3 12 1 17
1 3 26 1 26
1 3 1 26 17
1 3 1 26 17
1 8 1 2 1 2 26 26 2 52
1 3 1 26 70
1 3 13 26 3
1 4 1 26 1 26
1 6 4 26 1 26 26 3
1 4 26 1 26 3
1 3 53 26 52
1 4 26 26 3 4
1 4 12 26 4 4
1 5 1 26 1 13 26
1 5 13 26 26 3 26
1 4 1 26 26 26
1 7 26 1 26 26 3 32 58
1 3 6 30 75
1 3 1 26 5
1 3 2 26 28
1 3 1 26 52
1 3 1 26 3
1 3 26 3 52
1 5 6 32 30 58 75
1 5 3 4 26 52 70
1 7 26 3 6 32 30 58 75
1 7 26 3 6 32 30 58 75
1 4 1 26 26 3
1 3 1 26 26
1 5 11 66 67 83 91
1 3 1 26 48
1 14 1 26 1 27 1 26 7 1 26 26 26 26 26 26
1 10 2 26 56 1 27 1 26 1 7 26
1 9 4 27 1 25 25 26 1 7 26
1 7 26 1 25 25 25 25 53
1 4 26 26 26 26
1 5 26 27 1 2 26
1 8 1 27 1 26 1 26 1 26
1 8 27 1 26 26 1 25 26 29
1 6 4 6 32 30 58 75
1 3 1 26 26
1 14 13 3 4 3 1 4 26 3 1 6 32 30 58 75
1 17 1 26 26 1 26 4 26 4 1 26 4 4 4 26 1 4 26
1 19 4 26 5 1 4 26 5 1 4 26 5 26 5 1 25 26 5 5 1
1 13 1 26 3 1 25 26 3 13 3 1 3 3 3
1 14 1 26 48 4 26 48 26 48 13 26 11 67 83 91
1 11 2 4 3 2 26 3 6 32 30 58 75
1 9 4 26 3 1 6 32 30 58 75
1 10 13 26 3 2 26 3 1 4 26 3
1 11 1 26 26 1 26 1 26 1 4 26 26
1 8 7 26 1 25 26 4 26 1
1 3 1 26 4
1 4 4 3 1 25
1 5 7 26 26 7 5
1 5 26 26 4 1 26
1 3 70 26 53
1 3 12 26 1
1 3 26 1 25
1 6 26 1 26 48 26 48
1 4 5 26 53 53
1 5 1 26 1 26 1
1 3 1 26 4
1 5 3 13 26 52 70
1 16 26 26 26 1 26 1 56 27 1 26 29 26 7 26 1 52
1 9 4 26 1 25 25 25 25 52 52
1 6 48 26 1 26 26 74
1 16 1 26 1 27 57 25 25 25 27 57 25 26 1 26 1 52
1 12 4 4 26 1 25 25 25 56 27 57 26 52
1 4 26 5 4 74
1 15 2 1 27 1 26 1 7 26 1 26 1 3 31 1 26
1 10 1 25 25 27 57 25 25 26 26 3
1 8 1 26 1 26 7 1 26 52
1 3 26 3 74
1 9 13 27 57 25 25 26 1 26 52
1 3 1 3 26
1 4 3 1 26 26
1 10 27 1 26 1 25 27 57 26 1 26
1 5 1 25 27 57 25
1 10 1 25 25 25 26 56 27 1 74 52
1 4 1 26 1 26
1 5 52 74 52 52 52
1 6 1 25 27 1 25 26
1 15 1 25 27 1 26 27 1 25 26 1 25 25 25 26 1
1 6 1 27 57 26 1 52
1 4 1 25 26 1
1 16 1 13 27 1 25 25 27 1 25 29 26 1 25 7 1 26
1 11 4 1 4 27 1 25 26 1 26 1 27
1 8 1 25 27 1 26 1 26 52
1 10 1 25 13 4 27 1 26 1 25 52
1 10 27 1 26 1 7 1 26 1 26 1
1 4 1 27 1 26
1 8 1 25 25 13 27 57 7 1
1 4 52 52 52 52
1 11 1 25 13 27 1 25 26 1 7 1 26
1 9 1 27 1 25 26 1 26 1 25
1 3 1 26 1
1 10 1 27 57 25 25 7 1 29 26 1
1 3 26 75 6
1 3 1 26 75
1 3 55 55 85
1 3 55 55 85
1 3 55 55 85
1 4 6 3 32 75
1 9 1 25 27 57 25 25 25 25 25
1 6 6 3 30 42 58 75
1 9 1 27 57 25 26 1 25 25 25
1 5 6 3 30 58 75
1 13 1 25 25 25 25 27 57 25 25 7 1 25 26
1 11 1 29 27 57 25 25 25 25 25 17 42
1 13 1 25 27 1 26 26 7 1 25 25 25 7 48
1 4 6 3 30 75
1 8 1 25 27 1 26 1 25 25
1 4 6 3 30 75
1 8 3 26 1 6 32 30 58 75
1 3 6 3 75
1 14 26 26 1 25 25 27 57 25 25 7 1 25 25 25
1 6 6 3 30 42 58 75
1 7 13 27 57 7 1 25 25
1 6 6 3 30 42 58 75
1 9 26 1 13 1 27 57 25 25 25
1 5 6 3 12 30 75
1 11 29 1 25 27 57 7 1 25 7 2 47
1 7 6 3 32 30 42 58 75
1 12 1 27 1 26 7 1 25 25 25 7 26 1
1 3 13 52 70
1 3 12 55 85
1 11 1 27 1 26 1 25 25 25 25 25 2
1 10 1 26 1 13 27 1 26 1 25 25
1 12 1 26 26 29 13 1 27 57 25 25 25 25
1 8 1 25 27 57 25 25 25 2
1 13 2 1 29 1 27 57 7 1 25 25 26 1 28
1 13 1 29 1 27 1 26 1 7 1 25 25 7 28
1 7 27 57 25 25 25 25 2
1 16 5 29 27 57 25 7 26 26 1 7 10 2 26 51 69 84
1 7 4 1 13 1 27 57 25
1 10 1 25 27 57 25 7 1 25 25 25
1 5 1 27 57 25 25
1 8 27 57 25 25 25 25 25 25
1 10 1 25 25 27 57 25 25 25 25 25
1 3 6 3 75
1 6 6 3 1 30 58 75
1 4 26 1 27 1
1 3 26 26 27
1 4 7 26 29 27
1 7 10 5 1 26 51 69 84
1 3 1 27 1
1 3 1 26 47
1 7 27 11 48 66 67 83 91
1 11 1 25 25 25 25 27 57 25 25 25 2
1 9 29 27 1 25 25 25 25 25 2
1 4 54 52 54 52
1 14 1 25 25 27 1 25 26 1 25 7 1 25 26 1
1 3 24 46 46
1 13 1 4 27 1 25 26 1 25 7 1 26 1 7
1 9 1 26 26 26 26 7 1 27 1
1 3 1 5 26
1 3 26 1 47
1 6 4 6 3 32 42 58
1 3 1 25 27
1 5 1 4 52 70 85
1 5 26 1 27 1 25
1 7 2 1 6 3 30 58 75
1 5 1 7 1 27 1
1 5 1 26 7 27 1
1 3 26 52 70
1 7 6 3 12 26 30 58 75
1 4 6 3 30 75
1 9 26 1 26 26 1 25 27 1 25
1 5 1 25 26 1 27
1 5 12 26 1 27 1
1 5 4 6 3 30 75
1 10 1 25 26 1 25 27 7 27 1 11
1 6 12 6 3 30 58 75
1 3 1 26 42
1 4 26 1 27 1
1 3 26 13 18
1 4 1 7 27 4
1 7 3 1 26 6 30 58 75
1 4 5 1 27 6
1 4 6 3 1 75
1 6 6 3 1 30 58 75
1 8 2 1 26 7 1 25 27 1
1 6 6 3 30 42 58 75
1 6 6 3 26 30 42 75
1 4 1 25 25 27
1 3 26 1 27
1 3 1 7 27
1 7 2 4 26 26 13 48 68
1 5 85 70 85 85 85
1 4 1 26 70 85
1 4 26 85 85 85
1 6 1 26 52 70 85 70
1 5 26 2 1 85 85
1 4 1 26 1 6
1 3 1 26 47
1 3 52 71 1
1 4 26 1 26 4
1 3 4 26 26
1 5 1 26 1 26 26
1 3 4 33 4
1 5 1 26 52 70 85
1 3 6 6 6
1 5 3 7 26 52 70
1 5 6 36 1 26 70
1 4 5 26 26 84
1 3 10 10 10
1 5 48 1 26 1 26
1 4 6 1 26 70
1 5 3 1 26 52 70
1 3 2 52 70
1 4 4 4 4 1
