771 95
1 3 1 25 2
1 4 1 25 1 23
1 5 1 1 25 1 1
1 6 3 25 25 2 3 2
1 7 1 25 25 46 45 69 47
1 4 3 25 46 69
1 3 47 25 45
1 6 25 45 2 1 25 2
1 7 3 25 25 45 3 25 25
1 5 2 1 25 48 84
1 4 2 4 25 5
1 3 5 3 25
1 4 5 5 29 29
1 9 5 25 45 3 26 3 25 2 6
1 9 1 25 45 25 45 25 26 58 3
1 4 2 3 25 29
1 7 3 5 3 25 45 7 7
1 6 3 25 2 49 5 30
1 4 3 25 2 5
1 5 3 25 2 5 91
1 4 3 25 45 25
1 4 2 3 25 50
1 6 8 8 25 51 73 86
1 3 25 52 74
1 3 3 25 74
1 3 25 52 74
1 4 46 45 25 9
1 5 2 4 25 45 6
1 3 3 25 53
1 10 4 25 54 10 11 25 11 4 11 54
1 3 12 25 47
1 3 25 4 25
1 7 11 25 1 3 25 25 53
1 3 3 25 53
1 5 25 11 25 25 2
1 5 1 25 1 25 2
1 6 2 1 1 1 25 2
1 6 2 4 25 25 1 2
1 3 3 25 53
1 3 3 25 54
1 4 54 4 25 54
1 5 1 25 45 2 25
1 3 3 53 74
1 3 74 3 25
1 3 74 25 45
1 4 3 25 25 87
1 4 10 25 25 2
1 5 25 25 25 2 25
1 4 3 25 4 2
1 4 25 45 25 2
1 3 3 25 25
1 3 11 52 87
1 4 7 55 7 34
1 3 11 1 53
1 5 3 3 25 1 2
1 4 3 25 13 52
1 3 47 3 25
1 4 3 25 74 87
1 4 3 25 52 74
1 3 3 25 53
1 7 12 25 45 3 3 25 2
1 4 12 25 45 14
1 5 1 1 25 2 3
1 3 3 25 1
1 3 3 25 25
1 3 25 45 2
1 4 1 3 25 2
1 3 25 2 49
1 3 25 1 52
1 3 3 25 2
1 4 3 25 25 25
1 3 1 3 25
1 3 1 1 25
1 3 3 1 47
1 5 1 25 46 10 9
1 3 25 54 25
1 5 1 2 3 5 5
1 3 3 25 1
1 3 4 25 2
1 3 1 25 25
1 3 10 3 25
1 4 25 26 13 87
1 3 25 10 10
1 3 10 10 10
1 3 1 5 1
1 3 10 10 10
1 5 3 25 2 1 1
1 3 3 25 45
1 4 5 25 45 1
1 5 5 1 25 45 1
1 3 5 53 3
1 6 5 31 3 11 47 74
1 5 5 5 25 1 10
1 3 1 1 3
1 3 12 25 74
1 3 25 45 1
1 4 12 3 25 5
1 5 1 25 1 25 25
1 6 3 25 1 25 45 2
1 8 3 25 45 25 45 25 45 25
1 3 25 25 53
1 7 2 3 25 25 45 2 25
1 5 2 3 25 45 2
1 4 3 25 45 52
1 3 25 45 56
1 3 25 53 54
1 4 3 25 45 56
1 3 4 25 47
1 6 3 25 45 3 24 2
1 4 11 12 25 2
1 5 3 25 45 3 52
1 4 3 25 25 2
1 4 3 25 1 2
1 6 9 46 15 36 62 79
1 8 25 1 25 2 5 25 5 52
1 3 2 3 25
1 11 11 25 45 25 45 25 45 54 3 1 25
1 3 3 25 52
1 5 2 54 54 3 25
1 7 2 25 2 3 25 2 24
1 3 25 25 1
1 5 3 25 46 25 47
1 4 3 25 1 53
1 5 1 25 2 1 53
1 3 25 2 25
1 5 2 24 3 2 24
1 3 12 52 74
1 4 3 52 87 87
1 5 25 45 52 87 87
1 7 10 2 12 2 25 25 24
1 3 3 52 74
1 3 52 87 87
1 3 1 2 47
1 6 1 25 2 25 2 1
1 3 3 25 45
1 6 11 3 52 87 87 87
1 5 3 56 25 56 3
1 10 3 25 2 1 25 45 2 24 1 53
1 9 5 2 48 32 71 72 85 84 91
1 4 2 31 11 24
1 3 2 3 47
1 4 3 25 2 24
1 3 56 25 56
1 3 2 2 24
1 3 1 25 45
1 6 3 25 1 1 1 25
1 3 54 25 47
1 4 3 25 54 25
1 3 3 25 12
1 5 5 24 48 71 84
1 4 3 3 25 5
1 5 5 25 48 71 84
1 7 5 2 3 25 48 71 84
1 4 3 25 1 25
1 7 5 2 3 25 45 25 52
1 8 3 25 5 5 24 48 71 84
1 4 53 52 87 87
1 4 5 29 52 29
1 3 25 25 25
1 3 3 25 53
1 7 11 26 16 38 63 39 91
1 5 16 63 39 17 39
1 3 16 38 63
1 3 25 48 39
1 4 11 1 26 17
1 3 16 39 91
1 3 24 17 39
1 4 48 91 84 84
1 4 1 25 25 17
1 5 5 16 63 84 91
1 6 3 24 16 38 63 39
1 3 5 84 91
1 5 48 17 63 84 91
1 3 25 25 17
1 3 16 63 39
1 4 1 5 91 84
1 3 16 38 63
1 5 5 24 32 84 91
1 10 3 25 45 25 45 25 16 38 63 39
1 3 16 38 63
1 11 3 3 3 25 45 25 16 47 17 79 90
1 9 25 25 16 47 63 39 17 79 90
1 8 15 15 16 47 17 63 39 79
1 9 11 11 3 25 11 25 17 13 87
1 6 3 25 25 13 74 87
1 4 11 17 63 52
1 3 16 40 93
1 4 25 55 17 52
1 3 3 74 87
1 4 3 25 55 52
1 6 3 25 11 13 37 87
1 6 16 40 17 63 52 93
1 4 13 87 87 87
1 5 3 25 25 13 87
1 5 16 38 63 52 37
1 6 11 12 25 45 25 53
1 8 11 25 45 16 38 63 39 64
1 4 26 63 17 17
1 3 3 25 64
1 7 25 1 25 16 63 13 74
1 4 17 52 88 93
1 3 25 52 74
1 3 25 45 13
1 7 16 38 63 52 74 88 93
1 8 18 11 9 46 15 36 62 79
1 6 10 25 16 63 80 74
1 4 17 52 88 90
1 9 11 31 47 17 63 52 74 84 91
1 7 5 2 25 48 17 71 84
1 3 55 52 17
1 9 5 31 47 17 63 52 74 84 91
1 5 25 1 25 17 13
1 4 36 52 88 93
1 4 3 25 53 13
1 7 16 38 63 52 74 88 93
1 3 10 25 13
1 8 11 16 47 63 52 74 88 93
1 4 10 25 17 13
1 6 16 63 52 74 79 93
1 4 25 52 13 74
1 7 16 38 63 52 74 88 93
1 3 3 25 13
1 6 16 38 63 74 88 93
1 11 25 25 45 16 38 63 52 13 74 88 93
1 7 16 38 63 52 74 88 93
1 7 18 11 9 46 36 62 79
1 3 1 26 74
1 7 16 38 63 52 13 88 90
1 4 4 25 39 64
1 6 4 24 16 38 39 91
1 4 3 16 39 17
1 3 16 38 63
1 3 5 84 91
1 4 3 25 39 64
1 7 4 25 16 38 63 39 64
1 3 5 84 91
1 9 3 25 24 16 47 17 39 84 91
1 6 25 16 63 39 47 17
1 7 3 25 16 47 17 63 64
1 4 5 84 91 84
1 8 3 25 45 25 16 38 63 39
1 3 15 59 78
1 3 25 53 39
1 3 16 38 63
1 6 19 20 59 78 92 86
1 4 16 38 63 39
1 3 20 59 78
1 3 19 42 67
1 11 25 45 25 25 45 1 26 16 38 63 39
1 7 3 25 16 53 63 39 64
1 4 5 17 84 91
1 3 3 25 53
1 4 25 16 38 63
1 4 5 32 84 91
1 4 5 32 84 91
1 6 3 25 16 38 63 39
1 3 17 41 66
1 3 16 38 63
1 3 3 25 53
1 5 26 16 38 63 39
1 3 19 42 67
1 6 25 16 63 39 17 17
1 5 3 25 16 39 64
1 4 25 25 45 64
1 4 16 38 63 39
1 7 25 16 53 17 63 39 64
1 4 25 1 25 17
1 4 16 63 80 17
1 5 1 25 16 63 80
1 7 3 25 26 16 53 63 39
1 4 9 17 79 90
1 7 11 1 25 16 38 63 39
1 3 5 84 91
1 4 17 39 84 91
1 7 25 25 53 17 63 81 30
1 5 16 38 63 39 65
1 4 3 25 25 39
1 4 16 47 17 63
1 6 3 25 45 25 39 17
1 3 3 25 39
1 5 3 25 25 53 39
1 3 16 38 63
1 3 5 84 91
1 9 1 25 16 38 63 39 64 84 91
1 3 1 48 39
1 7 1 25 49 38 63 39 82
1 7 26 49 38 63 39 64 82
1 6 25 49 63 39 64 82
1 3 17 17 17
1 4 10 17 17 17
1 3 17 17 17
1 3 17 17 47
1 3 17 17 17
1 3 47 17 17
1 3 17 17 17
1 3 17 17 17
1 3 17 17 17
1 3 17 17 17
1 3 17 17 17
1 3 17 17 17
1 3 17 17 17
1 5 3 25 16 39 64
1 3 3 25 39
1 4 16 25 16 39
1 4 25 10 39 64
1 5 1 25 16 39 64
1 3 17 17 17
1 7 8 3 25 16 39 86 92
1 3 16 16 39
1 3 25 16 39
1 4 8 35 86 92
1 7 1 25 16 38 39 84 91
1 5 25 48 39 84 91
1 5 1 25 16 39 84
1 8 6 1 25 16 39 64 33 61
1 3 1 25 39
1 6 25 45 6 16 33 61
1 6 1 25 16 53 39 64
1 3 6 33 61
1 4 16 39 33 61
1 7 9 25 16 69 39 79 90
1 5 15 36 39 79 90
1 6 9 36 39 64 79 90
1 7 9 3 25 16 39 79 90
1 3 25 16 39
1 3 11 26 39
1 6 11 3 25 39 84 91
1 3 47 17 17
1 7 25 16 1 25 16 39 64
1 6 5 16 1 25 16 39
1 4 5 32 84 91
1 4 1 25 16 39
1 3 5 84 91
1 3 17 47 17
1 3 10 17 17
1 3 11 3 25
1 4 3 25 45 25
1 3 3 25 74
1 7 1 25 25 45 25 2 3
1 3 47 25 45
1 6 11 3 25 45 54 3
1 5 25 25 45 25 52
1 3 74 25 52
1 5 4 25 45 25 45
1 4 25 1 2 3
1 3 3 25 56
1 9 12 25 54 3 8 25 51 73 86
1 5 3 25 45 25 25
1 3 1 25 2
1 4 3 25 47 52
1 11 3 4 25 12 25 2 5 24 48 71 84
1 7 25 46 9 15 36 62 79
1 3 3 25 52
1 5 25 25 45 25 2
1 3 4 25 2
1 5 3 3 25 24 2
1 3 12 25 2
1 3 1 25 2
1 3 25 52 1
1 4 3 25 45 2
1 4 25 12 25 2
1 3 2 3 24
1 4 1 3 25 54
1 4 1 1 52 75
1 3 1 52 75
1 3 87 87 87
1 4 1 25 45 25
1 4 52 75 75 75
1 5 3 25 2 25 25
1 7 25 2 3 25 1 3 25
1 3 46 25 25
1 7 54 1 25 26 1 25 45
1 5 1 25 25 25 45
1 3 3 47 25
1 3 12 25 45
1 3 1 3 25
1 3 47 3 25
1 3 12 25 45
1 4 1 3 25 47
1 3 2 3 53
1 3 12 52 74
1 5 3 25 52 74 87
1 4 54 3 54 16
1 3 3 25 45
1 3 2 52 74
1 3 1 52 74
1 3 52 74 74
1 3 2 1 53
1 4 3 25 25 45
1 9 2 25 25 2 16 29 29 75 75
1 4 2 25 2 1
1 4 2 1 2 1
1 3 3 25 47
1 5 2 3 25 2 49
1 3 2 2 16
1 4 2 1 2 16
1 4 2 1 2 16
1 3 54 54 16
1 5 1 1 1 1 16
1 4 3 25 52 74
1 4 3 25 52 74
1 5 2 3 25 52 74
1 5 3 25 45 25 74
1 4 3 25 74 74
1 3 3 25 74
1 4 3 25 74 74
1 3 3 25 25
1 4 3 25 45 3
1 3 3 25 1
1 3 10 3 25
1 4 3 25 25 45
1 3 25 4 3
1 4 25 45 3 1
1 6 3 3 1 25 1 25
1 5 1 25 45 25 1
1 5 3 25 45 25 45
1 3 25 45 25
1 7 2 3 25 25 2 3 25
1 3 32 79 79
1 5 5 2 48 71 84
1 3 11 47 74
1 6 3 25 18 11 16 88
1 7 1 54 8 25 59 80 42
1 9 26 54 1 8 11 25 51 73 86
1 5 19 26 59 80 42
1 4 9 36 78 79
1 6 8 54 25 51 73 86
1 6 19 26 59 78 80 42
1 5 5 2 48 71 84
1 6 25 18 11 16 80 88
1 7 5 2 24 48 52 71 84
1 3 16 38 74
1 5 26 3 25 11 47
1 6 46 18 26 16 80 88
1 4 3 25 49 38
1 3 18 11 88
1 3 18 11 88
1 3 9 46 79
1 4 3 25 25 1
1 7 5 2 1 25 48 71 84
1 7 5 2 3 25 48 71 84
1 7 2 25 5 3 48 71 84
1 6 5 2 27 25 48 84
1 5 5 2 1 48 84
1 9 3 25 45 25 5 2 48 71 84
1 7 9 46 1 25 36 62 79
1 8 1 3 25 46 9 36 62 79
1 7 25 25 9 46 36 62 79
1 7 3 25 9 46 36 62 79
1 7 2 5 54 25 48 71 84
1 7 3 5 24 48 52 71 84
1 6 5 2 25 48 71 84
1 3 2 3 25
1 4 5 2 48 84
1 5 3 46 9 62 79
1 4 5 2 48 84
1 6 3 25 5 2 25 71
1 5 5 2 1 25 84
1 4 5 2 48 84
1 6 3 5 2 25 48 84
1 5 5 2 48 71 84
1 6 2 25 5 48 71 84
1 7 25 5 2 25 48 71 84
1 8 3 25 5 2 3 25 48 84
1 6 5 2 24 48 71 84
1 3 5 2 71
1 3 24 48 84
1 6 26 5 2 24 48 84
1 7 2 3 25 5 2 24 84
1 7 25 45 25 56 77 94 41
1 8 56 3 25 77 89 94 95 41
1 10 1 25 45 25 56 77 89 94 95 41
1 4 3 25 49 38
1 6 2 5 25 48 71 84
1 6 5 2 25 48 71 84
1 7 25 24 5 2 48 71 84
1 7 12 25 1 2 3 25 45
1 3 3 25 53
1 6 12 2 3 25 25 45
1 3 11 25 47
1 4 3 25 45 25
1 4 25 10 53 74
1 4 3 25 74 74
1 10 25 25 45 25 45 25 1 25 45 25
1 4 3 47 74 74
1 4 25 45 25 52
1 6 3 25 45 25 74 74
1 7 3 25 45 25 2 3 25
1 4 3 12 25 74
1 11 10 25 45 3 25 2 3 25 45 25 2
1 8 1 25 11 10 54 3 25 45
1 4 25 25 45 53
1 7 25 45 25 45 25 25 53
1 4 25 25 4 25
1 6 1 1 25 25 2 3
1 4 25 45 25 25
1 5 4 25 1 25 47
1 5 25 2 3 1 25
1 8 3 25 2 3 25 45 25 2
1 7 25 45 25 2 3 25 2
1 3 3 25 45
1 3 3 25 53
1 4 2 3 25 11
1 3 54 3 25
1 9 2 3 25 45 25 5 48 71 84
1 8 5 2 3 25 48 17 71 84
1 7 5 2 3 25 48 71 84
1 4 2 6 5 5
1 8 2 3 25 5 3 48 71 84
1 4 2 3 25 25
1 10 14 3 25 19 54 3 26 59 80 42
1 5 4 25 14 19 18
1 4 3 25 45 25
1 7 3 25 9 46 36 62 79
1 3 3 25 47
1 3 3 25 1
1 5 2 3 25 49 72
1 6 3 25 45 2 25 45
1 4 24 48 71 84
1 5 46 45 25 45 69
1 6 54 3 25 54 3 25
1 3 3 25 45
1 6 54 25 45 25 45 25
1 4 2 3 25 45
1 5 2 3 25 45 25
1 9 46 1 25 1 25 25 26 3 4
1 4 3 25 52 52
1 6 1 25 26 58 25 45
1 6 1 3 25 45 1 25
1 3 3 25 25
1 3 1 25 45
1 3 1 25 23
1 4 25 45 3 25
1 3 53 3 25
1 3 1 25 74
1 3 11 3 25
1 3 1 47 47
1 3 25 45 47
1 12 25 1 25 2 25 2 4 60 29 72 84 91
1 5 5 24 48 71 84
1 5 1 25 25 45 25
1 3 25 45 1
1 3 25 47 25
1 3 3 25 10
1 3 3 25 47
1 11 25 25 4 25 5 2 47 60 72 84 91
1 3 1 25 45
1 3 74 52 52
1 3 3 25 16
1 5 9 46 36 62 79
1 4 21 43 68 83
1 3 47 1 25
1 5 3 25 4 25 25
1 3 47 74 74
1 4 1 3 25 1
1 4 3 25 52 74
1 5 2 4 25 52 74
1 3 10 74 74
1 3 4 25 74
1 3 25 52 74
1 3 53 25 53
1 4 3 3 25 2
1 3 1 25 54
1 5 2 3 25 45 25
1 8 2 3 25 5 24 48 71 84
1 4 56 25 45 25
1 13 11 3 25 54 3 25 16 12 25 8 51 73 86
1 4 3 1 25 16
1 14 1 25 2 3 25 2 3 25 45 5 24 48 71 84
1 4 3 25 25 16
1 13 3 25 16 3 25 46 1 25 25 9 36 62 79
1 11 3 25 2 3 25 45 25 1 11 3 25
1 11 1 25 45 25 1 25 1 25 25 45 25
1 8 25 5 2 3 25 48 71 84
1 5 25 5 48 71 84
1 5 25 45 16 1 1
1 9 3 25 1 25 45 25 1 11 4
1 3 3 25 16
1 4 11 25 45 16
1 3 25 45 25
1 3 12 3 16
1 3 3 25 16
1 3 3 25 16
1 8 3 11 3 11 25 25 11 52
1 3 3 25 74
1 3 11 25 54
1 3 25 25 56
1 3 12 25 2
1 4 3 25 45 25
1 6 1 25 45 25 25 2
1 3 3 25 25
1 4 25 45 25 2
1 3 53 25 52
1 4 10 25 1 1
1 5 3 25 45 12 25
1 5 12 25 25 2 25
1 4 3 25 25 25
1 3 5 48 84
1 3 3 25 52
1 3 3 25 2
1 3 25 2 52
1 5 5 24 48 71 84
1 5 2 1 25 52 74
1 7 25 2 5 24 48 71 84
1 7 25 2 5 24 48 71 84
1 3 3 25 25
1 5 9 15 36 62 79
1 3 3 25 46
1 14 3 25 45 26 3 25 4 3 25 25 25 25 25 25
1 10 11 25 57 3 26 3 25 45 4 25
1 9 25 26 3 25 45 3 25 25 4
1 7 25 45 3 3 3 3 53
1 4 25 25 25 25
1 8 26 3 25 25 45 3 25 27
1 3 3 25 25
1 14 12 2 1 2 3 1 25 2 3 5 24 48 71 84
1 12 2 1 2 25 2 11 3 25 2 1 2 2
1 17 3 25 25 45 25 1 25 1 3 25 1 1 1 25 45 1 25
1 14 1 25 54 25 54 3 25 8 54 3 25 51 73 86
1 14 3 25 2 3 25 2 1 25 2 5 24 48 71 84
1 13 3 25 2 3 3 25 2 12 2 3 2 2 2
1 14 3 25 46 1 25 46 25 46 12 25 9 36 62 79
1 6 46 9 25 36 62 79
1 12 12 46 25 46 45 25 46 25 46 45 25 46
1 10 12 25 2 11 25 2 3 1 25 2
1 11 3 25 25 45 25 45 25 45 1 25 25
1 8 4 25 45 3 25 1 25 45
1 3 3 25 1
1 4 1 2 3 3
1 5 4 25 25 4 54
1 6 25 45 25 46 25 46
1 4 25 45 3 1
1 5 3 25 45 25 45
1 3 3 25 1
1 16 25 25 25 45 25 45 57 26 3 25 27 25 4 25 45 52
1 9 1 25 45 3 3 3 3 52 52
1 16 3 25 45 26 58 3 3 3 26 58 3 25 45 25 45 52
1 12 1 1 25 45 3 3 3 57 26 58 25 52
1 4 25 54 1 76
1 15 11 3 26 3 25 45 4 25 45 25 45 2 49 3 25
1 8 3 25 45 25 4 3 25 52
1 3 25 2 76
1 11 3 1 26 58 26 3 3 4 3 25 52
1 10 26 3 25 45 3 26 58 25 45 25
1 5 3 3 26 58 3
1 3 52 76 52
1 4 3 25 45 25
1 5 52 76 52 52 52
1 6 3 3 26 3 3 25
1 4 3 3 25 45
1 11 1 3 1 26 3 3 25 45 25 45 26
1 8 3 3 26 3 25 45 25 52
1 7 3 3 25 45 25 45 26
1 10 3 3 12 1 26 3 25 45 3 52
1 10 26 3 25 45 4 3 25 45 25 45
1 4 3 26 3 25
1 8 3 3 3 12 26 58 4 3
1 4 52 52 52 52
1 9 11 3 26 3 25 25 45 4 3
1 3 3 25 45
1 10 3 26 58 3 3 4 3 27 25 45
1 3 25 1 25
1 3 25 84 5
1 3 3 25 84
1 3 13 13 87
1 3 13 13 87
1 3 13 13 87
1 3 13 13 87
1 3 7 13 87
1 4 5 2 24 84
1 9 3 26 58 3 25 45 3 3 3
1 5 5 2 48 71 84
1 6 5 2 25 48 17 84
1 11 3 27 26 58 3 3 3 3 3 16 38
1 4 5 2 17 84
1 13 3 3 26 3 25 25 4 3 3 3 3 4 46
1 8 3 3 26 3 25 45 3 3
1 4 5 2 48 84
1 5 1 3 3 26 58
1 8 2 25 45 5 24 48 71 84
1 11 3 3 26 58 3 3 8 54 51 73 86
1 3 5 2 84
1 14 25 25 45 3 3 26 58 3 3 4 3 3 3 3
1 7 12 26 58 4 3 3 3
1 5 5 2 10 48 84
1 11 27 3 3 26 58 4 3 3 4 11 47
1 7 5 2 24 48 17 71 84
1 12 3 26 3 25 4 3 3 3 3 4 25 45
1 3 12 52 74
1 3 10 13 87
1 10 3 25 45 12 26 3 25 45 3 3
1 12 3 25 25 27 12 3 26 58 3 3 3 3
1 13 11 3 27 3 26 58 4 3 3 3 25 45 56
1 13 3 27 3 26 3 25 45 4 3 3 3 4 56
1 7 26 58 3 3 3 3 11
1 7 1 3 12 3 26 58 3
1 10 3 3 26 58 3 4 3 3 3 3
1 5 3 26 58 3 3
1 10 3 3 3 26 58 3 3 3 3 3
1 3 5 2 84
1 5 5 2 1 24 84
1 3 25 25 26
1 4 4 25 27 26
1 7 8 54 3 25 51 73 86
1 3 3 26 3
1 3 3 25 26
1 3 3 25 47
1 7 26 9 46 15 36 62 79
1 9 27 26 3 3 3 3 3 3 11
1 3 22 44 44
1 8 5 2 3 28 60 72 84 91
1 3 2 5 84
1 13 3 1 26 3 3 25 45 3 4 3 25 45 4
1 3 25 45 47
1 6 1 5 2 24 17 71
1 3 3 3 26
1 5 3 1 52 74 87
1 5 25 45 26 3 3
1 7 11 3 5 2 48 71 84
1 5 3 4 3 26 3
1 5 3 25 4 26 3
1 7 5 2 10 25 48 71 84
1 4 5 2 48 84
1 9 25 45 25 25 45 3 26 3 3
1 5 3 3 25 45 26
1 5 10 25 45 26 3
1 5 1 25 26 3 5
1 4 5 2 48 84
1 10 3 3 25 45 3 26 4 26 3 9
1 6 10 5 2 48 71 84
1 3 3 25 17
1 4 25 45 26 3
1 3 25 12 17
1 7 2 3 25 5 48 71 84
1 4 5 2 3 84
1 6 5 2 3 48 71 84
1 8 3 25 1 3 3 4 3 3
1 6 10 25 1 3 3 26
1 8 11 3 25 4 3 3 26 3
1 6 5 2 48 17 71 84
1 4 25 45 3 26
1 6 5 2 25 48 17 84
1 4 3 3 3 26
1 4 3 4 3 26
1 3 3 4 26
1 4 1 25 1 25
1 7 11 1 25 25 12 46 70
1 5 25 45 3 25 8
1 5 87 74 87 87 87
1 4 3 25 74 87
1 4 25 87 87 87
1 6 3 25 52 74 87 74
1 5 25 11 3 87 87
1 4 2 52 52 74
1 4 3 25 45 5
1 3 1 25 25
1 4 11 25 25 45
1 3 1 23 1
1 5 3 25 52 74 87
1 3 5 5 5
1 7 3 25 52 74 87 87 87
1 5 2 4 25 52 74
1 5 5 31 3 25 74
1 5 3 4 3 3 26
1 4 54 25 25 86
1 3 8 8 8
1 4 5 3 25 74
1 5 2 3 25 52 74
1 5 3 25 52 74 87
1 3 11 52 74
1 4 1 1 1 3
