789 88
1 6 1 24 2 1 3 42
1 5 4 4 24 4 4
1 9 24 4 24 5 4 5 5 24 4
1 6 1 24 24 3 1 3
1 7 4 24 24 6 1 43 42
1 3 1 24 1
1 3 1 24 24
1 3 42 24 1
1 6 1 24 1 24 1 6
1 5 3 1 24 7 24
1 4 3 8 24 7
1 3 7 1 24
1 4 7 7 32 32
1 9 4 24 1 24 1 24 25 53 67
1 4 3 1 24 32
1 6 1 24 3 44 7 33
1 4 1 24 3 7
1 5 1 24 3 7 77
1 6 9 9 24 45 60 72
1 3 24 46 61
1 4 6 1 24 10
1 5 3 8 24 1 11
1 4 4 24 1 24
1 3 1 24 47
1 3 3 4 42
1 5 24 24 4 24 3
1 10 8 24 5 12 2 24 2 8 2 5
1 3 13 24 42
1 3 24 8 24
1 7 2 24 4 1 24 24 47
1 3 1 24 47
1 5 24 2 24 24 3
1 5 4 24 4 24 3
1 5 3 24 24 1 3
1 3 4 24 24
1 6 3 8 24 24 4 3
1 3 1 24 47
1 3 1 24 5
1 4 5 8 24 5
1 3 1 47 61
1 3 61 1 24
1 3 61 24 1
1 4 4 1 24 47
1 4 1 24 24 73
1 4 12 24 24 3
1 4 1 24 8 3
1 4 24 1 24 3
1 3 1 24 24
1 6 2 1 24 46 61 73
1 3 2 46 73
1 3 8 24 3
1 3 2 4 47
1 5 1 1 24 4 3
1 3 42 24 1
1 4 1 24 48 46
1 3 1 24 61
1 4 4 1 24 3
1 4 8 1 24 46
1 4 1 24 61 73
1 4 1 24 1 46
1 4 1 24 46 61
1 3 1 24 47
1 7 13 24 1 1 1 24 3
1 4 13 24 1 14
1 5 4 4 24 3 1
1 3 1 24 4
1 3 1 24 24
1 3 24 1 3
1 4 1 24 24 1
1 4 4 1 24 3
1 3 1 24 3
1 3 24 4 46
1 3 1 24 3
1 3 1 24 3
1 3 1 4 42
1 5 4 24 6 12 10
1 3 24 5 24
1 5 4 3 1 7 7
1 3 1 24 4
1 3 8 24 3
1 3 4 24 24
1 3 4 4 1
1 3 12 1 24
1 4 24 25 48 73
1 3 24 12 12
1 3 24 24 12
1 3 12 12 12
1 3 4 7 4
1 3 73 48 48
1 3 12 12 12
1 5 1 24 3 4 4
1 3 1 24 1
1 4 7 24 1 4
1 5 7 4 24 1 4
1 3 7 24 1
1 3 7 47 1
1 6 7 34 1 2 42 61
1 3 7 4 4
1 5 7 7 24 4 12
1 3 4 4 1
1 3 24 1 4
1 6 1 24 4 24 1 3
1 8 1 24 1 24 1 24 1 24
1 3 24 24 47
1 7 3 1 24 24 1 3 24
1 5 3 1 24 1 3
1 4 1 24 1 46
1 3 1 24 47
1 3 8 24 42
1 5 13 24 1 1 3
1 4 2 13 24 3
1 5 1 24 1 1 46
1 4 12 13 1 3
1 4 1 24 24 3
1 4 1 24 4 3
1 5 1 13 24 1 3
1 4 4 24 24 43
1 6 10 6 15 31 56 70
1 6 4 24 6 1 24 43
1 8 24 4 24 3 7 24 7 46
1 8 1 24 24 7 28 29 54 68
1 3 3 1 24
1 11 2 24 1 24 1 24 1 5 1 4 24
1 7 7 1 24 7 29 54 68
1 5 3 5 5 1 24
1 7 3 24 3 1 24 3 28
1 3 24 24 4
1 3 24 24 47
1 4 4 5 1 5
1 3 24 3 24
1 5 3 28 1 3 28
1 7 3 1 3 24 24 24 28
1 3 2 24 61
1 3 13 46 61
1 5 24 1 46 73 73
1 7 12 3 13 3 24 24 28
1 3 1 46 61
1 3 46 73 73
1 3 4 3 42
1 6 4 24 3 24 3 4
1 3 1 24 1
1 6 2 1 46 73 73 73
1 5 1 49 24 49 1
1 10 1 24 3 4 24 1 3 28 4 47
1 9 7 3 29 35 54 55 69 68 77
1 3 1 24 46
1 4 3 34 2 28
1 7 4 24 3 4 24 3 28
1 3 3 1 42
1 4 1 24 3 28
1 3 49 24 49
1 3 4 24 1
1 6 1 24 4 4 4 24
1 3 5 24 42
1 4 1 24 5 24
1 3 1 24 13
1 5 7 28 29 54 68
1 4 1 1 24 7
1 6 16 1 24 1 24 49
1 7 7 3 1 24 29 54 68
1 6 6 1 24 7 24 6
1 4 1 24 4 24
1 8 1 24 7 7 28 29 54 68
1 4 2 1 24 61
1 4 47 46 73 73
1 4 24 2 4 24
1 3 24 24 24
1 3 1 24 47
1 7 2 25 50 65 75 82 77
1 6 7 3 1 28 65 54
1 5 50 75 82 17 82
1 3 50 65 75
1 4 4 24 24 65
1 5 7 50 75 68 77
1 6 1 28 50 65 75 82
1 3 7 68 77
1 5 29 65 75 68 77
1 3 24 24 65
1 4 4 7 77 68
1 4 28 25 82 86
1 3 50 65 75
1 6 1 24 50 75 82 17
1 4 7 35 68 77
1 10 1 24 1 24 1 24 50 65 75 82
1 3 50 65 75
1 11 1 1 1 24 1 24 50 42 17 70 78
1 9 24 24 50 42 75 82 17 70 78
1 9 2 2 1 24 2 24 65 48 73
1 6 1 24 24 48 61 73
1 4 2 17 75 46
1 4 24 51 17 46
1 3 1 61 73
1 8 25 18 2 50 83 65 48 73
1 4 1 24 51 46
1 6 1 24 2 48 64 73
1 6 50 27 17 75 46 81
1 4 48 73 73 73
1 7 34 48 51 46 65 48 73
1 5 1 24 24 48 73
1 5 50 65 75 46 64
1 3 2 27 81
1 6 2 13 24 1 24 47
1 5 50 65 75 82 86
1 4 25 75 17 17
1 4 17 46 74 81
1 3 24 46 61
1 7 50 65 75 46 61 74 81
1 6 12 24 50 75 83 61
1 4 17 46 74 78
1 4 24 12 24 83
1 9 2 34 42 17 75 46 61 68 77
1 7 7 3 24 29 65 54 68
1 9 24 25 12 34 42 17 75 46 61
1 5 7 51 48 68 77
1 3 12 24 82
1 9 7 34 42 17 75 46 61 68 77
1 3 12 75 61
1 4 31 46 74 81
1 4 1 24 47 48
1 7 50 65 75 46 61 74 81
1 3 12 24 48
1 8 2 50 42 75 46 61 74 81
1 4 12 24 65 48
1 6 50 75 46 61 70 81
1 4 24 46 48 61
1 3 1 24 48
1 7 50 65 75 46 61 74 81
1 8 18 2 10 6 15 31 56 70
1 6 50 65 75 61 74 81
1 11 24 24 1 50 65 75 46 48 61 74 81
1 3 25 12 48
1 7 50 65 75 46 61 74 81
1 3 4 25 61
1 4 8 24 82 86
1 3 50 65 75
1 6 8 28 50 65 82 77
1 4 1 50 82 17
1 4 4 24 82 86
1 3 50 65 75
1 3 7 68 77
1 4 1 24 82 86
1 5 50 65 75 68 77
1 7 8 24 50 65 75 82 86
1 3 7 68 77
1 9 1 24 28 50 42 17 82 68 77
1 6 24 50 75 82 42 17
1 7 1 24 50 42 17 75 86
1 4 7 68 77 68
1 8 1 24 1 24 50 65 75 82
1 3 15 37 57
1 3 24 47 82
1 3 50 65 75
1 6 19 20 37 57 80 72
1 4 50 65 75 82
1 3 20 37 57
1 3 19 39 59
1 7 1 24 50 47 75 82 86
1 7 25 50 65 75 82 68 77
1 3 1 24 47
1 4 24 50 65 75
1 4 7 35 68 77
1 3 50 75 82
1 4 7 35 68 77
1 5 24 50 75 71 86
1 3 17 79 85
1 7 24 16 50 65 75 82 85
1 3 50 65 75
1 3 16 79 85
1 3 1 24 47
1 4 50 75 39 59
1 5 25 50 65 75 82
1 3 19 39 59
1 6 24 50 75 82 17 17
1 5 1 24 50 82 86
1 4 24 24 1 86
1 4 50 65 75 82
1 7 24 50 47 65 75 82 86
1 5 4 24 50 82 17
1 4 24 4 24 65
1 4 50 75 83 65
1 5 4 24 50 75 83
1 4 4 24 65 83
1 4 10 17 70 78
1 7 2 4 24 50 65 75 82
1 3 7 68 77
1 5 7 29 65 68 77
1 4 17 82 68 77
1 7 24 24 47 65 75 84 33
1 4 29 55 68 77
1 7 21 47 82 17 75 84 88
1 4 1 24 24 82
1 4 24 65 75 82
1 9 24 50 75 82 35 42 17 68 77
1 6 1 24 1 24 82 17
1 3 1 24 82
1 5 1 24 24 47 82
1 3 50 65 75
1 3 7 68 77
1 5 24 29 65 75 82
1 3 7 68 77
1 6 25 4 50 75 82 17
1 9 24 4 24 50 65 75 82 68 77
1 8 4 24 50 75 82 17 68 77
1 9 4 24 50 65 75 82 86 68 77
1 3 4 29 82
1 7 4 24 44 65 75 82 87
1 7 25 44 65 75 82 86 87
1 4 12 17 17 17
1 3 17 17 17
1 3 17 17 42
1 3 17 17 17
1 3 42 17 17
1 3 17 17 17
1 3 17 17 17
1 3 17 17 17
1 3 17 17 17
1 3 17 17 17
1 4 17 42 17 17
1 3 17 17 17
1 3 17 17 17
1 5 1 24 50 82 86
1 3 1 24 82
1 4 50 24 50 82
1 3 17 17 17
1 7 9 1 24 50 82 72 80
1 3 50 50 82
1 3 24 50 82
1 4 9 36 72 80
1 7 4 24 50 65 82 68 77
1 5 4 24 50 82 68
1 3 4 86 77
1 8 11 4 24 50 82 86 66 76
1 4 11 50 66 76
1 6 24 1 11 50 66 76
1 6 4 24 50 47 82 86
1 3 11 66 76
1 4 50 82 66 76
1 5 15 31 82 70 78
1 7 10 1 24 50 82 70 78
1 3 2 25 82
1 6 2 1 24 82 68 77
1 3 42 17 17
1 3 24 50 82
1 7 24 50 4 24 50 82 86
1 6 7 50 4 24 50 82
1 4 7 35 68 77
1 4 4 24 50 82
1 3 7 68 77
1 3 17 42 17
1 3 12 17 17
1 3 2 1 24
1 4 1 24 1 24
1 4 8 24 61 73
1 3 42 24 1
1 6 2 1 24 1 5 1
1 5 24 24 1 24 46
1 3 61 24 46
1 7 12 24 24 1 24 49 1
1 3 1 24 49
1 9 13 24 5 1 9 24 45 60 72
1 5 1 24 1 24 24
1 3 4 24 3
1 12 24 3 4 1 24 13 24 7 28 29 54 68
1 4 1 24 42 46
1 11 1 8 24 13 24 3 7 28 29 54 68
1 3 1 24 46
1 5 24 24 1 24 3
1 3 13 24 3
1 3 1 24 24
1 3 4 24 3
1 3 24 46 4
1 4 24 13 24 3
1 3 3 1 28
1 4 4 1 24 5
1 3 4 46 62
1 4 4 24 1 24
1 3 73 73 73
1 4 4 24 1 24
1 4 46 62 62 62
1 10 1 24 4 24 4 4 25 53 46 46
1 7 24 3 1 24 4 1 24
1 3 6 24 24
1 7 5 4 24 25 4 24 1
1 5 4 24 24 24 1
1 3 1 24 1
1 3 1 42 24
1 3 42 1 24
1 3 13 24 1
1 3 13 24 1
1 4 4 1 24 42
1 3 3 1 47
1 3 13 46 61
1 5 1 24 46 61 73
1 4 5 1 5 50
1 3 3 46 61
1 3 4 46 61
1 3 3 12 42
1 3 46 61 61
1 3 3 4 47
1 4 1 24 24 1
1 9 3 24 24 3 50 32 32 62 62
1 4 3 24 3 4
1 3 1 24 42
1 5 3 1 24 3 44
1 3 3 3 50
1 4 3 4 3 50
1 4 3 4 3 50
1 3 5 5 50
1 5 4 4 4 4 50
1 4 1 24 46 61
1 4 1 24 46 61
1 4 1 24 46 61
1 5 3 1 24 46 61
1 5 1 24 1 24 61
1 4 1 24 61 61
1 3 1 24 61
1 4 1 24 61 61
1 3 1 24 24
1 4 1 24 1 1
1 3 1 24 4
1 3 12 1 24
1 4 1 24 24 1
1 6 24 1 24 24 24 42
1 3 24 8 1
1 3 12 24 1
1 4 24 1 1 4
1 3 1 24 4
1 5 4 24 1 24 4
1 5 1 24 1 24 1
1 3 24 1 24
1 7 3 1 24 24 3 1 24
1 3 35 70 70
1 3 2 42 61
1 6 1 24 18 2 50 74
1 7 4 5 9 24 37 83 39
1 9 25 5 4 9 2 24 45 60 72
1 5 19 25 37 83 39
1 4 10 31 57 70
1 6 9 5 24 45 60 72
1 5 7 3 29 54 68
1 6 24 18 2 50 83 74
1 5 10 6 31 56 70
1 7 7 3 28 29 46 54 68
1 4 3 1 24 46
1 5 25 1 24 2 42
1 6 6 18 25 50 83 74
1 3 18 2 74
1 3 18 2 74
1 4 1 24 24 4
1 7 7 3 4 24 29 54 68
1 7 7 3 1 24 29 54 68
1 6 7 3 26 24 29 68
1 8 3 24 7 4 28 29 54 68
1 9 1 24 1 24 7 3 29 54 68
1 7 10 6 4 24 31 56 70
1 8 4 1 24 6 10 31 56 70
1 7 1 24 10 6 31 56 70
1 7 3 7 5 24 29 54 68
1 7 1 7 28 29 46 54 68
1 6 7 3 24 29 54 68
1 3 3 1 24
1 3 7 3 68
1 6 24 7 3 24 29 68
1 4 7 3 29 68
1 4 7 3 28 68
1 5 1 6 10 56 70
1 4 7 3 29 68
1 6 1 24 7 3 24 54
1 5 7 3 4 24 68
1 6 3 7 28 29 54 68
1 4 7 3 29 68
1 6 1 7 3 24 29 68
1 5 7 3 29 54 68
1 7 24 7 3 24 29 54 68
1 8 1 24 7 3 1 24 29 68
1 3 28 29 68
1 3 1 24 4
1 5 7 3 24 29 68
1 6 25 7 3 28 29 68
1 7 24 1 24 49 16 58 79
1 8 49 1 24 16 38 58 71 79
1 10 4 24 1 24 49 16 38 58 71 79
1 4 1 24 44 65
1 5 7 3 4 24 68
1 6 7 3 24 29 54 68
1 7 24 28 7 3 29 54 68
1 4 24 24 24 24
1 7 13 24 4 3 1 24 1
1 3 1 24 47
1 3 2 24 42
1 4 1 24 1 24
1 4 24 12 47 61
1 6 4 24 1 24 3 42
1 4 1 24 61 61
1 10 24 24 1 24 1 24 4 24 1 24
1 4 24 1 24 46
1 6 1 24 1 24 61 61
1 5 13 24 1 12 42
1 7 1 24 1 24 3 1 24
1 4 1 13 24 61
1 7 2 1 24 46 61 73 61
1 11 12 24 1 1 24 3 1 24 1 24 3
1 5 1 24 24 13 24
1 7 24 1 24 1 24 24 47
1 4 24 24 8 24
1 6 4 4 24 24 3 1
1 6 24 1 24 3 44 1
1 4 24 1 24 24
1 5 8 24 4 24 42
1 5 24 3 1 4 24
1 8 1 24 3 1 24 1 24 3
1 7 24 1 24 3 1 24 3
1 3 1 24 1
1 3 1 24 47
1 4 3 1 24 2
1 3 5 1 24
1 9 3 1 24 1 24 7 29 54 68
1 4 3 11 7 7
1 8 3 1 24 7 1 29 54 68
1 4 3 1 24 24
1 10 14 1 24 19 5 1 25 37 83 39
1 5 8 24 14 19 18
1 13 2 1 24 51 46 51 46 51 46 51 46 51 46
1 4 1 24 1 24
1 7 1 24 10 6 31 56 70
1 7 1 24 7 3 29 54 68
1 3 1 24 42
1 3 1 24 4
1 5 3 1 24 44 55
1 6 1 24 1 3 24 1
1 4 28 29 54 68
1 5 6 1 24 1 43
1 6 5 1 24 5 1 24
1 6 24 1 1 24 24 24
1 4 1 24 3 4
1 3 1 24 1
1 6 5 24 1 24 1 24
1 4 3 1 24 1
1 5 3 1 24 1 24
1 9 6 4 24 4 24 24 25 1 8
1 4 1 24 46 46
1 6 4 24 25 53 24 1
1 6 4 1 24 1 4 24
1 3 1 24 24
1 3 4 24 1
1 4 24 6 24 50
1 3 4 24 30
1 3 47 1 24
1 3 4 24 61
1 3 2 1 24
1 3 24 1 42
1 12 24 4 24 3 24 3 8 40 32 55 68 77
1 5 7 28 29 54 68
1 5 4 24 24 1 24
1 5 12 24 1 13 12
1 3 24 42 24
1 3 1 24 12
1 3 1 24 42
1 3 42 24 42
1 11 24 24 8 24 7 3 42 40 55 68 77
1 3 61 46 46
1 3 1 24 50
1 6 18 2 25 50 83 74
1 5 10 6 31 56 70
1 5 1 24 8 24 24
1 3 42 61 61
1 4 13 24 46 61
1 4 4 24 46 61
1 4 2 24 8 24
1 4 4 1 24 4
1 4 1 24 46 61
1 4 4 3 1 24
1 5 3 8 24 46 61
1 3 12 61 61
1 3 8 24 61
1 3 24 46 61
1 3 47 24 47
1 8 1 13 24 1 24 4 1 4
1 3 24 1 24
1 4 1 1 24 3
1 3 1 24 42
1 3 4 24 5
1 4 2 1 24 3
1 3 1 1 24
1 5 3 1 24 1 24
1 4 49 24 1 24
1 13 2 1 24 5 1 24 50 13 24 9 45 60 72
1 4 1 4 24 50
1 14 4 24 3 1 24 3 1 24 1 7 28 29 54 68
1 4 1 24 24 50
1 13 1 24 50 1 24 6 4 24 24 10 31 56 70
1 13 4 24 1 24 1 24 4 24 1 1 24 4 24
1 11 1 24 3 1 24 1 24 4 2 1 24
1 11 4 24 1 24 4 24 4 24 24 1 24
1 8 24 7 3 1 24 29 54 68
1 5 24 7 29 54 68
1 5 24 1 50 4 4
1 3 1 24 50
1 3 12 1 50
1 4 2 24 1 50
1 3 24 1 24
1 3 13 1 50
1 3 1 24 50
1 3 1 24 50
1 8 1 2 1 2 24 24 2 46
1 3 1 24 61
1 3 2 24 5
1 3 24 24 49
1 3 1 24 24
1 4 24 1 24 3
1 3 47 24 46
1 4 24 24 3 4
1 4 12 24 4 4
1 5 13 24 24 3 24
1 4 1 24 24 24
1 7 24 1 24 24 3 28 54
1 3 1 24 5
1 3 2 24 49
1 5 7 28 29 54 68
1 5 3 4 24 46 61
1 7 24 3 7 28 29 54 68
1 7 24 3 7 28 29 54 68
1 4 1 24 24 3
1 3 1 24 24
1 10 2 24 52 1 25 1 24 1 8 24
1 9 4 25 1 1 1 24 1 8 24
1 9 24 25 1 24 1 1 24 24 8
1 4 24 24 24 24
1 5 24 25 1 2 24
1 8 1 25 1 24 1 24 1 24
1 6 4 7 28 29 54 68
1 3 1 24 24
1 14 13 3 4 3 1 4 24 3 1 7 28 29 54 68
1 12 3 4 3 24 3 2 1 24 3 4 3 3
1 17 1 24 24 1 24 4 24 4 1 24 4 4 4 24 1 4 24
1 14 4 24 5 24 5 1 24 9 5 1 24 45 60 72
1 19 4 24 5 1 4 24 5 1 4 24 5 24 5 1 1 24 5 5 1
1 14 1 24 3 1 24 3 4 24 3 7 28 29 54 68
1 13 1 24 3 1 1 24 3 13 3 1 3 3 3
1 6 6 10 24 31 56 70
1 12 13 6 24 6 1 24 6 24 6 1 24 6
1 11 2 4 3 2 24 3 7 28 29 54 68
1 9 4 24 3 1 7 28 29 54 68
1 11 1 24 24 1 24 1 24 1 4 24 24
1 3 1 24 4
1 4 4 3 1 1
1 5 8 24 24 8 5
1 5 24 24 4 1 24
1 3 61 24 47
1 3 12 24 1
1 3 24 1 1
1 4 24 1 1 4
1 4 5 24 47 47
1 3 1 24 4
1 5 3 13 24 46 61
1 16 24 24 24 1 24 1 52 25 1 24 26 24 8 24 1 46
1 6 6 24 1 24 24 63
1 10 1 1 1 25 53 67 1 24 24 3
1 3 24 3 63
1 9 13 25 53 67 1 24 1 24 46
1 3 1 3 24
1 11 1 4 25 53 25 1 1 8 1 24 46
1 4 3 1 24 24
1 10 25 1 24 1 1 25 53 24 1 24
1 5 1 1 25 53 67
1 3 46 63 46
1 10 1 1 1 1 24 52 25 1 63 46
1 4 1 24 1 24
1 15 1 1 25 1 24 25 1 1 24 1 1 1 1 24 1
1 6 1 25 53 24 1 46
1 16 1 13 25 1 1 1 25 1 1 26 24 1 1 8 1 24
1 8 1 1 25 1 24 1 24 46
1 7 1 1 24 1 24 1 25
1 4 1 25 1 24
1 9 2 1 25 1 24 24 1 8 1
1 11 1 1 13 25 1 1 24 1 8 1 24
1 9 1 25 1 1 24 1 24 1 1
1 3 1 24 1
1 3 24 4 24
1 3 1 24 68
1 3 48 48 73
1 3 48 48 73
1 3 48 48 73
1 3 22 48 73
1 4 7 3 28 68
1 9 1 1 25 53 67 1 1 1 1
1 6 7 3 29 65 54 68
1 9 1 25 53 67 24 1 1 1 1
1 5 7 3 29 54 68
1 13 1 1 1 1 1 25 53 67 1 8 1 1 24
1 6 7 3 24 29 65 68
1 4 7 3 17 68
1 13 1 1 25 1 24 24 8 1 1 1 1 8 6
1 4 7 3 29 68
1 4 7 3 29 68
1 5 4 1 1 25 53
1 11 1 1 25 53 67 1 9 5 45 60 72
1 3 7 3 68
1 14 24 24 1 1 1 25 53 67 1 8 1 1 1 1
1 6 7 3 29 65 54 68
1 7 13 25 53 8 1 1 1
1 6 7 3 29 65 54 68
1 9 24 1 13 1 25 53 67 1 1
1 11 26 1 1 25 53 8 1 1 8 2 42
1 7 7 3 28 29 65 54 68
1 12 1 25 1 24 8 1 1 1 1 8 24 1
1 3 13 46 61
1 11 1 25 1 24 1 1 1 1 1 1 2
1 8 1 1 25 53 67 1 1 2
1 13 2 1 26 1 25 53 8 1 1 1 24 1 49
1 13 1 26 1 25 1 24 1 8 1 1 1 8 49
1 16 5 26 25 53 67 8 24 24 1 8 9 2 24 45 60 72
1 7 4 1 13 1 25 53 67
1 10 1 1 25 53 67 8 1 1 1 1
1 5 1 25 53 67 1
1 8 25 53 67 1 1 1 1 1
1 10 1 1 1 25 53 67 1 1 1 1
1 3 7 3 68
1 6 7 3 1 29 54 68
1 4 24 1 25 1
1 5 7 3 4 28 68
1 3 24 24 25
1 4 8 24 26 25
1 3 1 25 1
1 3 1 24 25
1 3 1 24 42
1 7 25 10 6 15 31 56 70
1 11 1 1 1 1 1 25 53 67 1 1 2
1 9 26 25 1 1 1 1 1 1 2
1 4 51 46 51 46
1 14 1 1 1 25 1 1 24 1 1 8 1 1 24 1
1 3 23 41 41
1 8 7 3 1 21 40 55 68 77
1 3 3 7 68
1 13 1 4 25 1 1 24 1 1 8 1 24 1 8
1 9 1 24 24 24 24 8 1 25 1
1 3 1 5 24
1 3 24 1 42
1 6 4 7 3 28 65 54
1 5 1 4 46 61 73
1 5 24 1 25 1 1
1 7 2 1 7 3 29 54 68
1 3 24 46 61
1 7 7 3 12 24 29 54 68
1 5 12 24 1 25 1
1 5 4 7 3 29 68
1 5 4 24 25 1 7
1 4 7 3 29 68
1 10 1 1 24 1 1 25 8 25 1 10
1 6 12 7 3 29 54 68
1 3 1 24 65
1 3 24 13 17
1 4 1 8 25 4
1 7 3 1 24 7 29 54 68
1 4 5 1 25 7
1 4 7 3 1 68
1 6 7 3 1 29 54 68
1 8 1 24 4 1 1 8 1 1
1 6 12 24 4 1 1 25
1 6 7 3 29 65 54 68
1 4 24 1 1 25
1 4 1 1 1 25
1 3 24 1 25
1 4 1 8 1 25
1 4 4 24 4 24
1 5 24 1 1 24 9
1 4 24 73 73 73
1 5 24 2 1 73 73
1 4 3 46 46 61
1 4 1 24 1 7
1 3 1 24 42
1 3 46 78 1
1 4 24 1 24 4
1 3 4 24 24
1 4 2 24 24 1
1 5 1 24 1 24 24
1 3 4 30 4
1 5 1 24 46 61 73
1 7 1 24 46 61 73 73 73
1 5 7 34 1 24 61
1 5 1 8 1 1 25
1 4 5 24 24 72
1 3 9 9 9
1 5 6 1 24 1 24
1 4 7 1 24 61
1 5 3 1 24 46 61
1 5 1 24 46 61 73
1 3 2 46 61
1 4 4 4 4 1
