768 92
1 6 1 21 2 1 3 38
1 3 4 21 3
1 4 4 21 4 39
1 5 4 4 21 4 4
1 9 21 4 21 40 4 40 40 21 4
1 7 4 21 21 41 37 42 38
1 4 1 21 41 42
1 3 1 21 37
1 3 1 21 21
1 3 38 21 37
1 6 21 37 3 4 21 3
1 6 1 21 37 21 37 41
1 7 1 21 21 37 37 21 21
1 5 3 37 21 5 21
1 5 3 4 21 43 77
1 4 3 6 21 5
1 3 5 37 21
1 9 5 21 37 37 58 1 21 3 7
1 4 3 37 21 24
1 7 1 5 37 21 37 8 8
1 6 1 21 3 44 5 25
1 4 1 21 3 5
1 5 1 21 3 5 85
1 4 1 21 37 21
1 4 3 37 21 45
1 6 9 9 21 46 64 79
1 3 1 21 65
1 3 21 47 65
1 4 41 37 21 10
1 4 4 21 37 21
1 3 3 4 38
1 5 21 21 4 21 3
1 7 2 21 4 1 21 21 48
1 3 1 21 48
1 5 4 21 4 21 3
1 6 3 4 4 4 21 3
1 5 3 21 21 37 3
1 3 4 21 21
1 6 3 6 21 21 4 3
1 3 1 21 48
1 3 1 21 40
1 4 40 6 21 40
1 5 4 21 37 3 21
1 3 1 48 65
1 3 65 1 21
1 4 4 1 21 48
1 4 1 21 21 80
1 4 11 21 21 3
1 4 1 21 6 3
1 5 21 21 21 3 21
1 4 1 21 6 3
1 6 2 1 21 47 65 80
1 3 2 47 80
1 4 8 49 8 29
1 3 6 21 3
1 5 1 37 21 4 3
1 3 38 21 37
1 3 1 21 65
1 3 38 1 21
1 4 4 1 21 3
1 4 6 1 21 47
1 4 1 21 37 47
1 4 1 21 47 65
1 3 1 21 48
1 7 12 21 37 37 37 21 3
1 4 12 21 37 13
1 5 4 4 21 3 37
1 3 1 21 4
1 3 1 21 21
1 3 21 37 3
1 4 1 21 21 37
1 3 21 3 44
1 3 1 21 3
1 3 21 4 47
1 3 1 21 3
1 4 1 21 21 21
1 3 4 1 21
1 3 4 4 21
1 5 4 21 41 11 10
1 3 21 40 21
1 3 1 21 4
1 3 6 21 3
1 3 4 4 1
1 4 21 58 14 80
1 3 21 11 11
1 3 21 21 11
1 3 4 5 4
1 3 80 14 14
1 4 5 21 37 4
1 3 5 21 37
1 6 5 26 1 2 38 65
1 3 5 4 4
1 3 12 21 65
1 3 21 37 4
1 4 12 1 21 5
1 5 4 21 4 21 21
1 6 1 21 4 21 37 3
1 3 21 21 48
1 7 3 37 21 21 37 3 21
1 3 21 37 50
1 3 21 48 40
1 3 1 21 48
1 4 1 21 37 50
1 3 6 21 38
1 6 1 21 37 37 23 3
1 5 12 21 37 37 3
1 4 2 12 21 3
1 4 11 12 1 3
1 4 1 21 4 3
1 5 1 12 21 37 3
1 4 4 21 21 42
1 6 10 41 59 60 75 84
1 6 4 21 41 37 21 42
1 8 21 4 21 3 5 21 5 47
1 8 1 21 21 5 23 43 62 77
1 11 2 21 37 21 37 21 37 40 37 4 21
1 3 1 21 47
1 7 5 37 21 5 43 62 77
1 7 3 21 3 37 21 3 23
1 3 21 21 48
1 5 1 21 41 21 38
1 4 1 21 4 48
1 4 4 40 37 40
1 5 4 21 3 4 48
1 5 3 23 1 3 23
1 7 3 37 3 21 21 21 23
1 3 2 21 65
1 3 12 47 65
1 4 1 47 80 80
1 5 21 37 47 80 80
1 7 11 3 12 3 21 21 23
1 3 4 3 38
1 6 4 21 3 21 3 4
1 3 1 21 37
1 6 2 1 47 80 80 80
1 9 5 3 43 27 62 63 78 77 85
1 3 1 21 47
1 4 3 26 2 23
1 7 4 21 3 4 21 3 23
1 3 3 37 38
1 4 1 21 3 23
1 3 50 21 50
1 3 3 3 23
1 3 4 21 37
1 6 1 21 4 4 4 21
1 3 40 21 38
1 4 1 21 40 21
1 4 1 37 21 5
1 5 5 21 43 62 77
1 6 15 1 21 37 21 50
1 7 5 3 37 21 43 62 77
1 6 41 37 21 5 21 41
1 7 5 3 37 21 37 21 47
1 8 1 21 5 5 23 43 62 77
1 4 2 1 21 65
1 4 48 47 80 80
1 4 5 24 47 24
1 4 21 2 4 21
1 3 21 21 21
1 3 1 21 48
1 6 5 3 37 23 70 62
1 3 51 70 82
1 3 21 43 87
1 4 2 4 58 16
1 3 51 87 85
1 3 23 70 87
1 4 43 85 77 77
1 4 4 21 21 70
1 5 5 51 82 77 85
1 6 1 23 51 70 82 87
1 3 21 21 70
1 3 51 82 87
1 4 4 5 85 77
1 4 23 58 87 90
1 3 51 70 82
1 5 5 23 27 77 85
1 6 1 21 51 82 87 70
1 4 5 27 77 85
1 11 1 37 37 21 37 21 51 38 16 84 66
1 8 59 59 51 38 16 82 87 84
1 6 1 21 21 14 65 80
1 4 2 16 82 47
1 3 51 22 81
1 4 21 49 16 47
1 8 58 17 2 51 71 16 14 80
1 4 1 21 49 47
1 6 1 21 2 14 30 80
1 4 14 80 80 80
1 7 26 14 49 47 16 14 80
1 3 2 22 81
1 5 51 70 82 87 90
1 8 2 21 37 51 70 82 87 90
1 4 58 82 16 16
1 3 1 21 90
1 7 21 4 21 51 82 14 65
1 4 16 47 67 81
1 3 21 47 65
1 3 21 37 14
1 8 17 2 10 41 59 60 75 84
1 6 11 21 51 82 71 65
1 4 16 47 67 66
1 4 21 11 21 71
1 9 2 26 38 16 82 47 65 77 85
1 9 21 58 11 26 38 16 82 47 65
1 5 5 49 14 77 85
1 3 49 47 16
1 3 11 21 87
1 9 5 26 38 16 82 47 65 77 85
1 5 21 4 21 70 14
1 3 11 82 65
1 4 60 47 67 81
1 4 1 21 48 14
1 7 51 70 82 47 65 67 81
1 3 11 21 14
1 8 2 51 38 82 47 65 67 81
1 4 11 21 70 14
1 6 51 82 47 65 84 81
1 4 21 47 14 65
1 3 1 21 14
1 7 51 70 82 47 65 67 81
1 8 17 2 10 41 59 60 75 84
1 3 1 21 14
1 3 58 11 14
1 7 17 2 10 41 60 75 84
1 3 4 58 65
1 7 51 70 82 47 14 67 66
1 3 51 70 82
1 6 6 23 51 70 87 85
1 4 1 51 87 70
1 4 4 21 87 90
1 3 51 70 82
1 3 5 77 85
1 4 1 21 87 90
1 5 51 70 82 77 85
1 7 6 21 51 70 82 87 90
1 3 5 77 85
1 4 5 77 85 77
1 8 1 21 37 21 51 70 82 87
1 3 21 48 87
1 3 51 70 82
1 3 18 34 56
1 11 21 37 21 21 37 4 58 51 70 82 87
1 7 1 21 51 48 82 87 90
1 4 5 70 77 85
1 7 58 51 70 82 87 77 85
1 3 1 21 48
1 4 21 51 70 82
1 4 5 27 77 85
1 3 51 82 87
1 4 5 27 77 85
1 6 1 21 51 70 82 87
1 5 21 51 82 88 90
1 7 21 15 51 70 82 87 55
1 3 51 70 82
1 3 15 31 55
1 3 1 21 48
1 4 51 82 34 56
1 3 18 34 56
1 6 21 51 82 87 70 16
1 5 1 21 51 87 90
1 5 4 21 51 87 70
1 4 4 21 70 71
1 7 1 21 58 51 48 82 87
1 4 10 16 84 66
1 7 2 4 21 51 70 82 87
1 3 5 77 85
1 5 5 43 70 77 85
1 7 21 21 48 16 82 89 25
1 4 43 63 77 85
1 5 51 70 82 87 91
1 7 19 48 87 70 82 89 91
1 4 1 21 21 87
1 4 51 38 16 82
1 4 21 70 82 87
1 9 21 51 82 87 27 38 16 77 85
1 6 1 21 37 21 87 70
1 3 1 21 87
1 5 1 21 21 48 87
1 3 51 70 82
1 3 5 77 85
1 5 21 43 70 82 87
1 3 5 77 85
1 6 58 4 51 82 87 70
1 9 21 4 21 51 70 82 87 77 85
1 8 4 21 51 82 87 70 77 85
1 9 4 21 51 70 82 87 90 77 85
1 3 4 43 87
1 7 4 21 44 70 82 87 92
1 6 21 44 82 87 90 92
1 3 16 16 16
1 4 11 16 16 16
1 3 16 16 16
1 3 16 16 38
1 3 16 16 16
1 3 16 16 16
1 3 16 16 16
1 3 16 16 16
1 3 16 16 16
1 3 16 16 16
1 3 16 16 16
1 4 16 38 16 16
1 3 16 16 16
1 5 1 21 51 87 90
1 3 1 21 87
1 4 51 21 51 87
1 4 21 11 87 90
1 5 4 21 51 87 90
1 3 16 16 16
1 7 9 1 21 51 87 79 86
1 3 21 51 87
1 7 4 21 51 70 87 77 85
1 5 21 43 87 77 85
1 5 4 21 51 87 77
1 3 4 90 85
1 8 7 4 21 51 87 90 28 54
1 3 4 21 87
1 4 7 51 28 54
1 6 21 37 7 51 28 54
1 3 7 28 54
1 4 51 87 28 54
1 7 10 21 51 42 87 84 66
1 5 59 60 87 84 66
1 6 10 60 87 90 84 66
1 7 10 1 21 51 87 84 66
1 3 21 51 87
1 3 2 58 87
1 3 38 16 16
1 3 21 51 87
1 6 5 51 4 21 51 87
1 4 5 27 77 85
1 4 4 21 51 87
1 3 16 38 16
1 3 2 1 21
1 4 1 21 37 21
1 3 1 21 65
1 4 6 21 65 80
1 7 4 21 21 37 21 3 37
1 3 38 21 37
1 5 21 21 37 21 47
1 5 6 21 37 21 37
1 4 21 4 3 37
1 7 11 21 21 37 21 50 1
1 9 12 21 40 37 9 21 46 64 79
1 5 1 21 37 21 21
1 3 4 21 3
1 12 21 3 4 1 21 12 21 5 23 43 62 77
1 4 1 21 38 47
1 11 1 6 21 12 21 3 5 23 43 62 77
1 7 21 41 10 59 60 75 84
1 3 1 21 47
1 5 21 21 37 21 3
1 3 6 21 3
1 5 1 37 21 23 3
1 3 12 21 3
1 3 1 21 21
1 3 4 21 3
1 3 21 47 4
1 4 1 21 37 3
1 4 21 12 21 3
1 3 3 37 23
1 4 4 4 47 68
1 4 4 21 37 21
1 4 4 21 37 21
1 4 47 68 68 68
1 10 1 21 4 21 4 4 58 73 47 47
1 5 1 21 3 21 21
1 3 41 21 21
1 5 4 21 21 21 37
1 3 1 21 37
1 3 1 38 21
1 3 12 21 37
1 3 4 1 21
1 3 38 1 21
1 3 12 21 37
1 3 12 21 37
1 3 3 37 48
1 3 12 47 65
1 5 1 21 47 65 80
1 3 1 21 37
1 3 3 47 65
1 3 4 47 65
1 3 3 11 38
1 3 47 65 65
1 3 3 4 48
1 4 1 21 21 37
1 9 3 21 21 3 51 24 24 68 68
1 4 3 21 3 4
1 4 3 4 3 4
1 3 1 21 38
1 5 3 37 21 3 44
1 4 3 4 3 51
1 4 3 4 3 51
1 3 40 40 51
1 4 1 21 47 65
1 4 1 21 47 65
1 5 1 21 37 21 65
1 4 1 21 65 65
1 3 1 21 65
1 4 1 21 65 65
1 3 1 21 21
1 4 1 21 37 37
1 6 21 37 21 21 21 38
1 3 21 6 1
1 3 11 21 37
1 4 21 37 37 4
1 3 1 21 4
1 6 1 37 4 21 4 21
1 5 5 3 43 62 77
1 6 1 21 17 2 51 67
1 7 4 40 9 21 74 71 34
1 5 18 58 74 71 34
1 4 10 60 76 84
1 6 9 40 21 46 64 79
1 6 18 58 74 76 71 34
1 5 5 3 43 62 77
1 6 21 17 2 51 71 67
1 5 10 41 60 75 84
1 4 3 37 21 47
1 3 51 70 65
1 5 58 1 21 2 38
1 6 41 17 58 51 71 67
1 4 1 21 44 70
1 3 17 2 67
1 3 17 2 67
1 3 10 41 84
1 4 1 21 21 4
1 7 5 3 4 21 43 62 77
1 7 5 3 37 21 43 62 77
1 7 3 21 5 37 43 62 77
1 5 5 3 4 43 77
1 8 3 21 5 4 23 43 62 77
1 8 4 1 21 41 10 60 75 84
1 7 21 21 10 41 60 75 84
1 7 3 5 40 21 43 62 77
1 6 5 3 21 43 62 77
1 3 3 37 21
1 3 5 3 77
1 6 21 5 3 21 43 77
1 4 5 3 43 77
1 4 5 3 23 77
1 5 1 41 10 75 84
1 4 5 3 43 77
1 6 1 21 5 3 21 62
1 6 3 5 23 43 62 77
1 6 1 5 3 21 43 77
1 5 5 3 43 62 77
1 6 3 21 5 43 62 77
1 7 21 5 3 21 43 62 77
1 8 1 21 5 3 37 21 43 77
1 6 5 3 23 43 62 77
1 3 5 3 62
1 3 23 43 77
1 3 1 21 4
1 5 5 3 21 43 77
1 6 58 5 3 23 43 77
1 7 3 37 21 5 3 23 77
1 7 21 37 21 50 15 32 31
1 10 4 21 37 21 50 15 33 32 88 31
1 4 1 21 44 70
1 5 5 3 4 21 77
1 6 3 5 21 43 62 77
1 4 21 21 21 21
1 7 12 21 4 3 37 21 37
1 3 1 21 48
1 6 12 3 37 21 21 37
1 3 2 21 38
1 4 21 11 48 65
1 6 4 21 37 21 3 38
1 4 1 38 65 65
1 5 12 21 37 11 38
1 7 1 21 37 21 3 37 21
1 4 1 12 21 65
1 7 2 1 21 47 65 80 65
1 11 11 21 37 37 21 3 37 21 37 21 3
1 8 4 21 2 11 40 37 21 37
1 4 21 21 37 48
1 5 1 21 21 12 21
1 7 21 37 21 37 21 21 48
1 4 21 21 6 21
1 6 4 4 21 21 3 37
1 6 21 37 21 3 44 1
1 4 21 37 21 21
1 5 6 21 4 21 38
1 5 21 3 37 4 21
1 7 21 37 21 3 37 21 3
1 3 1 21 48
1 4 3 37 21 2
1 3 40 37 21
1 9 3 37 21 37 21 5 43 62 77
1 8 5 3 37 21 43 70 62 77
1 7 5 3 37 21 43 62 77
1 4 3 7 5 5
1 8 3 37 21 5 37 43 62 77
1 10 13 1 21 18 40 37 58 74 71 34
1 5 6 21 13 18 17
1 13 2 1 21 49 47 49 47 49 47 49 47 49 47
1 4 1 21 37 21
1 7 1 21 10 41 60 75 84
1 7 1 21 5 3 43 62 77
1 3 1 21 38
1 5 3 37 21 44 63
1 4 23 43 62 77
1 5 41 37 21 37 42
1 6 40 37 21 40 37 21
1 6 21 37 37 21 21 21
1 4 1 21 3 4
1 3 1 21 37
1 6 40 21 37 21 37 21
1 5 3 37 21 37 21
1 9 41 4 21 4 21 21 58 1 6
1 6 4 1 21 37 4 21
1 3 1 21 21
1 3 4 21 37
1 4 21 41 21 51
1 3 4 21 39
1 4 21 37 37 21
1 3 48 1 21
1 3 4 21 65
1 3 2 1 21
1 3 4 38 38
1 12 21 4 21 3 21 3 6 35 24 63 77 85
1 3 21 37 4
1 5 11 21 37 12 11
1 3 21 38 21
1 3 1 21 38
1 3 38 21 38
1 11 21 21 6 21 5 3 38 35 63 77 85
1 3 4 21 37
1 3 65 47 47
1 3 1 21 51
1 6 17 2 58 51 71 67
1 5 10 41 60 75 84
1 4 20 36 57 72
1 3 38 4 21
1 4 12 21 47 65
1 4 4 21 47 65
1 4 2 21 6 21
1 4 4 1 21 4
1 4 1 21 47 65
1 4 4 3 37 21
1 5 3 6 21 47 65
1 3 6 21 65
1 3 21 47 65
1 3 48 21 48
1 8 1 12 21 37 21 4 1 4
1 3 21 37 21
1 3 1 21 38
1 3 4 21 40
1 4 2 1 21 3
1 3 1 37 21
1 5 3 37 21 37 21
1 8 3 37 21 5 23 43 62 77
1 13 2 1 21 40 37 21 51 12 21 9 46 64 79
1 14 4 21 3 37 21 3 37 21 37 5 23 43 62 77
1 13 1 21 51 1 21 41 4 21 21 10 60 75 84
1 13 4 21 37 21 37 21 4 21 37 37 21 4 21
1 11 1 21 3 37 21 37 21 4 2 1 21
1 11 4 21 37 21 4 21 4 21 21 37 21
1 8 21 5 3 37 21 43 62 77
1 5 21 5 43 62 77
1 5 21 37 51 4 4
1 9 1 21 4 21 37 21 4 2 6
1 3 1 21 51
1 3 11 1 51
1 4 2 21 37 51
1 3 12 1 51
1 3 1 21 51
1 3 1 21 51
1 8 1 2 1 2 21 21 2 47
1 3 2 21 40
1 3 21 21 50
1 3 12 21 3
1 4 1 21 37 21
1 6 4 21 37 21 21 3
1 3 1 21 21
1 4 21 37 21 3
1 4 21 21 3 4
1 5 1 21 37 12 21
1 4 1 21 21 21
1 7 21 37 21 21 3 23 62
1 3 5 43 77
1 3 1 21 40
1 3 2 21 50
1 3 1 21 47
1 3 1 21 3
1 3 21 3 47
1 5 5 23 43 62 77
1 5 3 4 21 47 65
1 4 1 21 21 3
1 3 1 21 21
1 5 10 59 60 75 84
1 3 1 21 41
1 14 1 21 37 58 1 21 6 1 21 21 21 21 21 21
1 10 2 21 52 1 58 1 21 37 6 21
1 9 4 58 1 37 37 21 37 6 21
1 9 21 58 1 21 37 37 21 21 6
1 7 21 37 37 37 37 37 48
1 4 21 21 21 21
1 5 21 58 1 2 21
1 8 1 58 1 21 37 21 37 21
1 8 58 1 21 21 37 37 21 53
1 6 4 5 23 43 62 77
1 14 12 3 4 3 37 4 21 3 37 5 23 43 62 77
1 12 3 4 3 21 3 2 1 21 3 4 3 3
1 17 1 21 21 37 21 4 21 4 1 21 4 4 4 21 37 4 21
1 14 4 21 40 21 40 37 21 9 40 37 21 46 64 79
1 19 4 21 40 37 4 21 40 37 4 21 40 21 40 37 37 21 40 40 37
1 14 1 21 3 37 21 3 4 21 3 5 23 43 62 77
1 13 1 21 3 37 37 21 3 12 3 37 3 3 3
1 14 1 21 41 4 21 41 21 41 12 21 10 60 75 84
1 6 41 10 21 60 75 84
1 12 12 41 21 41 37 21 41 21 41 37 21 41
1 11 2 4 3 2 21 3 5 23 43 62 77
1 9 4 21 3 37 5 23 43 62 77
1 10 12 21 3 2 21 3 37 4 21 3
1 8 6 21 37 37 21 4 21 37
1 3 1 21 4
1 4 4 3 37 37
1 5 6 21 21 6 40
1 5 21 21 4 1 21
1 3 65 21 48
1 3 11 21 37
1 3 21 37 37
1 6 21 37 21 41 21 41
1 4 21 37 37 4
1 4 40 21 48 48
1 5 1 21 37 21 37
1 3 1 21 4
1 5 3 12 21 47 65
1 9 4 21 37 37 37 37 37 47 47
1 6 41 21 37 21 21 69
1 16 1 21 37 58 73 83 37 37 58 73 83 21 37 21 37 47
1 12 4 4 21 37 37 37 37 52 58 73 21 47
1 4 21 40 4 69
1 15 2 1 58 1 21 37 6 21 37 21 37 3 44 1 21
1 10 1 37 37 58 73 83 37 21 21 3
1 8 1 21 37 21 6 1 21 47
1 3 21 3 69
1 9 12 58 73 83 37 21 37 21 47
1 3 1 3 21
1 11 1 4 58 73 58 1 37 6 1 21 47
1 4 3 37 21 21
1 3 47 69 47
1 10 1 37 37 37 21 52 58 1 69 47
1 5 47 69 47 47 47
1 6 1 37 58 1 37 21
1 15 1 37 58 1 21 58 1 37 21 37 37 37 37 21 37
1 6 1 58 73 21 37 47
1 4 1 37 21 37
1 16 1 12 58 1 37 37 58 1 37 53 21 37 37 6 1 21
1 11 4 1 4 58 1 37 21 37 21 37 58
1 7 1 37 21 37 21 37 58
1 10 1 37 12 4 58 1 21 37 37 47
1 10 58 1 21 37 6 1 21 37 21 37
1 4 1 58 1 21
1 8 1 37 37 12 58 73 6 1
1 4 47 47 47 47
1 9 2 1 58 1 21 21 37 6 1
1 11 1 37 12 58 1 37 21 37 6 1 21
1 9 1 58 1 37 21 37 21 37 37
1 10 1 58 73 83 37 6 1 53 21 37
1 3 21 4 21
1 3 21 77 5
1 3 14 14 80
1 3 14 14 80
1 3 14 14 80
1 3 8 14 80
1 4 5 3 23 77
1 9 1 37 58 73 83 37 37 37 37
1 6 5 3 43 70 62 77
1 13 1 37 37 37 37 58 73 83 37 6 1 37 21
1 6 5 3 21 43 70 77
1 11 1 53 58 73 83 37 37 37 37 51 70
1 4 5 3 70 77
1 4 5 3 43 77
1 8 1 37 58 1 21 37 37 37
1 5 4 1 37 58 73
1 8 3 21 37 5 23 43 62 77
1 11 1 37 58 73 83 37 9 40 46 64 79
1 3 5 3 77
1 14 21 21 37 37 37 58 73 83 37 6 1 37 37 37
1 6 5 3 43 70 62 77
1 6 5 3 43 70 62 77
1 9 21 37 12 1 58 73 83 37 37
1 5 5 3 11 43 77
1 11 53 1 37 58 73 6 1 37 6 2 38
1 7 5 3 23 43 70 62 77
1 3 12 47 65
1 3 11 14 80
1 11 1 58 1 21 37 37 37 37 37 37 2
1 10 1 21 37 12 58 1 21 37 37 37
1 12 1 21 21 53 12 1 58 73 83 37 37 37
1 8 1 37 58 73 83 37 37 2
1 7 58 73 83 37 37 37 2
1 16 40 53 58 73 83 6 21 21 37 6 9 2 21 46 64 79
1 7 4 1 12 1 58 73 83
1 5 1 58 73 83 37
1 8 58 73 83 37 37 37 37 37
1 6 5 3 37 43 62 77
1 4 21 37 58 1
1 5 5 3 4 23 77
1 4 6 21 53 58
1 7 9 40 37 21 46 64 79
1 3 1 58 1
1 3 1 21 58
1 3 1 21 38
1 11 1 37 37 37 37 58 73 83 37 37 2
1 4 49 47 49 47
1 14 1 37 37 58 1 37 21 37 37 6 1 37 21 37
1 8 5 3 37 19 35 63 77 85
1 3 3 5 77
1 13 1 4 58 1 37 21 37 37 6 1 21 37 6
1 9 1 21 21 21 21 6 1 58 1
1 3 1 40 21
1 6 4 5 3 23 70 62
1 3 1 37 58
1 7 2 1 5 3 43 62 77
1 5 1 6 1 58 1
1 5 1 21 6 58 1
1 3 21 47 65
1 7 5 3 11 21 43 62 77
1 4 5 3 43 77
1 9 21 37 21 21 37 37 58 1 37
1 5 1 37 21 37 58
1 5 4 5 3 43 77
1 5 4 21 58 1 5
1 4 5 3 43 77
1 3 1 21 70
1 4 21 37 58 1
1 4 1 6 58 4
1 7 3 37 21 5 43 62 77
1 4 40 37 58 5
1 4 5 3 37 77
1 6 5 3 37 43 62 77
1 8 1 21 4 1 37 6 1 37
1 6 11 21 4 1 37 58
1 8 2 1 21 6 1 37 58 1
1 6 5 3 43 70 62 77
1 4 21 37 37 58
1 6 5 3 21 43 70 77
1 4 1 37 37 58
1 3 21 37 58
1 4 1 6 1 58
1 3 1 6 58
1 4 4 21 4 21
1 7 2 4 21 21 12 41 61
1 5 21 37 37 21 9
1 5 80 65 80 80 80
1 4 1 21 65 80
1 6 1 21 47 65 80 65
1 5 21 2 1 80 80
1 4 3 47 47 65
1 4 1 21 37 5
1 3 1 21 38
1 3 47 66 1
1 4 21 37 21 4
1 4 2 21 21 37
1 5 1 21 37 21 21
1 5 1 21 47 65 80
1 3 5 5 5
1 7 1 21 47 65 80 80 80
1 5 3 6 21 47 65
1 5 1 6 1 37 58
1 4 40 21 21 79
1 5 41 37 21 37 21
1 5 3 37 21 47 65
1 5 1 21 47 65 80
1 3 2 47 65
