748 95
1 6 1 25 2 1 3 4
1 3 5 25 3
1 4 5 25 5 29
1 5 5 5 25 5 5
1 9 25 5 25 42 5 42 42 25 5
1 6 1 25 25 3 41 3
1 7 5 25 25 43 1 44 4
1 4 1 25 43 44
1 3 1 25 41
1 3 1 25 25
1 3 4 25 41
1 6 25 41 3 5 25 3
1 6 1 25 41 25 41 43
1 7 1 25 25 41 41 25 25
1 5 3 41 25 6 25
1 5 3 5 25 45 61
1 4 6 6 30 30
1 9 6 25 41 41 26 1 25 3 7
1 9 5 25 41 25 41 25 26 54 72
1 7 1 6 41 25 41 8 8
1 4 1 25 3 6
1 4 1 25 41 25
1 4 3 41 25 46
1 3 25 47 64
1 3 1 25 64
1 3 25 47 64
1 5 3 9 25 41 7
1 4 5 25 41 25
1 3 1 25 48
1 3 3 5 4
1 5 25 25 5 25 3
1 10 9 25 42 10 2 25 2 9 2 42
1 3 11 25 4
1 3 25 9 25
1 7 2 25 5 1 25 25 48
1 5 25 2 25 25 3
1 6 3 5 5 5 25 3
1 5 3 25 25 41 3
1 3 5 25 25
1 6 3 9 25 25 5 3
1 5 5 25 41 3 25
1 3 64 25 41
1 4 5 1 25 48
1 4 1 25 25 78
1 4 10 25 25 3
1 4 1 25 9 3
1 5 25 25 25 3 25
1 4 1 25 9 3
1 4 25 41 25 3
1 3 1 25 25
1 6 2 1 25 47 64 78
1 4 8 12 8 33
1 3 9 25 3
1 3 2 5 48
1 5 1 1 25 5 3
1 3 4 25 41
1 4 1 25 13 47
1 3 1 25 64
1 3 4 1 25
1 4 5 1 25 3
1 4 9 41 25 47
1 4 1 25 64 78
1 4 1 25 41 47
1 3 1 25 48
1 7 11 25 41 41 41 25 3
1 3 1 25 5
1 3 1 25 25
1 3 25 41 3
1 4 1 25 25 41
1 4 5 1 25 3
1 3 25 3 49
1 3 1 25 3
1 3 25 5 47
1 3 1 25 3
1 3 1 25 3
1 4 1 25 25 25
1 3 5 1 25
1 3 5 5 25
1 3 1 5 4
1 5 5 3 41 6 6
1 3 5 25 25
1 3 5 5 1
1 3 10 41 25
1 4 25 26 13 78
1 3 25 25 10
1 3 10 10 10
1 3 5 6 5
1 3 78 13 13
1 3 10 10 10
1 5 1 25 3 5 5
1 3 1 25 41
1 4 6 25 41 5
1 5 6 5 25 41 5
1 3 6 25 41
1 3 6 48 1
1 6 6 31 41 2 4 64
1 3 6 5 5
1 5 6 6 25 5 10
1 3 5 5 1
1 3 11 25 64
1 4 11 41 25 6
1 5 5 25 5 25 25
1 8 1 25 41 25 41 25 41 25
1 7 3 41 25 25 41 3 25
1 5 3 41 25 41 3
1 4 1 25 41 47
1 3 25 41 50
1 3 25 48 42
1 3 1 25 48
1 4 1 25 41 50
1 6 1 25 41 41 28 3
1 5 11 25 41 41 3
1 4 2 11 25 3
1 5 1 25 41 41 47
1 4 10 11 41 3
1 4 1 25 25 3
1 5 1 11 25 41 3
1 4 5 25 25 44
1 6 5 25 43 1 25 44
1 8 1 25 25 6 28 45 62 61
1 3 3 41 25
1 3 1 25 47
1 7 6 41 25 6 45 62 61
1 5 3 42 42 41 25
1 3 25 25 5
1 3 25 25 48
1 5 1 25 43 25 4
1 4 1 25 5 48
1 4 5 42 41 42
1 5 5 25 3 5 48
1 3 25 3 25
1 5 3 28 1 3 28
1 7 3 41 3 25 25 25 28
1 3 2 25 64
1 3 11 47 64
1 4 1 47 78 78
1 5 25 41 47 78 78
1 3 1 47 64
1 3 47 78 78
1 6 2 1 47 78 78 78
1 5 1 50 25 50 1
1 10 1 25 3 5 25 41 3 28 5 48
1 3 1 25 47
1 7 5 25 3 5 25 3 28
1 4 1 25 3 28
1 3 50 25 50
1 3 3 3 28
1 3 5 25 41
1 6 1 25 5 5 5 25
1 4 1 25 42 25
1 3 1 25 11
1 5 6 28 45 62 61
1 5 6 25 45 62 61
1 6 14 1 25 41 25 50
1 7 6 3 41 25 45 62 61
1 6 43 1 25 6 25 43
1 4 1 25 5 25
1 7 6 3 41 25 41 25 47
1 8 1 25 6 6 28 45 62 61
1 4 2 1 25 64
1 4 6 30 47 30
1 4 25 2 5 25
1 3 1 25 48
1 7 2 26 51 68 80 85 77
1 6 6 3 41 28 15 62
1 5 51 80 85 15 85
1 3 25 45 85
1 4 2 5 26 15
1 3 51 85 77
1 3 28 15 85
1 4 45 77 61 61
1 4 5 25 25 68
1 6 1 28 51 68 80 85
1 3 6 61 77
1 5 45 68 80 61 77
1 3 25 25 68
1 3 51 80 85
1 4 5 6 77 61
1 4 28 26 85 91
1 5 6 28 32 61 77
1 6 1 25 51 80 85 15
1 4 6 32 61 77
1 10 1 25 41 25 41 25 51 68 80 85
1 3 51 68 80
1 9 25 25 51 4 80 85 15 75 65
1 8 16 16 51 4 15 80 85 75
1 9 2 2 1 25 2 25 68 13 78
1 3 51 69 84
1 3 1 64 78
1 8 26 17 2 51 86 68 13 78
1 6 1 25 2 13 34 78
1 6 51 69 15 80 47 84
1 4 13 78 78 78
1 7 31 13 12 47 15 13 78
1 5 1 25 25 13 78
1 5 51 68 80 47 34
1 3 2 69 84
1 6 2 11 25 41 25 48
1 5 51 68 80 85 91
1 8 2 25 41 51 68 80 85 91
1 3 1 25 91
1 7 25 5 25 51 80 13 64
1 3 25 47 64
1 3 25 41 13
1 7 51 68 80 47 64 79 84
1 8 17 2 18 43 16 36 57 75
1 6 10 25 51 80 86 64
1 4 25 10 25 86
1 7 6 3 25 45 68 62 61
1 9 25 26 10 31 4 15 80 47 64
1 5 6 12 13 61 77
1 3 12 47 15
1 3 10 25 85
1 5 25 5 25 68 13
1 3 10 80 64
1 4 1 25 48 13
1 7 51 68 80 47 64 79 84
1 3 1 25 13
1 8 17 2 18 43 16 36 57 75
1 3 1 25 13
1 6 51 68 80 64 79 84
1 11 25 25 41 51 68 80 47 13 64 79 84
1 3 26 10 13
1 7 51 68 80 47 64 79 84
1 7 17 2 18 43 36 57 75
1 3 5 26 64
1 7 51 68 80 47 13 79 65
1 4 9 25 85 91
1 3 51 68 80
1 6 9 28 51 68 85 77
1 4 5 25 85 91
1 5 51 68 80 61 77
1 7 9 25 51 68 80 85 91
1 3 6 61 77
1 9 1 25 28 51 4 15 85 61 77
1 6 25 51 80 85 4 15
1 7 1 25 51 4 15 80 91
1 3 16 55 73
1 3 25 48 85
1 6 19 20 55 73 89 82
1 4 51 68 80 85
1 3 20 55 73
1 11 25 41 25 25 41 5 26 51 68 80 85
1 4 6 15 61 77
1 7 26 51 68 80 85 61 77
1 3 1 25 48
1 4 6 32 61 77
1 3 51 80 85
1 4 6 32 61 77
1 6 1 25 51 68 80 85
1 5 25 51 80 74 91
1 3 15 83 90
1 7 25 14 51 68 80 85 90
1 3 51 68 80
1 3 14 83 90
1 4 51 80 87 93
1 5 26 51 68 80 85
1 6 25 51 80 85 15 15
1 4 25 25 41 91
1 4 51 68 80 85
1 7 25 51 48 68 80 85 91
1 5 5 25 51 85 15
1 4 25 5 25 68
1 4 51 80 86 68
1 5 5 25 51 80 86
1 4 5 25 68 86
1 7 1 25 26 51 48 80 85
1 7 2 5 25 51 68 80 85
1 3 6 61 77
1 5 6 45 68 61 77
1 4 15 85 61 77
1 7 25 25 48 68 80 88 94
1 4 45 63 61 77
1 5 51 68 80 85 92
1 7 21 48 85 15 80 88 92
1 4 1 25 25 85
1 4 51 4 15 80
1 4 25 68 80 85
1 9 25 51 80 85 32 4 15 61 77
1 6 1 25 41 25 85 15
1 5 1 25 25 48 85
1 3 6 61 77
1 5 25 45 68 80 85
1 3 6 61 77
1 6 26 5 51 80 85 15
1 9 25 5 25 51 68 80 85 61 77
1 8 5 25 51 80 85 15 61 77
1 9 5 25 51 68 80 85 91 61 77
1 3 5 45 85
1 7 5 25 49 68 80 85 95
1 7 26 49 68 80 85 91 95
1 6 25 49 80 85 91 95
1 3 15 15 15
1 4 10 15 15 15
1 3 15 15 15
1 3 15 15 15
1 3 4 15 15
1 3 15 15 15
1 3 15 15 15
1 3 15 15 15
1 3 15 15 15
1 3 15 15 15
1 4 15 4 15 15
1 3 15 15 15
1 3 15 15 15
1 5 1 25 51 85 91
1 3 1 25 85
1 4 25 10 85 91
1 5 5 25 51 85 91
1 3 15 15 15
1 3 51 51 85
1 3 25 51 85
1 4 22 38 82 89
1 5 25 45 85 61 77
1 5 5 25 51 85 61
1 3 5 91 77
1 8 7 5 25 51 85 91 70 81
1 3 5 25 85
1 4 7 51 70 81
1 6 25 41 7 51 70 81
1 6 5 25 51 48 85 91
1 7 18 25 51 44 85 75 65
1 5 16 36 85 75 65
1 6 18 36 85 91 75 65
1 7 18 1 25 51 85 75 65
1 3 25 51 85
1 6 2 1 25 85 61 77
1 3 4 15 15
1 3 25 51 85
1 7 25 51 5 25 51 85 91
1 4 6 32 61 77
1 3 6 61 77
1 3 10 15 15
1 3 2 1 25
1 3 1 25 64
1 4 9 25 64 78
1 7 5 25 25 41 25 3 41
1 6 2 1 25 41 42 41
1 5 25 25 41 25 47
1 3 64 25 47
1 5 9 25 41 25 41
1 4 25 5 3 41
1 7 10 25 25 41 25 50 1
1 3 1 25 50
1 9 11 25 42 41 22 25 52 71 82
1 12 25 3 5 1 25 11 25 6 28 45 62 61
1 7 25 43 18 16 36 57 75
1 5 25 25 41 25 3
1 3 9 25 3
1 5 1 1 25 28 3
1 3 11 25 3
1 3 1 25 25
1 4 1 25 41 3
1 4 5 1 25 42
1 4 5 5 47 66
1 3 5 47 66
1 4 5 25 41 25
1 3 78 78 78
1 10 1 25 5 25 5 5 26 54 47 47
1 5 1 25 3 25 25
1 7 25 3 41 25 5 1 25
1 7 42 5 25 26 5 25 41
1 5 5 25 25 25 41
1 3 1 25 41
1 3 1 4 25
1 3 11 25 41
1 3 5 1 25
1 3 4 1 25
1 3 11 25 41
1 3 11 25 41
1 4 5 1 25 4
1 3 3 41 48
1 3 11 47 64
1 5 1 25 47 64 78
1 4 42 41 42 51
1 3 1 25 41
1 3 3 10 4
1 3 47 64 64
1 3 3 5 48
1 4 1 25 25 41
1 4 3 5 3 5
1 3 1 25 4
1 3 3 3 51
1 3 42 42 51
1 5 5 5 5 5 51
1 4 1 25 47 64
1 4 1 25 47 64
1 5 3 41 25 47 64
1 5 1 25 41 25 64
1 4 1 25 64 64
1 3 1 25 25
1 4 1 25 41 41
1 3 1 25 5
1 3 10 41 25
1 4 1 25 25 41
1 6 25 41 25 25 25 4
1 3 10 25 41
1 3 1 25 5
1 6 1 1 5 25 5 25
1 5 5 25 41 25 5
1 5 1 25 41 25 41
1 3 25 41 25
1 7 3 41 25 25 3 41 25
1 3 32 75 75
1 5 6 3 45 62 61
1 3 2 4 64
1 9 26 42 5 22 2 25 52 71 82
1 5 19 26 55 86 87
1 6 19 26 55 73 86 87
1 6 25 17 2 51 86 79
1 5 18 43 36 57 75
1 7 6 3 28 45 47 62 61
1 4 3 41 25 47
1 3 51 68 64
1 5 26 1 25 2 4
1 6 43 17 26 51 86 79
1 4 1 25 49 68
1 3 17 2 79
1 3 17 2 79
1 3 18 43 75
1 4 1 25 25 5
1 7 6 3 41 25 45 62 61
1 7 3 25 6 41 45 62 61
1 6 6 3 27 25 45 61
1 5 6 3 5 45 61
1 8 3 25 6 5 28 45 62 61
1 9 1 25 41 25 6 3 45 62 61
1 7 18 43 5 25 36 57 75
1 8 5 1 25 43 18 36 57 75
1 7 25 25 18 43 36 57 75
1 7 1 25 18 43 36 57 75
1 7 1 6 28 45 47 62 61
1 3 6 3 61
1 6 25 6 3 25 45 61
1 4 6 3 28 61
1 5 1 43 18 57 75
1 4 6 3 45 61
1 6 1 25 6 3 25 62
1 5 6 3 5 25 61
1 6 3 6 28 45 62 61
1 4 6 3 45 61
1 5 6 3 45 62 61
1 6 3 25 6 45 62 61
1 8 1 25 6 3 41 25 45 61
1 6 6 3 28 45 62 61
1 3 6 3 62
1 3 1 25 5
1 5 6 3 25 45 61
1 6 26 6 3 28 45 61
1 7 3 41 25 6 3 28 61
1 7 25 41 25 50 14 56 83
1 8 50 1 25 14 35 56 74 83
1 10 5 25 41 25 50 14 35 56 74 83
1 4 1 25 49 68
1 5 6 3 5 25 61
1 6 3 6 25 45 62 61
1 6 6 3 25 45 62 61
1 7 25 28 6 3 45 62 61
1 4 25 25 25 25
1 3 1 25 48
1 6 11 3 41 25 25 41
1 4 1 25 41 25
1 6 5 25 41 25 3 4
1 4 1 25 64 64
1 10 25 25 41 25 41 25 5 25 41 25
1 4 1 4 64 64
1 4 25 41 25 47
1 6 1 25 41 25 64 64
1 5 11 25 41 10 4
1 4 1 11 25 64
1 7 2 1 25 47 64 78 64
1 8 5 25 2 10 42 41 25 41
1 4 25 25 41 48
1 5 1 25 25 11 25
1 6 5 5 25 25 3 41
1 6 25 41 25 3 49 1
1 8 1 25 3 41 25 41 25 3
1 7 25 41 25 3 41 25 3
1 3 1 25 41
1 3 1 25 48
1 9 3 41 25 41 25 6 45 62 61
1 8 6 3 41 25 45 68 62 61
1 7 6 3 41 25 45 62 61
1 4 3 41 25 25
1 5 9 25 53 19 17
1 13 2 1 25 12 47 12 47 12 47 12 47 12 47
1 7 1 25 6 3 45 62 61
1 3 1 25 4
1 3 1 25 5
1 6 1 25 41 3 25 41
1 4 28 45 62 61
1 6 25 41 41 25 25 25
1 4 1 25 3 5
1 3 1 25 41
1 6 42 25 41 25 41 25
1 4 3 41 25 41
1 4 1 25 47 47
1 6 5 25 26 54 25 41
1 6 5 1 25 41 5 25
1 4 25 43 25 51
1 4 25 41 41 25
1 3 48 1 25
1 3 5 25 64
1 3 5 4 4
1 3 25 41 4
1 12 25 5 25 3 25 3 9 37 30 63 61 77
1 5 6 28 45 62 61
1 5 5 25 25 41 25
1 3 25 41 5
1 5 10 25 41 11 10
1 3 1 25 10
1 3 1 25 4
1 3 4 25 4
1 11 25 25 9 25 6 3 4 37 63 61 77
1 3 5 25 41
1 3 1 25 51
1 6 17 2 26 51 86 79
1 4 23 39 58 76
1 3 4 5 25
1 5 1 25 9 25 25
1 3 4 64 64
1 4 11 25 47 64
1 4 5 25 47 64
1 4 2 25 9 25
1 4 1 25 47 64
1 4 5 3 41 25
1 3 10 64 64
1 3 9 25 64
1 8 1 11 25 41 25 5 1 5
1 3 25 41 25
1 4 1 1 25 3
1 3 1 25 4
1 3 5 25 42
1 4 2 1 25 3
1 3 1 1 25
1 8 3 41 25 6 28 45 62 61
1 4 50 25 41 25
1 4 1 5 25 51
1 14 5 25 3 41 25 3 41 25 41 6 28 45 62 61
1 4 1 25 25 51
1 13 5 25 41 25 41 25 5 25 41 41 25 5 25
1 11 1 25 3 41 25 41 25 5 2 1 25
1 8 25 6 3 41 25 45 62 61
1 9 1 25 5 25 41 25 5 2 9
1 3 10 41 51
1 4 2 25 41 51
1 3 25 41 25
1 3 11 41 51
1 3 1 25 64
1 3 2 25 42
1 3 25 25 50
1 3 11 25 3
1 4 1 25 41 25
1 6 5 25 41 25 25 3
1 3 1 25 25
1 3 48 25 47
1 4 25 25 3 5
1 4 10 25 5 5
1 5 1 25 41 11 25
1 5 11 25 25 3 25
1 7 25 41 25 25 3 28 62
1 3 6 45 61
1 3 1 25 42
1 3 2 25 50
1 3 1 25 47
1 3 1 25 3
1 3 25 3 47
1 7 25 3 6 28 45 62 61
1 7 25 3 6 28 45 62 61
1 4 1 25 25 3
1 5 18 16 36 57 75
1 3 1 25 43
1 14 1 25 41 26 1 25 9 41 25 25 25 25 25 25
1 9 5 26 1 1 1 25 41 9 25
1 9 25 26 1 25 41 41 25 25 9
1 7 25 41 41 41 41 41 48
1 5 25 26 1 2 25
1 8 1 26 1 25 41 25 41 25
1 8 26 1 25 25 41 41 25 27
1 6 5 6 28 45 62 61
1 3 1 25 25
1 12 3 5 3 25 3 2 1 25 3 5 3 3
1 14 5 25 42 25 42 41 25 22 42 41 25 52 71 82
1 19 5 25 42 41 5 25 42 41 5 25 42 25 42 41 41 25 42 42 41
1 14 1 25 3 41 25 3 5 25 3 6 28 45 62 61
1 14 1 25 43 5 25 43 25 43 11 25 18 36 57 75
1 6 43 18 25 36 57 75
1 12 11 43 25 43 1 25 43 25 43 1 25 43
1 11 2 5 3 2 25 3 6 28 45 62 61
1 9 5 25 3 41 6 28 45 62 61
1 10 11 25 3 2 25 3 41 5 25 3
1 11 1 25 25 41 25 41 25 41 5 25 25
1 8 9 25 41 41 25 5 25 41
1 5 25 25 5 1 25
1 3 64 25 48
1 3 10 25 41
1 3 25 41 41
1 6 25 41 25 43 25 43
1 4 25 41 41 5
1 4 42 25 48 48
1 5 1 25 41 25 41
1 5 3 11 25 47 64
1 16 25 25 25 41 25 41 59 26 1 25 27 25 9 25 41 47
1 9 5 25 41 41 41 41 41 47 47
1 6 43 25 41 25 25 67
1 16 1 25 41 26 54 72 41 41 26 54 72 25 41 25 41 47
1 12 5 5 25 41 41 41 41 59 26 54 25 47
1 4 25 42 5 67
1 15 2 1 26 1 25 41 9 25 41 25 41 3 49 1 25
1 10 1 1 1 26 54 72 41 25 25 3
1 8 1 25 41 25 9 41 25 47
1 9 11 26 54 72 41 25 41 25 47
1 3 1 3 25
1 11 1 5 26 54 26 1 1 9 41 25 47
1 4 3 41 25 25
1 10 26 1 25 41 41 26 54 25 41 25
1 5 1 1 26 54 72
1 3 47 67 47
1 10 1 1 1 1 25 59 26 1 67 47
1 4 1 25 41 25
1 5 47 67 47 47 47
1 6 1 1 26 1 1 25
1 15 1 1 26 1 25 26 1 1 25 41 41 41 41 25 41
1 6 1 26 54 25 41 47
1 4 1 1 25 41
1 16 1 11 26 1 1 1 26 1 1 27 25 41 41 9 41 25
1 11 5 1 5 26 1 1 25 41 25 41 26
1 8 1 1 26 1 25 41 25 47
1 7 1 1 25 41 25 41 26
1 10 1 1 11 5 26 1 25 41 41 47
1 10 26 1 25 41 9 41 25 41 25 41
1 8 1 1 1 11 26 54 9 41
1 4 47 47 47 47
1 9 2 1 26 1 25 25 41 9 41
1 11 1 1 11 26 1 1 25 41 9 41 25
1 9 1 26 1 1 25 41 25 41 41
1 3 1 25 41
1 10 1 26 54 72 41 9 41 27 25 41
1 3 25 5 25
1 3 25 61 6
1 3 1 25 61
1 3 13 13 78
1 3 13 13 78
1 3 13 13 78
1 3 8 13 78
1 9 1 1 26 54 72 41 41 41 41
1 6 6 3 45 68 62 61
1 9 1 26 54 72 25 41 41 41 41
1 5 6 3 45 62 61
1 13 1 1 1 1 1 26 54 72 41 9 41 41 25
1 6 6 3 25 45 68 61
1 11 1 27 26 54 72 41 41 41 41 51 68
1 4 6 3 15 61
1 13 1 1 26 1 25 25 9 41 41 41 41 9 43
1 4 6 3 45 61
1 8 1 1 26 1 25 41 41 41
1 4 6 3 45 61
1 5 5 1 1 26 54
1 8 3 25 41 6 28 45 62 61
1 11 1 1 26 54 72 41 22 42 52 71 82
1 6 6 3 45 68 62 61
1 7 11 26 54 9 41 41 41
1 6 6 3 45 68 62 61
1 9 25 41 11 41 26 54 72 41 41
1 5 6 3 10 45 61
1 12 1 26 1 25 9 41 41 41 41 9 25 41
1 3 10 13 78
1 11 1 26 1 25 41 41 41 41 41 41 2
1 10 1 25 41 11 26 1 25 41 41 41
1 12 1 25 25 27 11 41 26 54 72 41 41 41
1 8 1 1 26 54 72 41 41 2
1 13 2 1 27 1 26 54 9 41 41 41 25 41 50
1 13 1 27 1 26 1 25 41 9 41 41 41 9 50
1 7 26 54 72 41 41 41 2
1 16 42 27 26 54 72 9 25 25 41 9 22 2 25 52 71 82
1 10 1 1 26 54 72 9 41 41 41 41
1 8 26 54 72 41 41 41 41 41
1 10 1 1 1 26 54 72 41 41 41 41
1 3 6 3 61
1 6 6 3 41 45 62 61
1 4 25 41 26 1
1 5 6 3 5 28 61
1 3 25 25 26
1 7 22 42 41 25 52 71 82
1 3 1 25 26
1 7 26 18 43 16 36 57 75
1 11 1 1 1 1 1 26 54 72 41 41 2
1 9 27 26 1 1 1 1 1 1 2
1 4 12 47 12 47
1 14 1 1 1 26 1 1 25 41 41 9 41 41 25 41
1 3 24 40 40
1 8 6 3 41 21 37 63 61 77
1 3 3 6 61
1 9 1 25 25 25 25 9 41 26 1
1 3 1 42 25
1 3 25 41 4
1 3 1 1 26
1 5 1 5 47 64 78
1 5 25 41 26 1 1
1 5 1 9 41 26 1
1 5 1 25 9 26 1
1 3 25 47 64
1 4 6 3 45 61
1 9 25 41 25 25 41 41 26 1 1
1 5 1 1 25 41 26
1 5 10 25 41 26 1
1 5 5 6 3 45 61
1 5 5 25 26 1 6
1 4 6 3 45 61
1 10 1 1 25 41 41 26 9 26 1 18
1 6 10 6 3 45 62 61
1 4 25 41 26 1
1 3 25 11 15
1 4 1 9 26 5
1 4 42 41 26 6
1 8 1 25 5 1 1 9 41 41
1 6 10 25 5 1 1 26
1 8 2 1 25 9 41 41 26 1
1 4 25 41 41 26
1 6 6 3 25 45 68 61
1 3 25 41 26
1 4 1 9 41 26
1 3 1 9 26
1 4 5 25 5 25
1 7 2 5 25 25 11 43 60
1 5 25 41 41 25 22
1 5 78 64 78 78 78
1 4 1 25 64 78
1 4 25 78 78 78
1 6 1 25 47 64 78 64
1 4 3 47 47 64
1 3 1 25 4
1 3 47 65 1
1 4 25 41 25 5
1 3 5 25 25
1 4 2 25 25 41
1 5 1 25 41 25 25
1 3 5 29 5
1 3 6 6 6
1 7 1 25 47 64 78 78 78
1 5 3 9 25 47 64
1 5 6 31 41 25 64
1 5 1 9 41 41 26
1 3 22 22 22
1 5 43 1 25 41 25
1 4 6 41 25 64
1 5 1 25 47 64 78
1 4 5 5 5 1
