441 173
1 3 1 47 47
1 4 3 47 131 245
1 2 268 386
1 6 6 61 149 268 149 268
1 6 6 61 149 268 149 268
1 1 9
1 6 6 61 149 268 149 268
1 9 3 47 131 6 61 149 268 149 268
1 8 6 61 149 268 149 268 149 268
1 8 6 61 149 268 149 268 149 268
1 3 6 61 5
1 1 10
1 4 11 6 61 5
1 3 6 61 5
1 2 3 51
1 1 4
1 4 6 61 149 268
1 3 6 61 154
1 6 3 47 131 6 61 155
1 13 13 78 182 300 415 520 613 693 760 822 169 61 148
1 15 13 78 182 300 415 520 613 693 760 822 880 131 6 61 61
1 11 13 78 182 300 415 520 613 693 760 822 881
1 4 6 61 149 268
1 4 6 61 149 268
1 1 15
1 6 6 61 149 268 149 268
1 6 6 61 149 268 149 268
1 6 6 61 149 268 149 268
1 6 6 61 149 268 149 268
1 6 6 61 149 268 149 268
1 6 13 78 182 300 415 522
1 8 6 61 149 268 149 268 149 268
1 6 6 61 149 268 149 268
1 8 6 61 149 268 149 268 149 268
1 7 5 6 61 8 70 169 61
1 4 6 61 149 268
1 4 6 61 149 268
1 4 6 61 149 268
1 5 20 92 6 61 152
1 4 6 61 149 268
1 4 11 6 61 5
1 3 5 6 61
1 3 6 61 154
1 4 6 61 149 268
1 4 6 61 149 268
1 3 6 149 268
1 4 6 61 149 268
1 1 12
1 3 5 6 61
1 3 6 61 61
1 3 6 61 61
1 3 6 61 5
1 3 6 61 5
1 3 5 6 61
1 3 6 149 268
1 2 182 301
1 2 182 301
1 4 13 78 182 302
1 1 18
1 1 21
1 1 17
1 2 78 183
1 1 22
1 3 78 182 304
1 1 23
1 1 24
1 2 182 301
1 4 13 78 182 305
1 3 63 63 63
1 3 6 149 268
1 2 11 74
1 2 182 304
1 6 26 102 70 169 61 8
1 6 26 102 70 169 63 170
1 6 26 102 70 169 63 170
1 6 26 102 70 169 63 170
1 6 26 102 70 169 63 170
1 6 26 102 70 169 63 170
1 6 26 102 70 169 63 170
1 6 26 102 70 169 63 170
1 6 26 102 70 170 6 61
1 6 26 102 70 170 6 61
1 2 78 186
1 2 25 101
1 5 26 102 70 170 6
1 5 26 102 70 170 6
1 3 1 47 47
1 2 5 56
1 1 28
1 4 3 47 131 249
1 4 6 61 149 268
1 5 20 92 6 61 152
1 2 20 88
1 3 11 6 61
1 4 11 6 61 5
1 1 29
1 6 8 70 70 170 6 61
1 6 8 70 70 170 6 61
1 6 8 70 70 170 6 61
1 5 3 47 131 6 61
1 3 3 47 133
1 4 3 47 131 248
1 5 3 47 131 6 61
1 6 8 70 70 170 6 61
1 6 8 70 70 170 6 61
1 6 8 70 70 170 6 61
1 6 8 70 70 170 6 61
1 3 5 880 930
1 8 6 61 149 268 149 268 149 268
1 8 6 61 149 268 149 268 149 268
1 8 6 61 149 268 149 268 149 268
1 8 6 61 149 268 149 268 149 268
1 11 5 6 61 5 6 61 5 6 61 149 268
1 8 6 61 149 268 149 268 149 268
1 8 6 61 149 268 149 268 149 268
1 8 6 61 149 268 149 268 149 268
1 3 5 880 930
1 5 5 6 61 5 57
1 2 25 100
1 2 3 54
1 2 25 101
1 3 20 92 203
1 3 3 47 131
1 5 3 47 131 6 61
1 3 3 47 131
1 5 3 47 131 6 61
1 10 6 63 6 61 104 149 6 61 149 268
1 13 5 6 63 5 6 61 149 268 149 6 61 149 268
1 10 6 63 6 61 104 149 6 61 149 268
1 10 6 63 6 61 104 149 6 61 149 268
1 8 6 63 6 61 149 6 61 151
1 5 6 149 6 63 158
1 6 3 47 131 6 63 5
1 4 63 6 63 159
1 1 30
1 3 6 61 156
1 4 6 61 149 268
1 8 6 61 149 268 149 63 6 61
1 8 6 61 149 268 149 63 6 61
1 10 6 61 149 268 149 268 149 268 149 268
1 4 6 61 149 268
1 8 6 63 170 6 61 5 6 61
1 4 6 63 6 61
1 4 6 63 5 56
1 6 5 6 61 149 268 384
1 2 1 42
1 2 20 91
1 4 20 92 6 61
1 2 25 100
1 6 92 6 61 149 268 383
1 1 2
1 7 6 61 149 268 149 268 387
1 6 6 61 149 268 149 268
1 6 6 61 149 268 149 268
1 3 6 61 156
1 6 6 61 149 268 149 268
1 6 6 61 149 268 149 268
1 6 6 61 149 268 149 268
1 4 92 6 61 156
1 6 6 61 149 268 149 268
1 3 6 61 156
1 2 8 71
1 3 1 47 47
1 3 6 61 152
1 2 25 100
1 3 6 61 153
1 3 6 61 154
1 1 30
1 3 5 880 930
1 11 5 6 61 8 70 169 61 149 268 149 268
1 10 6 61 8 70 169 61 149 268 149 268
1 3 5 6 62
1 10 6 61 8 70 169 61 149 268 149 268
1 8 8 70 169 61 149 268 149 268
1 4 11 6 61 5
1 1 32
1 3 8 70 173
1 3 8 70 168
1 3 8 70 171
1 10 6 61 8 70 169 61 149 268 149 268
1 4 6 149 268 386
1 10 6 61 8 70 169 61 149 268 149 268
1 3 8 70 172
1 6 5 6 61 8 70 168
1 8 8 70 169 61 149 268 149 268
1 14 13 78 182 300 415 520 613 693 760 822 169 61 5 131
1 1 33
1 6 6 61 149 268 149 268
1 6 6 61 149 268 149 268
1 4 6 61 149 268
1 4 6 61 149 268
1 6 6 61 149 268 149 268
1 8 6 61 149 268 149 268 149 268
1 6 6 61 149 268 149 268
1 1 2
1 4 6 61 149 268
1 3 78 415 521
1 14 13 78 182 300 415 520 613 693 760 822 169 61 5 131
1 1 35
1 14 13 78 182 300 415 520 613 693 760 822 169 61 5 131
1 14 13 78 182 300 415 520 613 693 760 822 169 61 5 131
1 3 63 63 63
1 1 36
1 6 13 78 182 300 415 522
1 10 78 182 300 415 520 613 693 760 822 878
1 14 13 78 182 300 415 520 613 693 760 822 169 61 5 131
1 14 13 78 182 300 415 520 613 693 760 822 169 61 5 131
1 6 13 78 182 300 415 522
1 3 78 415 521
1 1 22
1 3 78 182 301
1 1 37
1 1 15
1 1 16
1 4 6 61 149 268
1 4 6 61 149 268
1 4 6 61 149 268
1 4 6 61 149 268
1 11 13 78 182 300 415 520 613 693 760 822 879
1 4 6 61 149 268
1 11 13 78 182 300 415 520 613 693 760 822 879
1 4 6 61 149 268
1 3 6 149 6
1 3 1 47 47
1 5 6 65 164 285 403
1 2 11 75
1 1 30
1 2 11 75
1 1 29
1 2 63 160
1 3 20 92 206
1 2 20 89
1 2 63 159
1 9 5 6 61 5 6 61 149 268 384
1 1 19
1 3 20 92 203
1 20 6 65 164 285 6 65 63 6 61 149 268 63 6 61 63 6 61 149 63 63
1 17 6 65 164 285 6 63 6 61 63 6 61 63 6 61 149 63 63
1 9 6 65 164 285 6 63 6 64 161
1 20 6 65 164 285 6 65 63 6 61 149 268 63 6 61 63 6 61 149 63 63
1 22 6 65 164 285 6 65 63 63 6 61 149 268 149 63 6 61 63 6 61 149 63 63
1 9 63 6 61 63 6 61 149 268 63
1 20 6 65 164 285 6 65 63 6 61 149 268 63 6 61 63 6 61 149 63 63
1 20 6 65 164 285 6 65 63 6 61 149 268 63 6 61 63 6 61 149 63 63
1 3 6 61 153
1 6 20 92 6 61 149 268
1 4 6 61 149 268
1 4 6 61 149 268
1 4 6 61 149 268
1 4 6 149 6 61
1 1 38
1 6 13 78 182 300 3 53
1 3 300 3 47
1 4 300 3 47 136
1 6 5 6 61 5 6 61
1 4 300 3 47 132
1 4 300 3 47 134
1 3 300 3 47
1 4 6 61 149 268
1 4 6 61 149 268
1 2 27 105
1 3 27 149 268
1 4 6 61 149 268
1 3 27 149 268
1 3 6 61 27
1 3 6 61 27
1 3 6 61 27
1 3 6 61 27
1 3 6 61 27
1 4 6 61 149 268
1 4 6 61 149 268
1 3 6 64 161
1 3 6 61 27
1 2 20 93
1 6 6 61 149 268 149 268
1 1 38
1 2 268 385
1 4 6 61 149 268
1 2 92 205
1 1 40
1 4 6 61 149 268
1 2 268 382
1 13 13 78 182 300 415 520 613 693 760 822 169 61 148
1 4 6 61 149 268
1 3 1 47 47
1 3 20 92 202
1 2 92 205
1 4 92 6 61 5
1 3 6 149 268
1 4 6 61 149 268
1 3 6 149 268
1 6 6 61 149 268 149 268
1 4 6 61 149 268
1 4 11 6 61 5
1 2 78 184
1 1 7
1 1 7
1 6 8 70 70 169 61 150
1 4 78 415 760 824
1 1 7
1 3 6 61 150
1 6 3 47 131 6 61 154
1 4 3 47 131 247
1 2 5 56
1 8 3 47 131 6 61 149 268 384
1 5 78 182 300 415 522
1 3 182 300 416
1 3 78 415 760
1 3 78 415 760
1 4 6 61 149 268
1 1 39
1 4 268 149 6 61
1 4 6 61 149 268
1 7 3 47 131 6 61 149 268
1 10 13 78 182 300 415 520 613 693 760 825
1 12 13 78 182 300 415 520 613 693 760 822 880 131
1 4 78 415 760 92
1 5 415 520 760 92 201
1 5 415 520 760 92 201
1 2 1 43
1 3 415 760 92
1 2 1 43
1 3 415 760 92
1 5 415 520 760 92 201
1 1 34
1 12 13 78 182 300 415 520 613 693 760 822 880 131
1 12 13 78 182 300 415 520 613 693 760 822 880 131
1 3 415 760 821
1 3 415 760 821
1 4 415 520 760 823
1 3 415 760 821
1 4 415 520 760 823
1 5 415 520 760 92 201
1 3 3 47 131
1 12 13 78 182 300 415 520 613 693 760 822 880 131
1 1 29
1 12 13 78 182 300 415 520 613 693 760 822 880 930
1 6 13 78 182 300 3 53
1 1 34
1 1 19
1 2 3 49
1 3 300 415 760
1 3 6 149 268
1 6 300 3 47 131 6 61
1 1 2
1 2 78 185
1 2 78 185
1 1 38
1 2 20 87
1 2 20 90
1 2 20 87
1 2 20 87
1 6 27 149 268 104 149 271
1 4 6 149 268 385
1 25 27 149 268 104 268 149 63 6 149 268 104 149 268 149 6 61 61 149 6 149 6 149 268 104 149
1 10 27 149 6 104 149 104 149 6 61 61
1 3 5 880 929
1 9 27 149 268 149 268 149 104 268 388
1 3 6 149 6
1 7 27 149 268 149 268 149 269
1 15 6 149 104 149 6 149 104 268 149 268 104 268 149 104 268
1 2 27 103
1 21 27 149 268 149 6 104 149 268 149 6 149 104 268 149 268 149 6 61 149 6 149
1 2 27 106
1 4 6 149 268 104
1 3 20 92 206
1 2 20 87
1 5 27 149 268 104 220
1 1 41
1 10 27 104 149 268 149 268 149 104 149 269
1 2 27 106
1 6 5 6 149 6 104 149
1 2 27 103
1 9 27 149 6 149 6 61 149 6 149
1 5 5 6 149 6 104
1 3 27 104 219
1 11 27 104 149 6 149 6 149 104 149 6 149
1 23 27 104 268 149 268 149 6 149 268 149 268 104 149 6 61 104 149 6 104 268 149 6 149
1 5 6 149 268 104 218
1 4 27 149 268 388
1 2 27 106
1 6 6 149 6 149 104 149
1 9 27 149 268 149 6 149 104 149 6
1 3 6 149 270
1 17 27 149 268 149 268 149 268 149 6 61 104 268 149 6 149 268 385
1 10 27 104 149 6 61 149 6 149 268 104
1 3 27 149 270
1 10 27 149 268 149 6 149 6 149 6 104
1 1 14
1 9 27 104 149 6 61 149 268 149 268
1 6 6 149 268 149 6 66
1 2 27 103
1 7 27 149 104 149 6 64 162
1 25 27 149 6 61 5 6 61 149 268 149 6 61 104 268 149 6 61 149 268 149 6 61 149 6 149
1 19 6 61 61 149 104 149 6 63 6 104 268 104 149 6 61 61 61 104 149
1 3 20 92 206
1 3 20 92 203
1 2 11 76
1 3 20 92 204
1 2 6 67
1 4 3 47 131 246
1 3 3 47 131
1 5 6 61 149 268 63
1 4 3 47 131 250
1 2 3 50
1 3 6 64 163
1 2 3 48
1 4 6 61 149 268
1 3 6 63 158
1 3 3 47 135
1 4 6 61 149 268
1 4 6 61 149 63
1 1 31
1 3 63 6 61
1 4 6 61 149 268
1 4 6 63 6 61
1 3 63 6 61
1 3 5 6 60
1 4 3 47 131 245
1 3 6 61 5
1 4 6 61 5 59
1 2 13 79
1 3 63 63 63
1 5 268 63 5 880 931
1 6 3 47 131 6 61 5
1 1 23
1 3 6 61 5
1 4 63 170 6 61
1 5 63 6 63 5 58
1 6 3 47 131 6 61 153
1 10 13 78 182 300 415 520 613 693 760 825
1 2 3 52
1 6 13 78 182 300 3 53
1 12 13 78 182 300 415 520 613 693 760 822 169 290
1 1 34
1 1 33
1 2 11 75
1 3 78 182 303
1 3 3 47 131
1 2 1 44
1 2 25 101
