420 170
1 3 1 56 56
1 6 3 47 139 259 139 259
1 4 4 56 162 285
1 6 47 7 74 3 47 141
1 6 3 47 139 259 139 259
1 6 3 47 139 259 139 259
1 1 8
1 6 3 47 139 259 139 259
1 9 4 56 162 3 47 139 259 139 259
1 8 3 47 139 259 139 259 139 259
1 6 3 47 139 259 139 259
1 4 4 56 162 285
1 3 4 56 162
1 3 3 47 5
1 1 9
1 2 10 78
1 3 3 47 5
1 2 4 60
1 4 3 47 139 259
1 3 3 47 145
1 6 4 56 162 3 47 146
1 13 12 82 194 319 441 553 648 732 804 871 931 982 1026
1 11 12 82 194 319 441 553 648 732 804 871 935
1 4 3 47 139 259
1 4 3 47 139 259
1 1 15
1 6 3 47 139 259 139 259
1 6 3 47 139 259 139 259
1 6 3 47 139 259 139 259
1 6 3 47 139 259 139 259
1 6 3 47 139 259 139 259
1 8 3 47 139 259 139 259 139 259
1 7 5 3 47 7 74 3 47
1 4 3 47 139 259
1 4 3 47 139 259
1 6 5 3 47 139 259 5
1 4 3 47 139 259
1 4 17 94 212 343
1 2 5 69
1 3 3 47 145
1 4 3 47 139 259
1 4 3 47 139 259
1 3 3 3 47
1 4 3 47 139 259
1 3 82 194 321
1 1 11
1 3 5 3 47
1 3 3 47 47
1 3 3 47 5
1 3 3 47 5
1 3 5 3 47
1 3 7 3 47
1 3 12 82 196
1 1 13
1 1 13
1 4 12 82 194 321
1 2 82 195
1 3 82 194 323
1 1 19
1 1 20
1 2 12 83
1 1 13
1 4 12 82 194 324
1 3 50 50 50
1 3 3 3 47
1 2 23 105
1 2 10 79
1 2 82 195
1 6 24 107 74 3 47 7
1 6 24 107 74 3 50 7
1 6 24 107 74 3 50 7
1 6 24 107 74 3 50 7
1 5 24 107 74 3 48
1 6 24 107 74 3 50 7
1 6 24 107 74 3 50 7
1 6 24 107 74 7 3 47
1 3 24 107 229
1 6 24 107 74 7 3 47
1 1 21
1 5 24 107 74 7 3
1 5 24 107 74 7 3
1 5 24 107 74 7 3
1 3 1 56 56
1 1 26
1 4 3 47 139 259
1 3 17 94 213
1 3 17 94 213
1 4 4 56 162 287
1 4 3 47 139 259
1 3 17 94 210
1 2 17 91
1 6 7 74 74 7 3 47
1 6 7 74 74 7 3 47
1 5 4 56 162 3 47
1 5 4 56 162 3 47
1 6 7 74 74 7 74 182
1 6 7 74 74 7 3 47
1 6 7 74 74 7 3 47
1 6 7 74 74 7 3 47
1 6 7 74 74 7 3 47
1 6 7 74 74 7 3 47
1 6 7 74 74 7 3 47
1 3 5 67 176
1 8 3 47 139 259 139 259 139 259
1 8 3 47 139 259 139 259 139 259
1 8 3 47 139 259 139 259 139 259
1 8 3 47 139 259 139 259 139 259
1 11 5 3 47 5 3 47 5 3 47 139 259
1 8 3 47 139 259 139 259 139 259
1 8 3 47 139 259 139 259 139 259
1 3 5 67 176
1 1 21
1 2 1 42
1 2 4 64
1 3 17 94 213
1 1 21
1 4 17 94 212 342
1 3 4 56 162
1 5 4 56 162 3 47
1 10 5 3 50 5 3 47 139 259 139 259
1 3 4 56 162
1 5 4 56 162 3 47
1 10 5 3 50 5 3 47 148 3 3 47
1 10 3 50 3 47 148 3 3 47 139 259
1 13 5 3 50 5 3 47 139 259 139 3 47 139 259
1 12 3 50 3 47 148 3 3 47 139 259 139 259
1 10 3 50 3 47 148 3 3 47 139 259
1 10 3 50 3 47 148 3 3 47 139 259
1 10 3 50 3 47 148 3 3 47 139 259
1 8 3 50 3 47 139 3 47 142
1 5 3 3 3 50 152
1 13 5 3 50 5 3 47 139 259 139 3 47 139 259
1 2 23 105
1 6 3 47 139 259 139 259
1 3 3 47 147
1 4 3 47 139 259
1 8 3 47 139 259 139 50 3 47
1 8 3 47 139 259 139 50 3 47
1 10 3 47 139 259 139 259 139 259 139 259
1 4 3 47 139 259
1 4 3 47 139 259
1 8 3 50 7 3 47 5 3 47
1 6 5 3 47 139 259 5
1 2 1 41
1 2 17 93
1 3 17 94 210
1 1 2
1 6 3 47 139 259 139 259
1 6 3 47 139 259 139 259
1 3 3 47 147
1 6 3 47 139 259 139 259
1 6 3 47 139 259 139 259
1 6 3 47 139 259 139 259
1 1 18
1 6 3 47 139 259 139 259
1 3 3 47 147
1 2 7 75
1 3 1 56 56
1 3 3 47 5
1 3 3 47 143
1 3 3 47 145
1 2 23 105
1 3 7 74 181
1 3 5 67 176
1 11 5 3 47 7 74 3 47 139 259 139 259
1 3 5 3 49
1 10 3 47 7 74 3 47 139 259 139 259
1 10 3 47 7 74 3 47 139 259 139 259
1 2 10 78
1 2 23 105
1 1 28
1 3 7 74 185
1 3 7 74 183
1 10 3 47 7 74 3 47 139 259 139 259
1 10 3 47 7 74 3 47 139 259 139 259
1 11 3 3 47 7 74 3 47 139 259 139 259
1 3 7 74 184
1 8 7 74 3 47 139 259 139 259
1 14 12 82 194 319 441 553 648 732 804 871 931 982 5 162
1 14 12 82 194 319 441 553 648 732 804 871 931 982 5 162
1 1 29
1 6 3 47 139 259 139 259
1 6 3 47 139 259 139 259
1 8 3 47 139 259 139 259 139 259
1 4 3 47 139 259
1 4 3 47 139 259
1 6 3 47 139 259 139 259
1 8 3 47 139 259 139 259 139 259
1 6 3 47 139 259 139 259
1 1 2
1 4 3 47 139 259
1 3 82 441 554
1 1 31
1 14 12 82 194 319 441 553 648 732 804 871 931 982 5 162
1 14 12 82 194 319 441 553 648 732 804 871 931 982 5 162
1 1 32
1 14 12 82 194 319 441 553 648 732 804 871 931 982 5 162
1 1 22
1 3 50 50 50
1 1 34
1 14 12 82 194 319 441 553 648 732 804 871 931 982 5 162
1 10 82 194 319 441 553 648 732 804 871 934
1 14 12 82 194 319 441 553 648 732 804 871 931 982 5 162
1 6 12 82 194 319 441 555
1 3 82 441 554
1 1 31
1 3 82 194 320
1 1 22
1 1 33
1 1 15
1 1 16
1 4 3 47 139 259
1 4 3 47 139 259
1 4 3 47 139 259
1 11 12 82 194 319 441 553 648 732 804 871 932
1 4 3 47 139 259
1 11 12 82 194 319 441 553 648 732 804 871 932
1 4 3 47 139 259
1 3 3 3 3
1 3 1 56 56
1 22 3 51 3 47 5 3 50 5 3 47 50 5 3 47 50 5 3 47 139 259 5 65
1 2 10 80
1 2 10 80
1 1 35
1 2 50 154
1 3 17 94 214
1 2 17 92
1 2 50 153
1 1 27
1 4 17 94 212 342
1 4 17 94 212 342
1 11 3 51 3 47 139 50 3 47 139 259 384
1 17 3 51 3 47 139 50 3 47 50 3 47 50 3 47 139 50 50
1 8 3 51 3 47 139 50 3 52
1 6 3 51 3 47 139 261
1 9 50 3 47 50 3 47 139 50 50
1 9 50 3 47 50 3 47 139 259 384
1 6 3 51 3 47 139 261
1 6 3 51 3 47 139 261
1 3 3 47 144
1 3 17 94 210
1 1 36
1 4 3 47 139 259
1 6 5 3 47 139 259 5
1 4 3 3 3 47
1 1 37
1 6 12 82 194 319 4 62
1 4 319 4 56 161
1 4 319 4 56 164
1 6 5 3 47 5 3 47
1 4 319 4 56 161
1 4 319 4 56 163
1 3 319 4 56
1 4 3 47 139 259
1 4 3 47 139 259
1 3 25 3 47
1 4 319 4 56 161
1 3 3 47 25
1 3 3 47 25
1 3 3 47 25
1 3 3 47 25
1 4 3 47 139 259
1 4 3 47 139 259
1 3 3 47 25
1 2 17 95
1 1 36
1 6 3 47 139 259 139 259
1 6 3 47 139 259 139 259
1 1 37
1 8 3 3 3 47 139 259 139 50
1 7 47 47 139 3 47 139 259
1 4 3 47 139 259
1 1 18
1 2 23 106
1 10 82 194 319 441 553 648 732 804 871 933
1 1 39
1 4 3 47 139 259
1 2 47 138
1 4 3 47 139 259
1 3 1 56 56
1 2 6 73
1 3 17 94 211
1 1 18
1 3 3 3 47
1 4 3 47 139 259
1 3 3 3 47
1 6 3 47 139 259 139 259
1 4 3 47 139 259
1 5 3 47 139 259 5
1 2 10 78
1 2 6 72
1 2 6 72
1 6 7 74 74 3 47 140
1 2 6 73
1 6 4 56 162 3 47 145
1 4 4 56 162 286
1 11 12 82 194 319 441 553 648 732 804 871 935
1 2 5 66
1 8 4 56 162 3 47 139 259 5
1 1 13
1 3 82 441 804
1 4 3 47 139 259
1 4 3 47 139 259
1 1 38
1 4 47 139 3 47
1 4 3 47 139 259
1 11 12 82 194 319 441 553 648 732 804 871 935
1 4 82 441 804 873
1 3 441 553 649
1 3 441 804 870
1 2 1 43
1 3 441 804 873
1 1 30
1 4 82 441 804 873
1 3 441 804 870
1 3 441 804 870
1 3 441 804 870
1 3 441 553 649
1 3 441 553 649
1 1 35
1 1 34
1 6 12 82 194 319 4 62
1 8 3 47 139 259 139 259 139 259
1 2 4 59
1 3 319 441 804
1 3 3 3 47
1 6 319 4 56 162 3 47
1 1 2
1 1 30
1 3 3 47 149
1 2 82 197
1 2 82 197
1 3 5 3 52
1 3 3 3 47
1 2 17 90
1 3 1 56 56
1 2 17 90
1 2 17 90
1 6 25 3 47 148 3 53
1 14 3 3 47 47 139 3 47 139 3 47 139 3 3 3
1 5 25 3 47 148 268
1 10 25 3 3 148 3 148 3 3 47 47
1 3 5 67 175
1 7 25 3 47 139 259 139 260
1 14 3 3 47 50 3 3 47 47 139 3 3 3 3 47
1 7 25 3 47 139 259 139 262
1 8 3 3 148 3 3 3 148 268
1 2 25 108
1 11 3 3 3 3 3 3 148 3 47 139 262
1 2 25 109
1 2 17 90
1 5 25 3 47 148 270
1 1 40
1 8 25 148 3 47 139 259 139 260
1 2 25 109
1 6 5 3 3 3 148 3
1 2 25 108
1 9 25 3 3 3 3 47 139 3 3
1 5 5 3 3 3 148
1 11 25 148 3 3 3 3 3 148 3 3 3
1 5 47 139 3 3 54
1 4 25 3 47 150
1 2 25 109
1 9 25 148 3 47 148 3 47 139 260
1 10 25 148 3 3 47 139 3 3 47 148
1 7 47 139 3 3 47 148 271
1 4 25 3 51 155
1 10 25 3 47 139 3 3 3 3 3 148
1 1 14
1 11 25 3 47 139 3 148 3 3 3 148 269
1 9 25 148 3 3 47 139 259 139 259
1 6 25 3 148 3 3 52
1 4 3 3 148 3
1 14 25 3 3 47 5 3 47 139 259 139 3 47 148 268
1 5 3 47 47 139 260
1 4 17 94 212 342
1 2 4 63
1 3 17 94 213
1 2 3 55
1 4 4 56 162 284
1 3 4 56 162
1 2 4 57
1 2 3 52
1 4 3 47 139 259
1 2 4 58
1 2 4 58
1 4 3 47 5 68
1 3 3 50 152
1 4 3 47 139 259
1 4 3 47 139 50
1 3 50 3 47
1 4 3 47 139 259
1 4 3 47 139 259
1 4 3 50 3 47
1 4 4 56 162 285
1 3 3 47 5
1 4 3 47 5 71
1 4 3 47 50 50
1 3 82 194 318
1 3 50 50 50
1 4 3 47 50 50
1 5 47 50 5 67 177
1 1 19
1 3 3 47 5
1 4 50 7 3 47
1 5 50 3 50 5 70
1 6 4 56 162 3 47 144
1 10 12 82 194 319 441 553 648 732 804 872
1 2 4 61
1 6 12 82 194 319 4 62
1 12 12 82 194 319 441 553 648 732 804 871 931 983
1 3 47 139 259
1 1 30
1 1 29
1 2 10 80
1 3 82 194 322
1 3 4 56 162
1 2 1 44
1 4 3 47 139 259
1 1 21
