439 177
1 3 1 56 56
1 6 3 48 136 252 136 252
1 4 4 56 158 278
1 6 48 7 72 3 48 138
1 6 3 48 136 252 136 252
1 1 8
1 8 3 48 136 252 136 252 136 252
1 8 3 48 136 252 136 252 136 252
1 6 3 48 136 252 136 252
1 4 4 56 158 278
1 3 4 56 158
1 3 3 48 6
1 1 9
1 4 10 3 48 6
1 2 4 60
1 1 5
1 4 3 48 136 252
1 3 3 48 141
1 11 11 79 186 312 432 537 627 700 757 809 860
1 4 3 48 136 252
1 4 3 48 136 252
1 4 3 48 136 252
1 6 3 48 136 252 136 252
1 6 3 48 136 252 136 252
1 6 3 48 136 252 136 252
1 6 3 48 136 252 136 252
1 6 3 48 136 252 136 252
1 6 11 79 186 312 432 539
1 8 3 48 136 252 136 252 136 252
1 6 3 48 136 252 136 252
1 8 3 48 136 252 136 252 136 252
1 7 6 3 48 7 72 3 48
1 6 6 3 48 136 252 6
1 4 3 48 136 252
1 4 3 48 136 252
1 3 14 88 200
1 3 14 88 203
1 4 3 48 136 252
1 2 6 67
1 4 10 3 48 6
1 3 6 3 48
1 3 3 48 141
1 4 3 48 136 252
1 4 3 48 136 252
1 4 3 48 136 252
1 3 79 186 314
1 3 6 3 48
1 3 3 48 48
1 3 3 48 6
1 3 6 3 48
1 2 7 71
1 3 3 3 48
1 3 11 79 188
1 1 12
1 4 11 79 186 314
1 1 17
1 1 18
1 1 20
1 1 21
1 3 79 186 316
1 1 22
1 2 11 81
1 1 12
1 4 11 79 186 317
1 3 51 51 51
1 2 24 102
1 2 10 76
1 2 79 187
1 1 12
1 6 25 104 221 352 51 353
1 6 25 104 221 352 51 353
1 6 25 104 221 352 51 353
1 6 25 104 221 352 51 353
1 6 25 104 221 352 51 353
1 6 25 104 221 352 51 353
1 5 25 104 221 352 471
1 6 25 104 221 352 51 353
1 6 25 104 221 352 51 353
1 6 25 104 221 353 3 48
1 6 25 104 221 353 3 48
1 3 25 104 222
1 2 79 190
1 6 25 104 221 353 3 48
1 5 25 104 221 353 3
1 5 25 104 221 353 3
1 5 25 104 221 353 3
1 3 1 56 56
1 2 6 66
1 1 27
1 4 3 48 136 252
1 3 14 88 205
1 3 14 88 205
1 4 4 56 158 281
1 4 3 48 136 252
1 2 14 86
1 3 10 3 48
1 4 10 3 48 6
1 1 28
1 6 7 72 221 353 3 48
1 6 7 72 221 353 3 48
1 5 4 56 158 3 48
1 3 4 56 157
1 4 4 56 158 280
1 5 7 72 221 353 472
1 6 7 72 221 353 3 48
1 6 7 72 221 353 3 48
1 6 7 72 221 353 3 48
1 6 7 72 221 353 3 48
1 6 7 72 221 353 3 48
1 6 7 72 221 353 3 48
1 8 3 48 136 252 136 252 136 252
1 8 3 48 136 252 136 252 136 252
1 11 6 3 48 6 3 48 6 3 48 136 252
1 8 3 48 136 252 136 252 136 252
1 8 3 48 136 252 136 252 136 252
1 8 3 48 136 252 136 252 136 252
1 2 6 69
1 5 6 3 48 6 68
1 2 29 111
1 2 1 43
1 2 4 63
1 3 14 88 205
1 2 29 112
1 3 14 88 203
1 3 4 56 158
1 5 4 56 158 3 48
1 10 6 3 51 6 3 48 136 252 136 252
1 5 4 56 158 3 48
1 10 6 3 51 6 3 48 142 3 3 48
1 13 6 3 51 6 3 48 136 252 136 3 48 136 252
1 12 3 51 3 48 142 3 3 48 136 252 136 252
1 10 3 51 3 48 142 3 3 48 136 252
1 10 3 51 3 48 142 3 3 48 136 252
1 10 3 51 3 48 142 3 3 48 136 252
1 5 3 3 3 51 148
1 13 6 3 51 6 3 48 136 252 136 3 48 136 252
1 6 4 56 158 3 51 6
1 4 51 3 51 149
1 2 24 102
1 6 3 48 136 252 136 252
1 3 3 48 143
1 4 3 48 136 252
1 8 3 48 136 252 136 51 3 48
1 8 3 48 136 252 136 51 3 48
1 10 3 48 136 252 136 252 136 252 136 252
1 4 3 48 136 252
1 4 3 48 136 252
1 8 3 51 353 3 48 6 3 48
1 4 3 51 3 48
1 4 3 51 6 66
1 6 6 3 48 136 252 6
1 2 1 42
1 3 14 88 200
1 2 29 111
1 1 15
1 7 3 48 136 252 136 252 380
1 6 3 48 136 252 136 252
1 6 3 48 136 252 136 252
1 6 3 48 136 252 136 252
1 6 3 48 136 252 136 252
1 3 3 48 143
1 2 7 73
1 3 1 56 56
1 3 3 48 6
1 3 3 48 139
1 2 29 111
1 3 3 48 140
1 3 3 48 141
1 3 7 72 176
1 2 6 69
1 11 6 3 48 7 72 3 48 136 252 136 252
1 10 3 48 7 72 3 48 136 252 136 252
1 3 6 3 50
1 10 3 48 7 72 3 48 136 252 136 252
1 10 3 48 7 72 3 48 136 252 136 252
1 8 7 72 3 48 136 252 136 252
1 4 10 3 48 6
1 2 24 102
1 1 31
1 3 7 72 179
1 3 7 72 176
1 10 3 48 7 72 3 48 136 252 136 252
1 10 3 48 7 72 3 48 136 252 136 252
1 10 3 48 7 72 3 48 136 252 136 252
1 3 7 72 178
1 6 6 3 48 7 72 176
1 8 7 72 3 48 136 252 136 252
1 14 11 79 186 312 432 537 627 700 757 809 352 470 569 158
1 14 11 79 186 312 432 537 627 700 757 809 352 470 569 158
1 1 32
1 6 3 48 136 252 136 252
1 6 3 48 136 252 136 252
1 8 3 48 136 252 136 252 136 252
1 4 3 48 136 252
1 4 3 48 136 252
1 6 3 48 136 252 136 252
1 8 3 48 136 252 136 252 136 252
1 1 2
1 3 79 432 538
1 1 21
1 14 11 79 186 312 432 537 627 700 757 809 352 470 569 158
1 14 11 79 186 312 432 537 627 700 757 809 352 470 569 158
1 1 34
1 14 11 79 186 312 432 537 627 700 757 809 352 470 569 158
1 1 23
1 3 51 51 51
1 1 36
1 14 11 79 186 312 432 537 627 700 757 809 352 470 569 158
1 6 11 79 186 312 432 539
1 14 11 79 186 312 432 537 627 700 757 809 352 470 569 158
1 14 11 79 186 312 432 537 627 700 757 809 352 470 569 158
1 3 79 432 538
1 3 79 186 313
1 1 35
1 1 19
1 1 37
1 4 3 48 136 252
1 4 3 48 136 252
1 4 3 48 136 252
1 4 3 48 136 252
1 4 3 48 136 252
1 11 11 79 186 312 432 537 627 700 757 809 858
1 4 3 48 136 252
1 11 11 79 186 312 432 537 627 700 757 809 858
1 4 3 48 136 252
1 3 3 3 3
1 3 1 56 56
1 2 10 77
1 2 24 102
1 1 28
1 2 51 150
1 3 14 88 204
1 2 14 89
1 2 51 149
1 10 6 3 48 6 3 48 136 252 6 65
1 3 14 88 203
1 3 14 88 203
1 11 3 53 3 48 136 51 3 48 136 252 381
1 6 3 53 3 48 136 255
1 6 3 53 3 48 136 255
1 9 51 3 48 51 3 48 136 51 51
1 6 3 53 3 48 136 255
1 3 3 48 140
1 3 14 88 200
1 1 38
1 4 3 48 136 252
1 4 3 48 136 252
1 6 6 3 48 136 252 6
1 4 3 48 136 252
1 4 3 3 3 48
1 1 39
1 6 11 79 186 312 4 61
1 4 312 4 56 156
1 3 312 4 56
1 4 312 4 56 160
1 6 6 3 48 6 3 48
1 3 312 4 56
1 4 3 48 136 252
1 4 3 48 136 252
1 2 26 106
1 3 26 3 48
1 4 3 48 136 252
1 3 26 3 48
1 4 312 4 56 156
1 3 3 48 144
1 3 3 48 144
1 3 3 48 144
1 3 3 48 144
1 4 3 48 136 252
1 4 3 48 136 252
1 2 3 52
1 1 38
1 6 3 48 136 252 136 252
1 6 3 48 136 252 136 252
1 1 39
1 8 3 3 3 48 136 252 136 51
1 7 48 48 136 3 48 136 252
1 4 3 48 136 252
1 2 24 103
1 10 79 186 312 432 537 627 700 757 809 859
1 4 3 48 136 252
1 2 48 135
1 13 11 79 186 312 432 537 627 700 757 809 352 470 568
1 3 1 56 56
1 5 72 221 353 3 48
1 3 14 88 202
1 1 15
1 1 15
1 4 3 48 136 252
1 3 3 3 48
1 6 3 48 136 252 136 252
1 4 3 48 136 252
1 5 3 48 136 252 6
1 4 10 3 48 6
1 2 79 188
1 4 72 3 48 137
1 5 72 3 48 7 71
1 7 72 221 353 3 48 136 252
1 4 79 432 757 810
1 2 72 177
1 3 3 48 137
1 4 4 56 158 279
1 12 11 79 186 312 432 537 627 700 757 809 861 158
1 2 6 66
1 8 4 56 158 3 48 136 252 6
1 5 79 186 312 432 539
1 3 79 432 757
1 3 79 432 757
1 4 3 48 136 252
1 1 40
1 4 3 48 136 252
1 7 4 56 158 3 48 136 252
1 10 11 79 186 312 432 537 627 700 757 812
1 12 11 79 186 312 432 537 627 700 757 809 861 158
1 4 79 432 757 88
1 5 432 537 757 88 201
1 5 432 537 757 88 201
1 3 432 757 808
1 2 1 44
1 3 432 757 88
1 2 1 44
1 5 432 537 757 88 201
1 2 33 118
1 12 11 79 186 312 432 537 627 700 757 809 861 158
1 12 11 79 186 312 432 537 627 700 757 809 861 158
1 4 79 432 757 88
1 3 432 757 808
1 3 432 757 808
1 4 432 537 757 811
1 3 432 757 808
1 5 432 537 757 88 201
1 3 4 56 158
1 12 11 79 186 312 432 537 627 700 757 809 861 158
1 1 28
1 12 11 79 186 312 432 537 627 700 757 809 861 906
1 1 36
1 6 11 79 186 312 4 61
1 2 33 117
1 8 3 48 136 252 136 252 136 252
1 1 13
1 2 4 59
1 3 3 3 48
1 6 312 4 56 158 3 48
1 1 2
1 2 33 116
1 3 3 48 145
1 2 79 189
1 2 79 189
1 1 39
1 3 6 3 52
1 3 3 3 48
1 2 14 87
1 3 1 56 56
1 2 14 85
1 2 14 85
1 14 3 3 48 48 136 3 48 136 3 48 136 3 3 3
1 25 26 3 48 142 48 136 51 3 3 48 142 3 48 136 3 48 48 136 3 3 3 3 48 142 3
1 10 26 3 3 142 3 142 3 3 48 48
1 14 3 3 48 51 3 3 48 48 136 3 3 3 3 48
1 3 3 3 3
1 11 3 3 142 3 3 3 142 48 136 252 379
1 2 26 105
1 11 3 3 3 3 3 3 142 3 48 136 254
1 21 26 3 48 136 3 142 3 48 136 3 3 142 48 136 252 136 3 48 136 3 3
1 2 26 107
1 4 3 3 48 142
1 3 14 88 204
1 2 14 85
1 5 26 3 48 142 262
1 1 41
1 2 26 107
1 2 26 105
1 3 26 142 261
1 11 26 142 3 3 3 3 3 142 3 3 3
1 5 48 136 3 3 54
1 12 26 142 48 136 252 136 3 3 48 136 252 379
1 5 3 3 48 142 260
1 6 3 3 3 3 142 3
1 9 26 142 3 48 142 3 48 136 253
1 9 26 3 48 136 3 3 142 3 3
1 5 3 3 53 3 142
1 23 26 3 48 136 252 136 252 136 3 48 142 48 136 3 3 48 48 136 3 142 3 3 53
1 10 26 142 3 3 48 136 3 3 48 142
1 7 48 136 3 3 48 142 263
1 4 26 3 53 154
1 10 26 3 48 136 3 3 3 3 3 142
1 1 16
1 11 26 3 48 136 3 142 3 3 3 142 260
1 6 3 3 48 136 3 54
1 2 26 105
1 6 26 3 142 3 3 52
1 4 3 3 142 3
1 3 14 88 204
1 2 10 78
1 2 4 62
1 3 14 88 205
1 2 3 55
1 4 4 56 158 277
1 3 4 56 158
1 5 3 48 136 252 381
1 4 4 56 158 282
1 2 4 57
1 2 3 52
1 4 3 48 136 252
1 2 4 58
1 2 4 58
1 4 3 48 6 68
1 4 3 48 136 252
1 3 3 51 148
1 3 4 56 159
1 4 3 48 136 252
1 1 30
1 3 51 3 48
1 4 3 48 136 252
1 4 3 51 3 48
1 3 51 3 48
1 3 6 3 49
1 3 3 48 6
1 4 3 48 6 70
1 4 3 48 51 51
1 3 79 186 311
1 2 11 80
1 3 51 51 51
1 3 51 51 51
1 4 3 48 51 51
1 4 48 51 6 69
1 6 4 56 158 3 48 6
1 1 22
1 3 3 48 6
1 4 51 353 3 48
1 6 4 56 158 3 48 140
1 10 11 79 186 312 432 537 627 700 757 812
1 3 48 136 252
1 2 33 117
1 3 79 186 315
1 3 4 56 158
1 2 1 45
1 4 3 48 136 252
1 2 29 112
