438 179
1 3 1 54 54
1 6 3 44 127 243 127 243
1 4 4 54 156 273
1 6 44 8 216 340 44 130
1 6 3 44 127 243 127 243
1 6 3 44 127 243 127 243
1 6 3 44 127 243 127 243
1 9 4 54 156 3 44 127 243 127 243
1 8 3 44 127 243 127 243 127 243
1 8 3 44 127 243 127 243 127 243
1 6 3 44 127 243 127 243
1 4 4 54 156 273
1 3 4 54 156
1 3 3 44 6
1 2 4 57
1 1 5
1 3 3 44 132
1 6 4 54 156 3 44 133
1 13 10 73 179 300 420 533 629 708 772 834 340 44 128
1 15 10 73 179 300 420 533 629 708 772 834 895 156 3 44 266
1 11 10 73 179 300 420 533 629 708 772 834 896
1 4 3 44 127 243
1 4 3 44 127 243
1 1 11
1 6 3 44 127 243 127 243
1 6 3 44 127 243 127 243
1 6 3 44 127 243 127 243
1 6 3 44 127 243 127 243
1 6 3 44 127 243 127 243
1 6 3 44 127 243 127 243
1 6 10 73 179 300 420 534
1 8 3 44 127 243 127 243 127 243
1 6 3 44 127 243 127 243
1 7 6 3 44 8 216 340 44
1 4 3 44 127 243
1 4 3 44 127 243
1 6 6 3 44 127 243 368
1 4 3 44 127 243
1 4 3 44 127 243
1 3 16 84 194
1 3 16 84 198
1 4 3 44 127 243
1 2 6 65
1 4 18 3 44 6
1 3 6 3 44
1 4 3 44 127 243
1 3 3 3 44
1 4 3 44 127 243
1 3 73 179 302
1 1 9
1 3 6 3 44
1 3 3 44 266
1 3 3 44 266
1 3 3 44 6
1 2 8 70
1 3 3 3 44
1 3 10 73 181
1 2 179 301
1 2 179 301
1 4 10 73 179 302
1 1 14
1 1 19
1 1 13
1 2 73 180
1 1 20
1 3 73 179 304
1 1 21
1 2 10 75
1 2 179 301
1 4 10 73 179 305
1 3 3 3 44
1 3 24 3 44
1 2 18 88
1 2 73 180
1 2 179 304
1 6 25 100 216 340 44 8
1 6 25 100 216 340 48 8
1 6 25 100 216 340 48 8
1 6 25 100 216 340 48 8
1 6 25 100 216 340 48 8
1 6 25 100 216 340 48 8
1 6 25 100 216 340 48 8
1 5 25 100 216 340 460
1 6 25 100 216 340 48 8
1 6 25 100 216 340 48 8
1 6 25 100 216 342 3 44
1 3 25 100 217
1 2 73 183
1 6 25 100 216 342 3 44
1 1 22
1 5 25 100 216 342 3
1 5 25 100 216 342 3
1 3 1 54 54
1 2 6 63
1 1 27
1 4 3 44 127 243
1 3 16 84 197
1 3 16 84 197
1 4 4 54 156 276
1 3 16 84 194
1 3 18 3 44
1 4 18 3 44 6
1 1 28
1 6 8 216 216 342 3 44
1 6 8 216 216 342 3 44
1 6 8 216 216 342 3 44
1 3 4 54 155
1 4 4 54 156 275
1 5 4 54 156 3 44
1 5 8 216 216 342 462
1 6 8 216 216 342 3 44
1 6 8 216 216 342 3 44
1 2 6 64
1 8 3 44 127 243 127 243 127 243
1 8 3 44 127 243 127 243 127 243
1 8 3 44 127 243 127 243 127 243
1 11 6 3 44 6 3 44 6 3 44 127 243
1 8 3 44 127 243 127 243 127 243
1 8 3 44 127 243 127 243 127 243
1 5 6 3 44 6 66
1 2 1 41
1 2 4 61
1 3 16 84 197
1 3 4 54 156
1 10 6 3 48 6 3 44 127 243 127 243
1 3 4 54 156
1 10 6 3 48 6 3 44 46 3 3 44
1 10 3 48 3 44 46 3 3 44 127 243
1 12 3 48 3 44 46 3 3 44 127 243 127 243
1 10 3 48 3 44 46 3 3 44 127 243
1 8 3 48 3 44 127 3 44 136
1 5 3 3 3 48 145
1 13 6 3 48 6 3 44 127 243 127 3 44 127 243
1 6 4 54 156 3 48 6
1 4 48 3 48 146
1 4 24 3 44 6
1 6 3 44 127 243 127 243
1 4 3 44 127 243
1 8 3 44 127 243 127 48 3 44
1 10 3 44 127 243 127 243 127 243 127 243
1 4 3 44 127 243
1 4 3 48 8 70
1 4 3 48 3 44
1 4 3 48 6 63
1 2 16 83
1 3 16 84 194
1 1 22
1 2 17 86
1 1 2
1 7 3 44 127 243 127 243 370
1 6 3 44 127 243 127 243
1 6 3 44 127 243 127 243
1 6 3 44 127 243 127 243
1 3 3 44 134
1 6 3 44 127 243 127 243
1 6 3 44 127 243 127 243
1 2 17 86
1 6 3 44 127 243 127 243
1 3 3 44 134
1 2 8 71
1 3 1 54 54
1 3 3 44 6
1 1 22
1 3 3 44 131
1 3 3 44 132
1 4 24 3 44 6
1 3 8 216 341
1 11 6 3 44 8 216 340 44 127 243 127 243
1 10 3 44 8 216 340 44 127 243 127 243
1 3 6 3 47
1 10 3 44 8 216 340 44 127 243 127 243
1 8 8 216 340 44 127 243 127 243
1 4 18 3 44 6
1 5 24 3 44 127 243
1 3 8 216 344
1 3 8 216 341
1 3 8 216 345
1 10 3 44 8 216 340 44 127 243 127 243
1 11 3 3 44 8 216 340 44 127 243 127 243
1 10 3 44 8 216 340 44 127 243 127 243
1 3 8 216 343
1 6 6 3 44 8 216 341
1 8 8 216 340 44 127 243 127 243
1 14 10 73 179 300 420 533 629 708 772 834 340 44 6 156
1 14 10 73 179 300 420 533 629 708 772 834 340 44 6 156
1 6 3 44 127 243 127 243
1 6 3 44 127 243 127 243
1 8 3 44 127 243 127 243 127 243
1 4 3 44 127 243
1 6 3 44 127 243 127 243
1 6 3 44 127 243 127 243
1 4 3 44 127 243
1 1 20
1 14 10 73 179 300 420 533 629 708 772 834 340 44 6 156
1 1 30
1 14 10 73 179 300 420 533 629 708 772 834 340 44 6 156
1 14 10 73 179 300 420 533 629 708 772 834 340 44 6 156
1 1 23
1 14 10 73 179 300 420 533 629 708 772 834 340 44 6 156
1 6 10 73 179 300 420 534
1 10 73 179 300 420 533 629 708 772 834 894
1 14 10 73 179 300 420 533 629 708 772 834 340 44 6 156
1 14 10 73 179 300 420 533 629 708 772 834 340 44 6 156
1 6 10 73 179 300 420 534
1 1 20
1 3 73 179 301
1 1 23
1 1 31
1 1 12
1 4 3 44 127 243
1 4 3 44 127 243
1 4 3 44 127 243
1 4 3 44 127 243
1 11 10 73 179 300 420 533 629 708 772 834 892
1 4 3 44 127 243
1 3 3 3 3
1 3 1 54 54
1 5 3 50 151 266 393
1 2 18 89
1 4 24 3 44 6
1 2 18 89
1 1 28
1 2 48 147
1 2 48 146
1 9 6 3 44 6 3 44 127 243 368
1 1 15
1 3 16 84 198
1 3 16 84 198
1 19 3 50 151 266 3 48 3 44 127 243 371 151 266 48 3 44 127 243 371
1 20 3 50 151 266 3 50 48 3 44 127 243 371 151 266 48 3 44 127 48 48
1 17 3 50 151 266 3 48 3 44 48 3 44 48 3 44 127 48 48
1 9 3 50 151 266 3 48 3 49 148
1 20 3 50 151 266 3 50 48 3 44 127 243 371 151 266 48 3 44 127 48 48
1 22 3 50 151 266 3 50 48 48 3 44 127 243 127 48 3 44 48 3 44 127 48 48
1 9 48 3 44 48 3 44 127 48 48
1 9 48 3 44 48 3 44 127 243 371
1 20 3 50 151 266 3 50 48 3 44 127 243 371 151 266 48 3 44 127 48 48
1 20 3 50 151 266 3 50 48 3 44 127 243 371 151 266 48 3 44 127 48 48
1 3 3 44 131
1 3 16 84 194
1 1 33
1 4 3 44 127 243
1 4 3 44 127 243
1 6 6 3 44 127 243 368
1 4 3 44 127 243
1 1 34
1 6 10 73 179 300 4 59
1 4 300 4 54 154
1 3 300 4 54
1 4 300 4 54 159
1 6 6 3 44 6 3 44
1 4 300 4 54 154
1 4 300 4 54 157
1 3 300 4 54
1 2 26 102
1 3 26 3 44
1 4 3 44 127 243
1 3 26 3 44
1 4 300 4 54 154
1 3 3 44 135
1 3 3 44 135
1 3 3 44 135
1 3 3 49 148
1 3 3 44 135
1 2 16 85
1 1 33
1 6 3 44 127 243 127 243
1 6 3 44 127 243 127 243
1 1 34
1 8 3 3 3 44 127 243 127 48
1 2 17 87
1 2 24 99
1 10 73 179 300 420 533 629 708 772 834 893
1 1 36
1 4 3 44 127 243
1 2 44 126
1 13 10 73 179 300 420 533 629 708 772 834 340 44 128
1 4 3 44 127 243
1 1 7
1 3 16 84 196
1 2 17 86
1 3 3 3 44
1 4 3 44 127 243
1 3 3 3 44
1 4 3 44 127 243
1 5 3 44 127 243 368
1 4 18 3 44 6
1 2 73 181
1 6 8 216 216 340 44 129
1 1 7
1 4 73 420 772 835
1 1 7
1 3 3 44 129
1 6 4 54 156 3 44 132
1 4 4 54 156 274
1 12 10 73 179 300 420 533 629 708 772 834 895 156
1 5 73 179 300 420 534
1 3 179 300 421
1 3 73 420 772
1 3 73 420 772
1 4 3 44 127 243
1 4 3 44 127 243
1 1 35
1 4 44 127 3 44
1 4 3 44 127 243
1 7 4 54 156 3 44 127 243
1 10 10 73 179 300 420 533 629 708 772 837
1 12 10 73 179 300 420 533 629 708 772 834 895 156
1 4 73 420 772 84
1 5 420 533 772 84 195
1 5 420 533 772 84 195
1 3 420 772 833
1 2 1 42
1 3 420 772 84
1 2 1 42
1 3 420 772 84
1 5 420 533 772 84 195
1 12 10 73 179 300 420 533 629 708 772 834 895 156
1 12 10 73 179 300 420 533 629 708 772 834 895 156
1 4 73 420 772 84
1 3 420 772 833
1 4 420 533 772 836
1 3 420 772 833
1 4 420 533 772 836
1 5 420 533 772 84 195
1 3 4 54 156
1 12 10 73 179 300 420 533 629 708 772 834 895 156
1 1 28
1 12 10 73 179 300 420 533 629 708 772 834 895 946
1 1 32
1 6 10 73 179 300 4 59
1 1 37
1 8 3 44 127 243 127 243 127 243
1 1 15
1 2 4 56
1 3 300 420 772
1 1 2
1 1 37
1 3 3 44 138
1 2 73 182
1 1 34
1 3 6 3 49
1 3 3 3 44
1 2 16 81
1 2 16 82
1 3 1 54 54
1 2 16 81
1 6 26 3 44 46 3 51
1 10 26 3 3 46 3 46 3 3 44 266
1 2 6 64
1 7 26 3 44 127 243 127 244
1 14 3 3 44 48 3 3 44 266 3 3 3 3 3 44
1 3 3 3 3
1 7 26 3 44 127 243 127 245
1 2 26 101
1 11 3 3 3 3 3 3 46 3 44 127 245
1 21 26 3 44 127 3 46 3 44 127 3 3 46 44 127 243 127 3 44 127 3 3
1 4 3 3 44 46
1 3 16 84 199
1 5 26 3 44 46 142
1 1 38
1 8 26 46 3 44 127 243 127 244
1 2 26 103
1 6 6 3 3 3 46 3
1 2 26 101
1 9 26 3 3 3 3 44 127 3 3
1 5 6 3 3 3 46
1 3 26 46 141
1 11 26 46 3 3 3 3 3 46 3 3 3
1 5 44 127 3 3 52
1 12 26 46 44 127 243 127 3 3 44 127 243 369
1 5 3 3 44 46 140
1 4 26 3 44 137
1 2 26 103
1 6 3 3 3 3 46 3
1 9 26 46 3 44 46 3 44 127 244
1 9 26 3 44 127 3 3 46 3 3
1 5 3 3 50 151 267
1 23 26 3 44 127 243 127 243 127 3 44 46 44 127 3 3 44 266 3 3 46 3 3 50
1 10 26 46 3 3 44 127 3 3 44 46
1 7 44 127 3 3 44 46 143
1 10 26 3 44 127 3 3 3 3 3 46
1 11 26 3 44 127 3 46 3 3 3 46 140
1 9 26 46 3 3 44 127 243 127 243
1 6 3 3 44 127 3 52
1 2 26 101
1 7 26 3 46 3 3 49 149
1 4 3 3 46 3
1 25 26 3 3 44 6 3 44 127 243 127 3 44 46 44 127 3 44 127 243 127 3 44 127 3 3
1 17 3 44 266 3 46 3 3 48 3 46 44 46 3 3 44 266 392
1 3 16 84 199
1 3 16 84 198
1 2 18 90
1 2 4 60
1 3 16 84 197
1 2 3 53
1 4 4 54 156 272
1 3 4 54 156
1 5 3 44 127 243 371
1 4 4 54 156 277
1 3 3 49 150
1 4 3 44 127 243
1 2 4 55
1 4 3 44 6 66
1 4 3 44 127 243
1 3 3 48 145
1 3 4 54 158
1 4 3 44 127 48
1 1 29
1 3 48 3 44
1 4 3 44 127 243
1 4 3 44 127 243
1 4 3 48 3 44
1 3 48 3 44
1 3 6 3 45
1 4 4 54 156 273
1 4 3 44 48 48
1 3 73 179 299
1 2 10 74
1 3 48 48 48
1 3 48 48 48
1 4 3 44 48 48
1 4 44 48 6 64
1 6 4 54 156 3 44 6
1 1 39
1 3 3 44 6
1 3 48 8 70
1 5 48 3 48 6 67
1 6 4 54 156 3 44 131
1 2 4 58
1 6 10 73 179 300 4 59
1 12 10 73 179 300 420 533 629 708 772 834 340 459
1 3 44 127 243
1 1 40
1 2 18 89
1 3 73 179 303
1 3 4 54 156
1 4 3 44 127 243
