536 198
1 3 1 58 58
1 6 3 50 143 269 143 269
1 4 4 58 165 292
1 2 269 407
1 6 3 50 143 269 143 269
1 6 3 50 143 269 143 269
1 1 8
1 6 3 50 143 269 143 269
1 9 4 58 165 3 50 143 269 143 269
1 8 3 50 143 269 143 269 143 269
1 8 3 50 143 269 143 269 143 269
1 6 3 50 143 269 143 269
1 4 4 58 165 292
1 3 4 58 165
1 3 3 50 6
1 1 9
1 4 10 3 50 6
1 3 3 50 6
1 2 4 62
1 1 5
1 4 3 50 143 269
1 3 3 50 148
1 6 4 58 165 3 50 149
1 13 12 82 196 326 460 587 698 794 874 945 268 398 528
1 15 12 82 196 326 460 587 698 794 874 945 1011 165 3 50 144
1 11 12 82 196 326 460 587 698 794 874 945 1012
1 4 3 50 143 269
1 4 3 50 143 269
1 4 3 50 143 269
1 1 15
1 6 3 50 143 269 143 269
1 6 3 50 143 269 143 269
1 6 3 50 143 269 143 269
1 6 3 50 143 269 143 269
1 6 3 50 143 269 143 269
1 6 3 50 143 269 143 269
1 6 12 82 196 326 460 588
1 8 3 50 143 269 143 269 143 269
1 6 3 50 143 269 143 269
1 8 3 50 143 269 143 269 143 269
1 7 6 3 50 7 74 268 398
1 4 3 50 143 269
1 4 3 50 143 269
1 6 6 3 50 143 269 6
1 4 3 50 143 269
1 4 3 50 143 269
1 5 20 99 3 50 146
1 4 20 99 222 356
1 4 3 50 143 269
1 2 6 70
1 4 10 3 50 6
1 3 6 3 50
1 3 3 50 148
1 4 3 50 143 269
1 4 3 50 143 269
1 3 3 143 269
1 4 3 50 143 269
1 3 82 196 328
1 1 11
1 3 6 3 50
1 3 3 50 144
1 3 3 50 144
1 3 3 50 6
1 3 3 50 6
1 3 6 3 50
1 3 7 3 50
1 3 3 143 269
1 3 12 82 198
1 2 196 327
1 2 196 327
1 4 12 82 196 328
1 1 18
1 1 21
1 1 17
1 2 82 197
1 1 22
1 3 82 196 330
1 1 23
1 1 24
1 2 12 84
1 2 196 327
1 4 12 82 196 331
1 3 54 54 54
1 3 3 143 269
1 3 27 3 50
1 2 10 78
1 2 82 197
1 2 196 330
1 6 28 112 74 268 398 530
1 6 28 112 74 268 54 7
1 6 28 112 74 268 54 7
1 6 28 112 74 268 54 7
1 6 28 112 74 268 54 7
1 6 28 112 74 268 54 7
1 6 28 112 74 268 54 7
1 6 28 112 74 268 54 7
1 5 28 112 74 268 400
1 6 28 112 74 268 54 7
1 6 28 112 74 268 54 7
1 6 28 112 74 7 3 50
1 6 28 112 74 7 3 50
1 3 28 112 239
1 2 82 200
1 6 28 112 74 7 3 50
1 2 25 108
1 5 28 112 74 7 3
1 5 28 112 74 7 3
1 5 28 112 74 7 3
1 3 1 58 58
1 2 6 69
1 1 30
1 4 3 50 143 269
1 3 20 99 223
1 3 20 99 223
1 4 4 58 165 295
1 4 3 50 143 269
1 5 20 99 3 50 146
1 2 20 95
1 3 10 3 50
1 4 10 3 50 6
1 1 31
1 6 7 74 183 7 3 50
1 6 7 74 183 7 3 50
1 6 7 74 183 7 3 50
1 5 4 58 165 3 50
1 3 4 58 164
1 4 4 58 165 294
1 5 4 58 165 3 50
1 6 7 74 183 7 74 184
1 6 7 74 183 7 3 50
1 6 7 74 183 7 3 50
1 6 7 74 183 7 3 50
1 6 7 74 183 7 3 50
1 6 7 74 183 7 3 50
1 6 7 74 183 7 3 50
1 3 6 1011 1068
1 8 3 50 143 269 143 269 143 269
1 8 3 50 143 269 143 269 143 269
1 8 3 50 143 269 143 269 143 269
1 8 3 50 143 269 143 269 143 269
1 11 6 3 50 6 3 50 6 3 50 143 269
1 8 3 50 143 269 143 269 143 269
1 8 3 50 143 269 143 269 143 269
1 8 3 50 143 269 143 269 143 269
1 3 6 1011 1068
1 5 6 3 50 6 71
1 2 25 107
1 2 1 45
1 2 4 66
1 3 20 99 223
1 2 25 108
1 4 20 99 222 355
1 3 4 58 165
1 5 4 58 165 3 50
1 10 6 3 54 6 3 50 143 269 143 269
1 3 4 58 165
1 5 4 58 165 3 50
1 7 6 3 54 6 3 50 150
1 10 3 54 143 269 408 268 268 398 3 50
1 13 6 3 54 6 3 50 143 269 143 268 398 3 50
1 12 3 54 143 269 408 268 268 398 3 50 143 269
1 10 3 54 143 269 408 268 268 398 3 50
1 10 3 54 143 269 408 268 268 398 3 50
1 10 3 54 143 269 408 268 268 398 3 50
1 8 3 54 143 269 143 268 398 531
1 5 3 143 268 54 157
1 13 6 3 54 6 3 50 143 269 143 268 398 3 50
1 6 4 58 165 3 54 6
1 4 54 143 54 158
1 4 27 3 50 6
1 6 3 50 143 269 143 269
1 3 3 50 151
1 4 3 50 143 269
1 8 3 50 143 269 143 54 143 269
1 8 3 50 143 269 143 54 143 269
1 10 3 50 143 269 143 269 143 269 143 269
1 4 3 50 143 269
1 4 3 50 143 269
1 8 3 54 7 3 50 6 3 50
1 4 3 54 143 269
1 4 3 54 6 69
1 6 6 3 50 143 269 6
1 2 1 44
1 2 20 98
1 4 20 99 3 50
1 2 25 107
1 6 99 3 50 143 269 405
1 1 2
1 7 3 50 143 269 143 269 409
1 6 3 50 143 269 143 269
1 6 3 50 143 269 143 269
1 6 3 50 143 269 143 269
1 3 3 50 151
1 6 3 50 143 269 143 269
1 6 3 50 143 269 143 269
1 6 3 50 143 269 143 269
1 4 99 3 50 151
1 6 3 50 143 269 143 269
1 3 3 50 151
1 2 7 75
1 3 1 58 58
1 3 3 50 6
1 3 3 50 146
1 2 25 107
1 3 3 50 147
1 3 3 50 148
1 4 27 3 50 6
1 3 7 74 182
1 3 6 1011 1068
1 11 6 3 50 7 74 268 398 3 50 143 269
1 10 3 50 7 74 268 398 3 50 143 269
1 3 6 3 53
1 10 3 50 7 74 268 398 3 50 143 269
1 10 3 50 7 74 268 398 3 50 143 269
1 8 7 74 268 398 3 50 143 269
1 4 10 3 50 6
1 5 27 3 50 143 269
1 1 33
1 3 7 74 187
1 3 7 74 182
1 3 7 74 185
1 10 3 50 7 74 268 398 3 50 143 269
1 10 3 50 7 74 268 398 3 50 143 269
1 4 3 143 269 407
1 10 3 50 7 74 268 398 3 50 143 269
1 3 7 74 186
1 6 6 3 50 7 74 182
1 8 7 74 268 398 3 50 143 269
1 14 12 82 196 326 460 587 698 794 874 945 268 398 6 165
1 14 12 82 196 326 460 587 698 794 874 945 268 398 6 165
1 1 34
1 6 3 50 143 269 143 269
1 6 3 50 143 269 143 269
1 8 3 50 143 269 143 269 143 269
1 4 3 50 143 269
1 4 3 50 143 269
1 6 3 50 143 269 143 269
1 8 3 50 143 269 143 269 143 269
1 6 3 50 143 269 143 269
1 1 2
1 4 3 50 143 269
1 3 82 13 85
1 1 22
1 14 12 82 196 326 460 587 698 794 874 945 268 398 6 165
1 14 12 82 196 326 460 587 698 794 874 945 268 398 6 165
1 1 36
1 14 12 82 196 326 460 587 698 794 874 945 268 398 6 165
1 14 12 82 196 326 460 587 698 794 874 945 268 398 6 165
1 1 26
1 3 54 54 54
1 1 38
1 14 12 82 196 326 460 587 698 794 874 945 268 398 6 165
1 6 12 82 196 326 460 588
1 10 82 196 326 460 587 698 794 874 945 1010
1 14 12 82 196 326 460 587 698 794 874 945 268 398 6 165
1 14 12 82 196 326 460 587 698 794 874 945 268 398 6 165
1 6 12 82 196 326 460 588
1 3 82 13 85
1 1 22
1 3 82 196 327
1 1 26
1 1 37
1 1 15
1 1 16
1 4 3 50 143 269
1 4 3 50 143 269
1 4 3 50 143 269
1 4 3 50 143 269
1 4 3 50 143 269
1 11 12 82 196 326 460 587 698 794 874 945 1008
1 4 3 50 143 269
1 11 12 82 196 326 460 587 698 794 874 945 1008
1 4 3 50 143 269
1 3 3 143 268
1 3 1 58 58
1 11 3 56 268 398 6 3 54 6 3 50 152
1 2 10 79
1 4 27 3 50 6
1 2 10 79
1 1 31
1 2 54 159
1 3 20 99 225
1 2 20 96
1 2 54 158
1 10 6 3 50 6 3 50 143 269 6 68
1 1 19
1 4 20 99 222 355
1 4 20 99 222 355
1 19 3 56 268 398 3 54 143 269 143 269 54 143 269 54 143 269 143 269 54
1 20 3 56 268 398 3 56 54 143 269 143 269 54 143 269 54 143 269 143 54 54
1 17 3 56 268 398 3 54 143 269 54 143 269 54 143 269 143 54 54
1 8 3 56 268 398 3 54 143 270
1 20 3 56 268 398 3 56 54 143 269 143 269 54 143 269 54 143 269 143 54 54
1 22 3 56 268 398 3 56 54 54 143 269 143 269 143 54 143 269 54 143 269 143 54 54
1 9 54 143 269 54 143 269 143 54 54
1 9 54 143 269 54 143 269 143 269 54
1 20 3 56 268 398 3 56 54 143 269 143 269 54 143 269 54 143 269 143 54 54
1 20 3 56 268 398 3 56 54 143 269 143 269 54 143 269 54 143 269 143 54 54
1 3 3 50 147
1 6 20 99 3 50 143 269
1 1 39
1 4 3 50 143 269
1 4 3 50 143 269
1 6 6 3 50 143 269 6
1 4 3 50 143 269
1 4 3 143 268 398
1 1 40
1 6 12 82 196 326 4 64
1 4 326 4 58 163
1 3 326 4 58
1 4 326 4 58 168
1 6 6 3 50 6 3 50
1 4 326 4 58 163
1 4 326 4 58 166
1 3 326 4 58
1 4 3 50 143 269
1 4 3 50 143 269
1 2 29 114
1 3 29 143 269
1 4 3 50 143 269
1 3 29 143 269
1 4 326 4 58 163
1 3 3 50 29
1 3 3 50 29
1 3 3 50 29
1 3 3 50 29
1 3 3 50 29
1 4 3 50 143 269
1 4 3 50 143 269
1 2 3 55
1 3 3 50 29
1 2 20 100
1 1 39
1 6 3 50 143 269 143 269
1 6 3 50 143 269 143 269
1 1 40
1 8 3 143 268 398 3 50 143 54
1 2 269 406
1 4 3 50 143 269
1 2 99 224
1 2 27 111
1 10 82 196 326 460 587 698 794 874 945 1009
1 1 42
1 4 3 50 143 269
1 2 269 404
1 13 12 82 196 326 460 587 698 794 874 945 268 398 528
1 4 3 50 143 269
1 3 1 58 58
1 5 74 183 7 3 50
1 3 20 99 221
1 2 99 224
1 4 99 3 50 6
1 3 3 143 269
1 4 3 50 143 269
1 3 3 143 269
1 6 3 50 143 269 143 269
1 4 3 50 143 269
1 5 3 50 143 269 6
1 4 10 3 50 6
1 2 82 198
1 4 74 268 398 529
1 4 74 268 398 530
1 4 7 74 183 315
1 7 74 183 7 3 50 143 269
1 4 82 13 86 205
1 4 74 7 3 50
1 3 3 50 145
1 6 4 58 165 3 50 148
1 4 4 58 165 293
1 12 12 82 196 326 460 587 698 794 874 945 1011 165
1 2 6 69
1 8 4 58 165 3 50 143 269 6
1 5 82 196 326 460 588
1 3 196 326 461
1 3 82 13 86
1 3 82 13 86
1 4 3 50 143 269
1 4 3 50 143 269
1 1 41
1 4 269 143 268 398
1 4 3 50 143 269
1 7 4 58 165 3 50 143 269
1 10 12 82 196 326 460 587 698 794 874 946
1 12 12 82 196 326 460 587 698 794 874 945 1011 165
1 4 82 13 86 99
1 5 13 1 86 99 220
1 5 13 1 86 99 220
1 3 13 86 204
1 2 1 46
1 3 13 86 99
1 2 1 46
1 3 13 86 99
1 5 13 1 86 99 220
1 2 35 125
1 12 12 82 196 326 460 587 698 794 874 945 1011 165
1 12 12 82 196 326 460 587 698 794 874 945 1011 165
1 4 82 13 86 99
1 3 13 86 204
1 3 13 86 204
1 4 13 1 86 206
1 3 13 86 204
1 4 13 1 86 206
1 5 13 1 86 99 220
1 3 4 58 165
1 12 12 82 196 326 460 587 698 794 874 945 1011 165
1 1 31
1 12 12 82 196 326 460 587 698 794 874 945 1011 1068
1 1 38
1 6 12 82 196 326 4 64
1 2 35 124
1 8 3 50 143 269 143 269 143 269
1 1 19
1 2 4 61
1 3 326 460 589
1 3 3 143 269
1 6 326 4 58 165 3 50
1 1 2
1 2 35 123
1 3 3 50 153
1 2 82 199
1 2 82 199
1 1 40
1 3 6 3 55
1 3 3 143 269
1 2 20 94
1 2 20 97
1 3 1 58 58
1 2 20 94
1 2 20 94
1 6 29 143 269 408 268 402
1 4 3 143 269 406
1 17 29 143 269 408 269 143 54 143 268 398 408 268 398 3 143 269 406
1 10 29 143 268 408 268 408 268 268 398 527
1 3 6 1011 1067
1 9 29 143 269 143 269 143 408 269 410
1 8 3 143 269 54 143 268 398 527
1 3 3 143 268
1 7 29 143 269 143 269 143 270
1 15 3 143 408 268 268 268 408 269 143 269 408 269 143 408 269
1 2 29 113
1 11 3 143 268 268 268 268 408 268 398 3 55
1 21 29 143 269 143 268 408 268 398 3 143 268 408 269 143 269 143 268 398 3 143 268
1 2 29 115
1 4 3 143 269 408
1 3 20 99 225
1 2 20 94
1 5 29 143 269 408 541
1 1 43
1 10 29 408 268 398 3 50 143 408 268 401
1 2 29 115
1 6 6 3 143 268 408 268
1 2 29 113
1 9 29 143 268 268 268 398 3 143 268
1 5 6 3 143 268 408
1 3 29 408 540
1 11 29 408 268 268 268 268 268 408 268 268 268
1 5 269 143 268 268 403
1 12 29 408 269 143 269 143 268 268 398 3 50 150
1 5 3 143 269 408 539
1 4 29 143 269 410
1 2 29 115
1 6 3 143 268 268 408 268
1 9 29 408 268 398 408 268 398 3 52
1 9 29 143 269 143 268 268 408 268 268
1 3 3 143 271
1 17 29 143 269 143 269 143 269 143 268 398 408 269 143 268 268 398 527
1 10 29 408 268 268 398 3 143 268 398 408
1 7 269 143 268 268 398 408 542
1 3 29 143 271
1 10 29 143 269 143 268 268 268 268 268 408
1 1 14
1 11 29 143 269 143 268 408 268 268 268 408 539
1 9 29 408 268 268 398 3 50 143 269
1 6 3 143 269 143 268 403
1 2 29 113
1 6 29 143 408 268 268 401
1 4 3 143 408 268
1 25 29 143 268 398 6 3 50 143 269 143 268 398 408 269 143 268 398 3 50 143 268 398 3 143 268
1 3 3 50 144
1 3 20 99 225
1 4 20 99 222 355
1 2 10 80
1 2 4 65
1 3 20 99 223
1 2 3 57
1 4 4 58 165 291
1 3 4 58 165
1 5 3 50 143 269 54
1 4 4 58 165 296
1 2 4 59
1 2 3 55
1 4 3 50 143 269
1 2 4 60
1 2 4 60
1 4 3 50 6 71
1 4 3 50 143 269
1 3 3 54 157
1 3 4 58 167
1 4 3 50 143 269
1 4 3 50 143 54
1 1 32
1 3 54 143 269
1 4 3 50 143 269
1 4 3 50 143 269
1 4 3 54 143 269
1 3 54 143 269
1 3 6 3 51
1 4 4 58 165 292
1 3 3 50 6
1 4 3 50 6 73
1 3 3 50 152
1 3 82 196 325
1 2 12 83
1 3 54 54 54
1 3 54 54 54
1 3 3 50 152
1 5 269 54 6 1011 1069
1 6 4 58 165 3 50 6
1 1 23
1 3 3 50 6
1 4 54 7 3 50
1 5 54 143 54 6 72
1 6 4 58 165 3 50 147
1 10 12 82 196 326 460 587 698 794 874 946
1 2 4 63
1 6 12 82 196 326 4 64
1 12 12 82 196 326 460 587 698 794 874 945 268 399
1 3 269 143 269
1 2 35 124
1 1 34
1 2 10 79
1 3 82 196 329
1 3 4 58 165
1 2 1 47
1 4 3 50 143 269
1 2 25 108
