406 167
1 6 1 38 116 219 116 219
1 6 1 38 116 219 116 219
1 1 2
1 6 1 38 116 219 116 219
1 9 3 47 136 1 38 116 219 116 219
1 8 1 38 116 219 116 219 116 219
1 6 1 38 116 219 116 219
1 4 3 47 136 241
1 3 3 47 136
1 3 1 38 6
1 1 7
1 2 8 62
1 3 1 38 6
1 1 5
1 4 1 38 116 219
1 6 3 47 136 1 38 120
1 13 10 66 156 264 368 464 546 619 676 727 778 822 862
1 15 10 66 156 264 368 464 546 619 676 727 782 136 1 38 117
1 11 10 66 156 264 368 464 546 619 676 727 783
1 4 1 38 116 219
1 4 1 38 116 219
1 4 1 38 116 219
1 1 13
1 6 1 38 116 219 116 219
1 6 1 38 116 219 116 219
1 6 1 38 116 219 116 219
1 6 1 38 116 219 116 219
1 6 10 66 156 264 368 465
1 8 1 38 116 219 116 219 116 219
1 8 1 38 116 219 116 219 116 219
1 4 1 38 116 219
1 4 1 38 116 219
1 6 6 1 38 116 219 6
1 4 1 38 116 219
1 4 1 38 116 219
1 5 17 83 1 38 118
1 3 17 83 178
1 4 1 38 116 219
1 2 6 57
1 2 8 62
1 3 6 1 38
1 3 1 38 122
1 4 1 38 116 219
1 3 1 116 219
1 3 66 156 265
1 1 9
1 3 1 38 117
1 3 1 38 117
1 3 1 38 6
1 3 1 38 6
1 3 6 1 38
1 2 18 85
1 3 1 116 219
1 3 10 66 158
1 1 11
1 1 15
1 1 19
1 1 14
1 2 66 157
1 1 20
1 1 21
1 1 22
1 2 10 68
1 3 41 41 41
1 3 1 116 219
1 2 25 96
1 2 66 157
1 1 11
1 6 26 98 200 778 822 863
1 6 26 98 200 778 41 18
1 6 26 98 200 778 41 18
1 6 26 98 200 778 41 18
1 6 26 98 200 778 41 18
1 6 26 98 200 778 41 18
1 6 26 98 200 778 41 18
1 6 26 98 200 778 41 18
1 5 26 98 200 778 824
1 6 26 98 200 778 41 18
1 6 26 98 200 305 1 38
1 6 26 98 200 305 1 38
1 3 26 98 199
1 2 66 160
1 6 26 98 200 305 1 38
1 2 23 93
1 5 26 98 200 305 1
1 5 26 98 200 305 1
1 2 6 55
1 4 1 38 116 219
1 3 17 83 179
1 3 17 83 179
1 4 1 38 116 219
1 5 17 83 1 38 118
1 2 17 79
1 2 8 62
1 2 8 62
1 1 28
1 6 18 86 200 305 1 38
1 6 18 86 200 305 1 38
1 5 3 47 136 1 38
1 3 3 47 135
1 4 3 47 136 242
1 5 3 47 136 1 38
1 5 18 86 200 305 407
1 6 18 86 200 305 1 38
1 6 18 86 200 305 1 38
1 6 18 86 200 305 1 38
1 6 18 86 200 305 1 38
1 6 18 86 200 305 1 38
1 6 18 86 200 305 1 38
1 2 6 56
1 8 1 38 116 219 116 219 116 219
1 8 1 38 116 219 116 219 116 219
1 8 1 38 116 219 116 219 116 219
1 8 1 38 116 219 116 219 116 219
1 8 1 38 116 219 116 219 116 219
1 2 6 56
1 5 6 1 38 6 58
1 2 23 92
1 2 464 542
1 3 17 83 179
1 2 23 93
1 3 17 83 178
1 5 3 47 136 1 38
1 10 6 1 41 6 1 38 116 219 116 219
1 3 3 47 136
1 5 3 47 136 1 38
1 10 6 1 41 6 1 38 220 116 116 219
1 10 1 41 1 38 220 116 116 219 116 219
1 13 6 1 41 6 1 38 116 219 116 116 219 116 219
1 12 1 41 1 38 220 116 116 219 116 219 116 219
1 10 1 41 1 38 220 116 116 219 116 219
1 10 1 41 1 38 220 116 116 219 116 219
1 10 1 41 1 38 220 116 116 219 116 219
1 8 1 41 1 38 116 116 219 322
1 13 6 1 41 6 1 38 116 219 116 116 219 116 219
1 6 3 47 136 1 41 6
1 4 41 1 41 127
1 6 1 38 116 219 116 219
1 3 1 38 121
1 8 1 38 116 219 116 41 1 38
1 4 1 38 116 219
1 4 1 38 116 219
1 4 1 41 1 38
1 4 1 41 6 55
1 6 6 1 38 116 219 6
1 2 464 545
1 2 17 82
1 2 23 92
1 6 83 1 38 116 219 323
1 1 4
1 7 1 38 116 219 116 219 324
1 6 1 38 116 219 116 219
1 6 1 38 116 219 116 219
1 6 1 38 116 219 116 219
1 3 1 38 121
1 6 1 38 116 219 116 219
1 6 1 38 116 219 116 219
1 6 1 38 116 219 116 219
1 4 83 1 38 121
1 3 1 38 6
1 3 1 38 118
1 2 23 92
1 3 1 38 119
1 2 25 96
1 3 18 86 184
1 2 6 56
1 10 1 38 18 86 1 38 116 219 116 219
1 10 1 38 18 86 1 38 116 219 116 219
1 10 1 38 18 86 1 38 116 219 116 219
1 8 18 86 1 38 116 219 116 219
1 2 25 96
1 1 29
1 3 18 86 184
1 3 18 86 185
1 10 1 38 18 86 1 38 116 219 116 219
1 10 1 38 18 86 1 38 116 219 116 219
1 4 1 116 219 325
1 10 1 38 18 86 1 38 116 219 116 219
1 6 6 1 38 18 86 184
1 14 10 66 156 264 368 464 546 619 676 727 778 822 6 136
1 1 30
1 8 1 38 116 219 116 219 116 219
1 4 1 38 116 219
1 8 1 38 116 219 116 219 116 219
1 6 1 38 116 219 116 219
1 1 4
1 4 1 38 116 219
1 3 66 368 463
1 1 20
1 14 10 66 156 264 368 464 546 619 676 727 778 822 6 136
1 14 10 66 156 264 368 464 546 619 676 727 778 822 6 136
1 14 10 66 156 264 368 464 546 619 676 727 778 822 6 136
1 14 10 66 156 264 368 464 546 619 676 727 778 822 6 136
1 1 24
1 3 41 41 41
1 1 33
1 14 10 66 156 264 368 464 546 619 676 727 778 822 6 136
1 6 10 66 156 264 368 465
1 10 66 156 264 368 464 546 619 676 727 781
1 14 10 66 156 264 368 464 546 619 676 727 778 822 6 136
1 6 10 66 156 264 368 465
1 3 66 368 463
1 1 20
1 1 24
1 1 32
1 1 13
1 4 1 38 116 219
1 4 1 38 116 219
1 4 1 38 116 219
1 4 1 38 116 219
1 4 1 38 116 219
1 11 10 66 156 264 368 464 546 619 676 727 779
1 22 1 43 1 38 6 1 41 6 1 38 41 6 1 38 41 6 1 38 116 219 6 54
1 2 25 96
1 2 8 63
1 3 17 83 181
1 2 17 80
1 10 6 1 38 6 1 38 116 219 6 54
1 1 16
1 3 17 83 178
1 11 1 43 1 38 116 41 1 38 116 219 326
1 7 1 43 1 38 116 43 130
1 17 1 43 1 38 116 41 1 38 41 1 38 41 1 38 116 41 41
1 8 1 43 1 38 116 41 1 42
1 7 1 43 1 38 116 43 130
1 7 1 43 1 38 116 43 130
1 9 41 1 38 41 1 38 116 41 41
1 9 41 1 38 41 1 38 116 219 326
1 7 1 43 1 38 116 43 130
1 1 35
1 4 1 38 116 219
1 6 6 1 38 116 219 6
1 4 1 38 116 219
1 4 1 116 116 219
1 4 264 3 47 134
1 3 264 3 47
1 4 264 3 47 134
1 4 264 3 47 137
1 4 1 38 116 219
1 4 1 38 116 219
1 2 27 100
1 4 1 38 116 219
1 3 27 1 38
1 4 264 3 47 134
1 3 1 38 27
1 3 1 38 27
1 3 1 38 27
1 3 1 38 27
1 4 1 38 116 219
1 4 1 38 116 219
1 2 1 42
1 3 1 38 27
1 2 17 84
1 1 35
1 6 1 38 116 219 116 219
1 8 1 116 116 219 116 219 116 41
1 2 219 321
1 4 1 38 116 219
1 2 83 180
1 2 25 97
1 10 66 156 264 368 464 546 619 676 727 780
1 1 36
1 13 10 66 156 264 368 464 546 619 676 727 778 822 862
1 4 1 38 116 219
1 2 464 543
1 5 86 200 305 1 38
1 2 83 180
1 4 83 1 38 6
1 3 1 116 219
1 6 1 38 116 219 116 219
1 5 1 38 116 219 6
1 2 66 158
1 4 86 1 38 123
1 5 86 1 38 18 85
1 6 18 86 200 778 822 864
1 7 86 200 305 1 38 116 219
1 4 66 368 676 726
1 2 86 186
1 3 1 38 123
1 6 3 47 136 1 38 122
1 12 10 66 156 264 368 464 546 619 676 727 782 136
1 2 6 55
1 8 3 47 136 1 38 116 219 6
1 5 66 156 264 368 465
1 1 11
1 3 66 368 676
1 4 1 38 116 219
1 4 1 38 116 219
1 4 219 116 116 219
1 7 3 47 136 1 38 116 219
1 10 10 66 156 264 368 464 546 619 676 729
1 3 368 464 547
1 3 368 676 728
1 2 464 544
1 3 368 676 730
1 3 368 676 730
1 3 368 464 547
1 2 31 108
1 12 10 66 156 264 368 464 546 619 676 727 782 136
1 12 10 66 156 264 368 464 546 619 676 727 782 136
1 4 66 368 676 730
1 3 368 676 728
1 3 368 464 547
1 3 368 464 547
1 3 3 47 136
1 12 10 66 156 264 368 464 546 619 676 727 782 136
1 12 10 66 156 264 368 464 546 619 676 727 782 828
1 1 33
1 2 31 107
1 8 1 38 116 219 116 219 116 219
1 1 16
1 3 264 368 676
1 3 1 116 219
1 6 264 3 47 136 1 38
1 2 31 106
1 3 1 38 124
1 2 66 159
1 1 37
1 3 6 1 42
1 3 1 116 219
1 2 17 78
1 2 17 81
1 2 464 543
1 2 17 78
1 6 27 1 38 220 116 222
1 4 1 116 219 321
1 17 27 1 38 220 38 116 41 1 116 219 220 116 219 116 116 219 321
1 2 6 56
1 9 27 1 38 116 219 116 220 38 125
1 4 1 116 219 326
1 3 1 116 116
1 7 27 1 38 116 219 116 221
1 15 1 116 220 116 116 116 220 38 116 219 220 38 116 220 38
1 11 1 116 116 116 116 116 220 116 219 116 221
1 21 27 1 38 116 116 220 116 219 116 116 116 220 38 116 219 116 116 219 116 116 116
1 2 27 101
1 4 1 116 219 220
1 3 17 83 181
1 2 17 78
1 10 27 220 116 219 116 219 116 220 116 221
1 6 6 1 116 116 220 116
1 9 27 1 116 116 116 219 116 116 116
1 5 6 1 116 116 220
1 3 27 220 328
1 5 219 116 116 116 223
1 23 27 220 38 116 219 116 116 116 219 116 219 220 116 116 219 220 116 116 220 38 116 116 116
1 5 1 116 219 220 327
1 4 27 1 38 125
1 2 27 101
1 6 1 116 116 116 220 116
1 23 27 220 116 219 220 116 219 116 220 38 116 219 116 116 219 116 219 116 220 116 41 1 41
1 9 27 1 38 116 116 116 220 116 116
1 5 1 116 43 1 40
1 17 27 1 38 116 219 116 219 116 116 219 220 38 116 116 116 219 321
1 7 219 116 116 116 219 220 329
1 4 27 1 43 129
1 1 12
1 11 27 1 38 116 116 220 116 116 116 220 327
1 9 27 220 116 116 219 116 219 116 219
1 6 1 116 219 116 116 223
1 2 27 99
1 4 1 116 220 116
1 25 27 1 116 219 6 1 38 116 219 116 116 219 220 38 116 116 219 116 219 116 116 219 116 116 116
1 3 1 38 117
1 3 17 83 181
1 3 17 83 178
1 2 8 64
1 2 3 50
1 5 1 38 116 219 326
1 4 3 47 136 243
1 2 3 45
1 4 1 38 116 219
1 2 3 46
1 2 3 46
1 4 1 38 6 58
1 4 1 38 116 219
1 3 3 47 138
1 4 1 38 116 219
1 4 1 38 116 41
1 1 34
1 4 1 38 116 219
1 4 1 38 116 219
1 3 41 1 38
1 3 6 1 39
1 4 3 47 136 241
1 3 1 38 6
1 4 1 38 6 60
1 4 1 38 41 41
1 3 66 156 263
1 2 10 67
1 3 41 41 41
1 3 41 41 41
1 4 1 38 41 41
1 6 3 47 136 1 38 6
1 5 41 1 41 6 59
1 10 10 66 156 264 368 464 546 619 676 729
1 2 3 48
1 6 10 66 156 264 3 49
1 12 10 66 156 264 368 464 546 619 676 727 778 823
1 3 219 116 219
1 2 31 107
1 1 30
1 2 8 63
1 2 464 548
1 4 1 38 116 219
1 2 23 93
