779 683
1 6 1 60 213 232 253 419
1 3 2 5 86
1 5 86 86 5 86 86
1 9 86 5 6 100 260 330 478 568 624
1 6 2 3 2 5 85 72
1 7 1 63 263 429 103 264 430
1 4 7 429 103 263
1 3 3 5 3
1 3 5 85 72
1 6 2 5 86 2 3 5
1 6 8 98 5 3 5 3
1 7 5 85 72 3 5 85 72
1 5 5 541 607 646 667
1 5 9 273 436 543 608
1 4 539 5 88 246
1 3 5 3 75
1 4 11 112 278 441
1 9 3 5 89 154 98 5 3 5 86
1 4 11 607 646 667
1 7 13 116 98 5 3 75 226
1 6 14 117 15 60 154 98
1 4 539 2 5 3
1 5 16 119 60 154 98
1 4 5 3 5 3
1 4 17 154 98 255
1 6 18 124 294 5 90 250
1 3 20 5 3
1 3 20 21 5
1 4 22 103 263 429
1 4 5 3 5 86
1 3 23 5 3
1 5 2 5 86 5 85
1 10 6 99 259 424 533 600 640 665 676 681
1 3 1 5 94
1 3 5 88 5
1 3 23 5 3
1 5 2 5 85 232 253
1 5 2 5 86 5 86
1 5 2 3 5 85 60
1 3 5 85 86
1 6 2 86 5 85 234 405
1 3 23 5 3
1 3 6 5 3
1 5 5 2 3 5 86
1 3 20 129 298
1 3 5 3 76
1 3 3 5 91
1 4 23 5 3 86
1 4 26 253 420 530
1 4 2 5 85 236
1 4 2 68 221 399
1 4 2 68 221 399
1 4 2 5 3 5
1 3 26 21 137
1 3 2 5 88
1 3 23 147 316
1 5 2 86 5 3 72
1 3 3 5 1
1 4 21 142 311 469
1 3 20 5 3
1 4 21 5 3 88
1 4 26 20 5 3
1 4 21 3 5 3
1 4 20 21 5 3
1 3 23 5 3
1 7 2 5 3 72 3 5 94
1 4 27 98 5 94
1 5 3 2 5 86 86
1 3 86 5 3
1 3 5 85 72
1 3 2 3 5
1 4 2 5 3 86
1 3 2 5 3
1 3 2 5 3
1 3 2 5 3
1 4 5 85 5 3
1 3 5 3 86
1 3 5 86 86
1 3 1 62 218
1 5 22 146 429 103 265
1 3 5 6 5
1 3 86 5 3
1 3 2 5 88
1 3 5 85 86
1 3 3 86 86
1 4 26 152 325 476
1 3 24 150 321
1 3 24 103 264
1 3 24 150 322
1 3 86 240 409
1 3 24 150 322
1 5 86 86 2 5 3
1 3 3 5 3
1 5 86 3 5 86 240
1 3 3 77 227
1 6 20 126 296 460 560 616
1 3 86 86 240
1 5 24 149 320 474 567
1 3 3 86 86
1 3 86 3 5
1 4 539 5 3 78
1 6 2 3 5 86 5 3
1 8 5 3 5 3 5 3 5 3
1 3 23 5 85
1 7 5 2 3 5 85 72 222
1 5 2 3 5 3 2
1 4 21 3 5 3
1 3 28 98 5
1 3 6 101 261
1 3 23 5 3
1 4 28 98 5 3
1 3 1 5 88
1 6 2 70 98 98 5 3
1 5 2 3 72 5 94
1 4 2 5 94 252
1 5 21 3 72 5 3
1 4 2 3 78 228
1 4 2 5 85 72
1 5 2 3 5 94 98
1 4 7 103 264 430
1 6 7 103 263 429 103 265
1 8 9 110 273 438 539 5 85 72
1 11 5 86 3 6 98 5 3 5 3 5 84
1 7 9 110 273 437 5 3 75
1 7 29 2 5 3 2 5 2
1 3 86 5 85
1 3 23 5 85
1 4 23 147 317 471
1 4 6 98 100 260
1 3 5 2 5
1 5 29 2 3 81 230
1 7 29 157 157 157 335 481 335
1 3 20 5 84
1 3 20 21 141
1 4 26 26 21 3
1 5 26 26 21 3 5
1 7 29 157 157 335 482 60 215
1 3 20 21 3
1 3 26 26 21
1 3 1 60 214
1 6 86 2 5 2 5 86
1 3 3 5 3
1 6 26 26 26 21 3 73
1 5 3 80 154 332 479
1 10 23 147 318 472 98 5 86 2 5 3
1 9 16 120 286 446 551 614 652 669 677
1 3 21 5 3
1 4 29 156 334 480
1 7 29 2 5 86 2 5 86
1 3 1 61 216
1 4 29 2 5 3
1 3 28 154 332
1 3 29 2 66
1 6 5 86 86 86 5 3
1 3 1 5 6
1 4 5 6 5 3
1 3 25 151 323
1 5 9 110 273 438 539
1 5 9 110 273 436 544
1 6 28 154 98 5 3 82
1 7 9 110 273 436 542 434 539
1 6 8 103 541 607 646 668
1 4 5 86 5 3
1 7 21 5 3 5 3 2 67
1 4 20 5 3 73
1 4 26 26 21 140
1 4 5 86 239 408
1 3 5 85 5
1 3 23 5 3
1 7 16 121 133 301 464 564 621
1 5 32 34 32 33 35
1 3 33 168 35
1 3 32 161 338
1 4 34 170 350 489
1 3 32 34 174
1 4 9 107 270 431
1 5 16 120 289 453 557
1 6 32 33 168 35 180 360
1 3 16 120 283
1 5 16 120 289 452 556
1 3 34 85 5
1 3 32 33 35
1 4 36 32 162 340
1 3 33 168 35
1 5 16 120 288 451 555
1 6 34 32 33 35 5 3
1 4 16 120 288 450
1 10 32 33 168 35 5 3 5 3 5 3
1 3 33 168 35
1 9 37 183 290 457 193 462 176 354 492
1 8 38 121 133 301 462 176 355 495
1 9 26 152 34 85 232 253 419 527 596
1 6 26 20 132 253 420 530
1 3 39 190 371
1 4 21 143 312 470
1 3 26 20 127
1 8 26 152 34 40 194 374 511 585
1 6 26 153 329 232 253 419
1 4 26 26 26 152
1 7 26 152 34 171 351 490 572
1 5 26 152 253 420 530
1 5 42 299 133 301 464
1 3 39 190 370
1 6 23 5 3 5 94 252
1 5 36 32 33 168 35
1 4 34 34 175 353
1 3 36 181 361
1 7 20 132 193 176 354 493 575
1 4 39 191 372 508
1 3 152 324 475
1 7 39 191 20 21 33 168 35
1 8 38 187 368 506 583 631 658 672
1 6 20 40 193 176 354 494
1 4 37 184 364 501
1 4 40 192 373 510
1 9 16 120 284 299 133 301 462 561 617
1 7 9 110 275 273 436 434 539
1 9 20 21 33 168 346 485 570 625 655
1 5 16 120 285 445 550
1 3 34 171 351
1 3 32 5 93
1 9 16 120 284 299 133 301 462 561 618
1 5 152 34 85 86 5
1 3 20 133 300
1 4 39 191 372 509
1 4 152 163 253 419
1 7 39 191 20 21 33 168 35
1 3 152 253 422
1 8 39 191 20 21 33 166 344 483
1 4 152 34 85 236
1 6 39 189 284 299 133 302
1 4 20 132 299 461
1 3 152 253 419
1 7 39 191 20 21 33 168 35
1 8 38 187 368 506 583 631 658 672
1 6 39 191 20 133 301 464
1 11 39 191 20 132 299 133 301 464 98 5 85
1 3 152 327 477
1 7 39 191 20 21 33 168 35
1 7 38 187 368 504 582 630 657
1 3 20 128 297
1 4 36 32 5 88
1 3 33 168 35
1 4 34 32 165 342
1 4 36 32 5 86
1 3 33 168 35
1 3 16 120 283
1 3 16 120 283
1 9 16 120 32 34 169 349 488 571 626
1 6 34 169 457 193 176 354
1 7 36 133 301 462 176 354 491
1 4 9 108 271 432
1 8 32 33 168 35 5 3 5 3
1 3 44 197 378
1 3 32 163 253
1 3 33 168 35
1 4 32 33 168 35
1 3 44 197 379
1 3 45 198 380
1 7 36 32 33 167 345 484 569
1 4 16 120 290 455
1 3 23 5 3
1 4 33 168 35 5
1 4 16 120 288 450
1 3 32 33 35
1 4 16 120 288 450
1 6 32 33 168 35 5 3
1 5 36 182 193 176 354
1 3 47 200 384
1 7 47 121 133 301 464 565 622
1 3 33 168 35
1 3 47 200 383
1 3 23 5 3
1 3 45 198 380
1 6 34 34 32 33 35 5
1 5 36 32 165 5 3
1 5 34 32 165 5 86
1 4 34 85 86 5
1 4 34 40 193 176
1 5 40 193 176 354 493
1 7 32 33 167 345 235 103 263
1 4 37 183 290 456
1 7 32 33 168 35 5 86 239
1 3 16 120 283
1 4 16 120 32 34
1 7 14 118 282 444 163 253 420
1 4 16 120 287 447
1 5 49 121 133 301 464
1 7 49 118 282 444 549 613 651
1 4 32 5 85 72
1 4 33 168 346 486
1 9 16 120 290 454 558 457 193 176 354
1 3 32 5 3
1 5 32 163 253 420 530
1 3 33 168 35
1 3 16 120 283
1 5 32 33 168 347 487
1 3 16 120 283
1 6 34 32 33 35 178 357
1 9 16 120 32 33 168 35 5 86 5
1 8 16 120 290 457 193 176 354 493
1 9 16 120 291 121 133 301 464 563 620
1 3 32 161 339
1 7 50 121 133 301 463 562 619
1 3 34 34 34
1 4 34 34 34 172
1 3 34 34 34
1 3 1 65 220
1 3 34 34 169
1 3 34 34 34
1 3 34 34 34
1 3 34 34 34
1 3 34 34 34
1 3 34 34 34
1 3 34 34 34
1 3 34 34 34
1 4 34 34 169 348
1 3 34 34 34
1 5 36 32 165 5 3
1 4 32 165 5 96
1 4 36 32 164 341
1 5 36 32 165 5 86
1 3 34 34 34
1 7 51 203 362 176 354 491 573
1 3 32 165 343
1 3 32 165 5
1 4 51 203 386 517
1 7 16 120 32 34 176 354 493
1 5 16 120 32 161 338
1 5 9 362 176 354 493
1 3 16 122 292
1 8 52 204 389 362 176 354 493 576
1 3 32 5 86
1 4 52 204 388 519
1 6 52 204 388 519 592 636
1 3 52 204 390
1 4 52 204 387 518
1 7 37 183 362 498 577 627 656
1 5 37 183 362 499 578
1 6 37 183 363 500 579 628
1 7 37 183 362 176 354 491 574
1 3 32 165 5
1 6 16 120 32 5 3 73
1 3 34 34 169
1 3 32 165 5
1 7 36 32 165 5 86 243 412
1 6 32 165 5 86 243 413
1 4 16 120 288 450
1 4 32 165 5 86
1 3 16 120 283
1 3 34 169 348
1 3 34 34 172
1 3 5 3 73
1 4 26 20 5 88
1 7 3 2 5 3 5 85 86
1 3 3 5 1
1 6 3 6 98 5 3 73
1 5 21 5 3 5 85
1 3 21 5 91
1 5 3 5 3 5 88
1 7 3 80 154 98 5 85 236
1 3 28 154 98
1 9 18 124 294 5 90 98 100 154 331
1 5 5 85 72 5 3
1 3 2 5 86
1 12 9 110 273 438 539 5 94 253 419 528 597 637
1 4 21 135 304 465
1 11 9 110 273 438 539 2 5 94 253 421 531
1 7 38 187 368 506 505 429 103
1 3 21 5 3
1 5 2 5 3 5 85
1 3 2 5 88
1 3 2 5 94
1 3 5 85 72
1 3 2 5 86
1 3 86 242 411
1 4 2 3 5 3
1 4 2 5 94 253
1 3 29 155 333
1 4 6 5 3 86
1 4 53 206 392 521
1 3 53 206 392
1 4 5 3 5 86
1 3 26 26 26
1 4 5 3 5 86
1 4 53 53 53 206
1 5 5 85 60 154 98
1 3 5 85 233
1 5 3 5 85 5 86
1 3 3 5 3
1 3 5 1 61
1 3 3 5 94
1 3 5 3 86
1 3 5 3 71
1 3 3 5 94
1 3 3 5 94
1 4 1 5 3 86
1 3 20 21 141
1 4 35 179 358 497
1 3 3 5 3
1 3 20 21 136
1 3 20 21 138
1 3 1 64 219
1 3 20 20 21
1 3 23 147 315
1 4 3 5 85 72
1 9 53 53 205 391 520 593 157 157 335
1 4 86 2 5 2
1 4 86 2 86 2
1 3 1 5 3
1 5 15 60 154 98 255
1 4 35 177 356 496
1 4 35 177 356 496
1 3 35 179 359
1 5 35 178 178 178 178
1 4 20 21 5 3
1 4 20 21 5 3
1 5 20 21 5 3 2
1 5 20 5 3 5 3
1 3 20 5 3
1 4 20 20 5 3
1 3 5 85 72
1 4 3 72 5 3
1 3 86 5 3
1 4 3 5 85 72
1 3 3 88 5
1 3 3 5 93
1 3 86 5 3
1 6 5 86 5 86 3 72
1 5 86 5 3 5 86
1 5 3 5 3 5 3
1 7 5 3 2 5 85 72 222
1 3 38 186 366
1 5 9 110 273 434 539
1 3 20 126 296
1 6 43 194 374 511 584 632
1 7 46 199 382 514 588 633 660
1 9 18 124 294 5 84 231 404 524 594
1 5 46 199 382 515 590
1 4 38 188 369 507
1 6 46 199 381 382 515 590
1 5 9 110 273 434 539
1 6 43 40 194 374 511 584
1 5 38 187 368 504 582
1 7 9 110 274 439 109 272 433
1 4 21 5 3 2
1 3 20 134 303
1 5 1 232 253 419 529
1 3 43 196 377
1 3 38 185 365
1 7 9 110 273 436 543 608 647
1 7 9 110 273 436 542 434 539
1 7 9 110 273 435 541 607 645
1 6 9 273 436 546 611 649
1 5 9 273 543 608 647
1 8 9 110 273 438 548 541 607 645
1 9 9 110 273 434 539 5 3 5 3
1 8 38 187 368 505 429 103 263 428
1 7 38 187 368 504 582 103 264
1 6 9 110 273 436 434 539
1 3 5 3 2
1 3 9 104 267
1 6 9 273 436 434 539 5
1 4 9 273 434 539
1 4 9 109 272 433
1 5 38 187 367 502 580
1 4 9 273 434 539
1 6 30 159 337 541 607 646
1 5 9 105 543 608 647
1 6 9 110 273 438 539 2
1 4 9 273 434 539
1 6 9 273 436 434 539 3
1 5 9 110 273 434 539
1 6 9 110 273 437 5 2
1 7 9 110 273 436 434 539 5
1 8 9 273 436 542 434 539 5 3
1 6 9 110 273 438 547 612
1 3 30 158 336
1 3 9 273 438
1 6 9 273 438 547 612 650
1 7 48 202 591 80 154 98 5
1 8 48 201 385 516 591 635 662 674
1 10 48 201 385 516 591 80 154 98 5 86
1 4 34 160 154 98
1 6 9 110 273 436 544 609
1 6 9 110 273 436 434 539
1 7 9 110 273 434 539 605 644
1 4 5 85 5 85
1 7 3 5 3 2 86 5 94
1 6 3 5 85 72 222 401
1 3 1 5 84
1 6 1 60 154 98 5 86
1 4 20 20 5 3
1 10 5 3 5 86 5 3 5 3 5 85
1 6 20 20 5 3 5 3
1 5 1 64 98 5 94
1 7 5 3 2 5 3 5 3
1 4 20 5 94 98
1 11 2 5 3 5 3 2 5 3 72 5 93
1 8 3 5 3 6 102 262 425 534
1 4 23 98 5 85
1 5 5 94 253 420 530
1 7 23 5 85 72 5 3 5
1 4 5 88 5 85
1 6 3 2 5 85 86 86
1 4 5 85 72 5
1 5 1 5 86 5 88
1 5 5 86 3 2 5
1 8 2 5 3 5 3 2 5 3
1 7 2 5 3 2 5 3 5
1 3 3 5 3
1 3 23 5 3
1 4 4 607 646 667
1 3 5 3 6
1 9 9 110 273 437 5 3 5 3 2
1 8 9 110 275 273 436 542 434 539
1 7 9 110 273 436 542 434 539
1 4 539 602 642 666
1 8 9 110 273 435 541 607 646 667
1 10 46 199 382 515 589 634 661 673 679 682
1 5 41 195 376 513 587
1 13 21 144 313 144 313 144 313 144 313 144 154 98 256
1 4 5 3 5 3
1 7 38 187 368 504 582 103 263
1 7 9 110 273 434 539 5 3
1 3 1 5 3
1 3 86 5 3
1 5 31 160 154 98 255
1 6 3 5 2 3 5 3
1 4 9 110 273 438
1 5 7 98 5 3 74
1 6 5 3 6 5 3 6
1 6 5 85 5 3 72 5
1 3 3 5 3
1 6 5 3 5 3 5 6
1 4 3 5 3 2
1 5 5 3 5 3 2
1 9 10 98 235 103 264 430 264 430 429
1 4 21 139 308 467
1 6 5 86 3 5 3 86
1 3 5 85 72
1 3 3 5 86
1 4 35 5 87 245
1 3 54 207 393
1 3 5 3 77
1 3 5 3 73
1 3 1 59 212
1 12 16 120 287 448 552 615 653 670 678 264 430 264
1 5 9 110 273 438 539
1 3 86 3 5
1 5 24 415 263 427 536
1 3 5 1 5
1 3 24 103 263
1 3 1 5 1
1 11 16 120 287 449 553 337 541 607 10 253 420
1 3 3 5 86
1 3 21 139 309
1 3 35 5 3
1 6 43 40 194 375 512 586
1 5 38 187 368 504 582
1 4 55 208 394 522
1 3 5 86 238
1 4 20 21 5 94
1 4 5 88 5 84
1 4 20 21 5 3
1 3 20 20 130
1 3 20 5 88
1 3 23 5 92
1 8 86 3 86 5 3 5 94 98
1 3 1 5 3
1 3 6 5 86
1 4 2 5 3 73
1 3 5 3 72
1 5 5 3 5 3 2
1 8 9 110 273 438 539 5 3 2
1 4 5 3 5 95
1 13 18 124 294 19 154 331 176 354 491 100 154 98 256
1 4 35 5 86 3
1 4 35 5 85 72
1 13 38 187 368 505 103 264 430 429 103 263 176 354 491
1 13 5 86 5 3 72 5 86 5 3 5 3 5 86
1 11 5 3 5 85 86 5 86 5 3 5 86
1 8 9 110 273 436 542 434 539 5
1 5 9 110 273 437 5
1 3 35 98 257
1 4 35 98 5 84
1 3 5 3 5
1 3 35 98 258
1 3 35 5 3
1 3 35 5 3
1 8 21 137 306 466 566 623 654 671
1 3 6 5 84
1 4 5 3 5 3
1 6 2 5 85 72 5 86
1 3 5 85 72
1 4 2 5 3 5
1 4 86 86 5 93
1 5 5 94 98 5 3
1 5 5 2 5 85 237
1 4 5 85 5 3
1 3 6 5 3
1 3 21 5 3
1 3 2 5 3
1 3 21 136 305
1 5 9 110 273 438 539
1 7 9 110 273 438 539 2 5
1 7 9 110 273 438 539 2 5
1 4 2 5 85 72
1 3 5 85 72
1 5 38 187 368 506 505
1 14 5 85 5 85 5 85 72 88 5 3 12 72 5 3
1 10 5 88 3 5 3 12 72 225 403 523
1 9 5 88 3 5 3 72 3 12 113
1 9 10 253 420 530 98 5 3 12 253
1 7 23 98 98 98 98 98 5
1 4 5 85 5 85
1 8 5 3 5 3 5 3 12 72
1 8 97 154 98 98 5 85 72 12
1 6 9 110 273 438 539 601
1 3 5 85 72
1 14 9 110 273 438 539 3 2 5 86 3 2 86 2 69
1 17 5 86 3 5 86 86 86 5 3 86 5 86 5 3 5 85 72
1 14 18 124 294 5 3 6 19 154 98 100 154 330 478 568
1 19 3 6 100 154 98 98 100 154 330 478 568 98 100 154 568 98 100 154 568
1 13 2 66 335 481 335 482 60 154 98 98 255 423 532
1 14 38 187 368 505 103 266 429 103 429 103 265 429 103 263
1 6 38 187 368 503 581 629
1 12 8 103 263 429 103 429 103 263 429 103 429 537
1 11 9 110 273 438 539 2 5 84 60 214 398
1 9 9 110 273 438 539 3 2 5 86
1 10 2 5 86 3 2 5 84 60 154 331
1 8 3 5 86 5 3 72 5 88
1 3 86 5 3
1 4 3 72 222 400
1 5 5 3 86 5 85
1 3 23 5 91
1 3 3 72 5
1 6 8 103 429 103 263 427
1 4 86 3 72 5
1 4 23 148 319 473
1 5 3 5 3 5 3
1 3 86 5 3
1 5 20 21 5 94 251
1 16 21 3 5 88 5 97 154 98 235 407 98 5 3 5 85 5
1 9 21 139 98 98 98 98 98 5 86
1 6 56 253 420 530 599 639
1 12 21 5 85 235 407 98 98 98 98 5 86 86
1 4 56 260 330 478
1 10 2 5 85 72 3 5 89 247 3 72
1 3 56 209 395
1 3 5 2 3
1 4 5 85 72 222
1 5 3 5 89 247 3
1 3 21 145 314
1 4 5 3 5 3
1 15 3 5 3 72 3 72 5 3 72 12 253 419 529 598 638
1 6 21 3 5 85 235 406
1 16 5 3 88 3 72 5 97 254 419 529 598 638 663 675 680 683
1 11 12 72 5 3 5 3 72 12 113 279 442
1 8 21 5 3 5 3 12 72 3
1 7 12 72 5 3 5 3 72
1 10 3 5 3 5 3 88 3 5 3 12
1 4 5 3 12 72
1 4 21 139 310 468
1 9 3 88 3 5 85 72 12 72 223
1 11 5 3 88 3 5 3 72 12 415 263 426
1 9 3 72 5 3 5 3 72 12 72
1 10 3 5 97 254 10 98 98 5 89 247
1 3 5 86 5
1 3 539 603 643
1 3 9 105 268
1 3 26 152 328
1 3 26 152 328
1 3 26 152 326
1 9 3 72 3 72 3 5 89 247 3
1 6 9 110 275 273 434 539
1 13 5 3 72 88 3 72 5 89 247 3 72 3 72
1 11 34 176 98 98 98 98 98 5 89 249 417
1 4 9 111 276 440
1 13 8 10 98 98 98 98 10 253 420 530 529 598 638
1 4 9 273 434 539
1 8 3 72 3 5 3 12 72 3
1 4 9 273 434 539
1 5 5 89 247 3 86
1 8 9 110 273 438 539 3 5 2
1 11 18 124 294 459 559 98 98 5 89 247 3
1 3 9 104 267
1 14 3 72 3 72 88 3 72 5 89 247 3 72 5 85
1 7 3 72 3 88 5 89 248
1 6 9 110 275 273 434 539
1 9 3 72 3 5 89 247 415 263 427
1 11 1 232 10 98 98 10 253 529 598 638 664
1 12 3 5 88 3 72 3 72 88 5 3 12 72
1 3 20 21 141
1 3 26 152 327
1 11 4 83 247 3 72 3 72 5 3 12 72
1 10 3 72 3 5 3 12 415 263 427 535
1 8 4 83 247 3 5 89 247 3
1 13 28 98 5 3 72 3 88 5 89 247 416 526 595
1 13 28 10 98 98 98 10 98 5 3 12 72 224 402
1 7 4 83 247 3 72 5 89
1 16 18 124 294 5 84 231 10 98 5 85 234 98 5 89 249 418
1 7 3 5 89 247 415 263 428
1 10 3 72 3 72 88 3 5 89 247 3
1 8 3 72 3 72 3 72 5 89
1 10 3 72 3 72 3 5 89 247 3 72
1 4 3 12 72 5
1 5 9 109 543 608 647
1 3 12 253 420
1 4 12 115 281 443
1 7 18 124 294 5 3 6 19
1 3 3 12 72
1 3 12 253 419
1 3 1 5 3
1 7 38 187 368 506 583 631 659
1 11 4 83 247 3 5 89 247 3 72 3 72
1 9 4 83 247 3 72 3 72 12 115
1 14 3 5 3 72 88 3 72 5 3 72 12 72 3 72
1 3 57 210 396
1 8 16 120 287 449 554 435 540 606
1 3 9 106 269
1 13 10 98 5 3 88 3 72 5 3 72 12 113 279
1 9 3 12 72 88 5 85 5 85 72
1 3 5 6 98
1 3 1 61 217
1 3 12 72 3
1 5 26 20 21 138 307
1 5 3 72 12 72 5
1 7 9 110 273 434 539 3 73
1 5 3 12 72 88 3
1 3 20 21 5
1 7 9 110 273 436 545 610 648
1 4 9 273 434 539
1 5 12 72 5 3 72
1 5 3 12 72 5 93
1 5 9 273 434 539 601
1 4 9 273 434 539
1 6 9 110 273 434 539 604
1 3 34 85 72
1 4 3 12 72 5
1 3 34 173 352
1 4 86 241 410 525
1 7 9 110 273 437 5 3 2
1 4 539 515 589 634
1 4 9 435 540 606
1 6 9 110 273 435 540 606
1 6 12 72 3 86 5 93
1 8 3 12 72 3 88 5 3 73
1 6 9 110 275 273 434 539
1 6 9 111 277 159 337 541
1 4 12 72 3 72
1 3 12 72 5
1 4 12 72 88 3
1 3 12 114 280
1 4 5 86 5 86
1 7 58 211 397 103 264 430 538
1 5 19 154 98 98 5
1 5 26 26 26 20 131
1 4 26 20 5 3
1 4 26 26 26 253
1 5 26 26 213 232 253
1 4 539 3 5 3
1 3 1 5 3
1 3 5 85 86
1 4 3 5 85 232
1 3 86 244 414
1 5 26 20 21 5 3
1 3 539 602 641
1 7 26 26 26 20 21 5 3
1 5 20 21 5 88 246
1 5 20 5 3 79 229
1 5 12 72 3 88 3
1 4 18 123 293 458
1 3 19 125 295
1 5 5 3 5 3 74
1 4 20 5 3 75
1 5 26 20 21 5 3
1 3 20 21 137
1 4 3 86 86 86
