765 626
1 6 1 59 198 309 285 434
1 3 2 5 6
1 4 7 64 79 6
1 5 6 6 5 6 6
1 9 6 5 8 96 239 391 99 243 398
1 7 1 62 241 393 99 242 397
1 3 3 5 3
1 3 5 79 67
1 3 3 5 1
1 6 2 5 6 2 67 5
1 6 10 229 384 136 99 241
1 5 5 81 384 136 291
1 5 11 250 405 311 448
1 4 511 5 82 221
1 3 5 3 70
1 4 13 107 257 412
1 9 14 150 5 3 83 67 67 5 81
1 9 3 5 83 5 3 5 3 5 6
1 4 13 384 136 291
1 7 15 109 136 99 241 394 500
1 5 16 110 150 5 3
1 4 17 384 136 291
1 6 18 114 270 5 84 227
1 3 20 21 5
1 3 20 21 5
1 4 22 99 241 393
1 5 14 241 231 389 497
1 4 5 3 5 6
1 3 23 5 3
1 3 1 61 200
1 3 1 5 87
1 3 5 82 5
1 7 23 5 79 67 64 79 212
1 3 23 5 3
1 5 2 5 79 212 374
1 5 2 5 6 5 6
1 6 2 5 6 6 6 2
1 5 2 67 5 79 150
1 3 5 79 6
1 6 2 64 79 5 82 221
1 3 23 5 3
1 3 8 5 3
1 4 8 5 82 222
1 3 20 119 274
1 3 5 3 71
1 3 3 5 85
1 4 23 5 3 6
1 4 25 231 387 493
1 4 2 5 79 216
1 5 5 2 5 79 5
1 4 2 223 381 490
1 4 2 5 3 5
1 3 5 79 67
1 6 25 20 21 5 3 68
1 3 25 21 126
1 4 27 143 307 446
1 3 2 5 82
1 3 23 137 295
1 4 21 131 287 435
1 3 20 5 3
1 3 5 3 66
1 4 2 5 3 6
1 4 25 20 5 3
1 4 21 3 5 3
1 4 20 21 5 3
1 7 2 5 3 67 67 5 87
1 4 28 136 99 245
1 3 6 5 3
1 3 5 79 67
1 3 2 67 5
1 4 3 5 79 67
1 4 2 5 3 6
1 3 29 150 5
1 3 2 5 3
1 3 21 127 283
1 3 5 3 6
1 3 5 6 6
1 3 1 61 201
1 5 22 135 393 99 243
1 3 5 8 5
1 5 511 81 218 379 489
1 3 6 5 3
1 3 2 5 82
1 3 5 79 6
1 3 3 6 6
1 3 5 3 73
1 3 26 142 305
1 3 26 99 242
1 3 26 142 306
1 3 140 303 445
1 3 26 142 306
1 5 6 6 2 5 3
1 3 3 5 3
1 4 6 3 5 81
1 3 3 5 81
1 3 3 72 207
1 6 20 117 273 429 525 573
1 3 6 6 92
1 5 26 141 99 81 220
1 3 3 6 6
1 3 20 5 87
1 5 5 79 6 5 6
1 3 23 5 79
1 5 2 67 5 3 2
1 4 21 3 5 3
1 3 30 229 384
1 3 23 5 3
1 4 30 229 384 136
1 5 2 67 67 5 87
1 4 2 5 87 230
1 5 21 3 67 5 3
1 4 2 67 205 369
1 4 2 5 79 67
1 4 2 64 79 67
1 5 2 67 5 87 229
1 4 9 99 242 397
1 6 31 145 313 452 531 578
1 6 9 99 241 393 99 243
1 8 21 128 284 110 150 5 6 5
1 8 11 103 250 407 511 5 79 67
1 3 5 3 2
1 11 5 6 3 8 229 384 136 99 241 231 386
1 3 21 5 3
1 7 11 103 250 511 5 3 70
1 5 5 3 8 96 238
1 7 33 150 5 3 2 5 2
1 3 23 5 79
1 5 1 5 80 217 378
1 4 8 229 385 492
1 5 23 137 2 5 6
1 3 5 2 5
1 5 33 150 136 294 439
1 3 20 5 4
1 3 20 21 129
1 4 25 25 21 3
1 5 25 25 21 3 5
1 3 20 21 3
1 3 25 25 21
1 6 6 2 5 2 5 6
1 3 3 5 3
1 6 25 25 25 21 3 68
1 10 23 137 296 150 136 99 243 150 5 3
1 9 16 111 262 415 514 567 602 618 624
1 3 21 5 3
1 7 33 150 5 6 2 5 6
1 3 30 144 312
1 3 33 150 316
1 3 3 5 6
1 6 5 6 6 6 5 3
1 3 1 5 8
1 4 5 8 5 3
1 3 24 139 298
1 5 11 103 250 407 511
1 4 511 5 3 67
1 5 11 103 250 405 506
1 7 11 103 250 405 504 403 511
1 6 10 99 81 384 136 293
1 8 11 103 250 407 511 81 384 136
1 4 20 5 3 68
1 4 13 108 258 413
1 4 5 6 91 232
1 3 23 5 3
1 7 16 112 265 422 346 472 545
1 6 32 149 104 404 503 555
1 5 35 158 326 460 538
1 3 157 323 37
1 3 35 153 318
1 4 36 161 328 461
1 3 16 112 268
1 4 11 101 247 400
1 4 36 144 310 447
1 5 16 111 265 94 236
1 6 35 157 323 37 171 336
1 3 16 111 259
1 5 16 111 265 422 518
1 3 36 144 310
1 3 35 157 37
1 4 11 102 248 401
1 5 16 111 264 419 516
1 6 36 35 157 37 5 3
1 4 16 111 264 418
1 10 35 157 323 37 5 3 5 3 5 3
1 3 157 323 37
1 11 38 172 158 324 459 99 241 231 136 3 67
1 9 38 172 158 326 460 324 459 99 242
1 8 31 112 265 422 324 459 537 582
1 9 25 140 304 144 309 285 434 527 575
1 6 25 20 122 231 387 493
1 4 21 157 323 456
1 3 39 176 342
1 4 21 132 288 436
1 3 25 20 118
1 8 25 140 304 181 346 471 544 587
1 4 21 130 285 434
1 6 39 174 340 466 543 585
1 4 25 25 25 140
1 3 39 176 341
1 5 41 35 157 323 37
1 8 41 35 157 323 37 167 331 462
1 7 20 122 277 459 99 243 398
1 4 39 177 343 469
1 3 20 21 5
1 3 140 299 441
1 7 39 177 20 21 157 323 37
1 8 31 145 313 452 531 578 606 620
1 4 40 178 344 470
1 9 16 111 260 174 340 466 541 584 610
1 7 11 103 252 250 405 403 511
1 9 20 21 157 323 455 534 581 609 621
1 5 16 111 261 414 513
1 3 36 162 329
1 5 140 304 144 311 449
1 3 20 265 420
1 4 39 177 343 468
1 7 39 177 20 21 157 323 37
1 3 140 300 443
1 6 39 175 260 174 340 467
1 3 140 300 442
1 7 39 177 20 21 157 323 37
1 8 31 145 313 452 531 578 606 620
1 3 140 300 442
1 6 39 177 20 265 422 346
1 3 140 302 444
1 7 39 177 20 21 157 323 37
1 7 38 173 339 174 340 466 542
1 4 41 35 5 82
1 6 16 112 267 426 522 571
1 4 41 35 5 6
1 3 157 323 37
1 4 41 35 5 3
1 5 16 111 265 422 346
1 7 41 35 157 323 37 5 82
1 3 16 111 259
1 9 16 111 35 158 324 459 65 231 136
1 6 36 160 112 265 94 235
1 7 41 265 422 324 459 99 241
1 4 11 102 249 402
1 8 35 157 323 37 5 3 5 3
1 3 43 182 347
1 3 35 155 231
1 3 157 323 37
1 6 18 115 43 182 348 473
1 4 35 157 323 37
1 3 43 182 348
1 3 45 184 351
1 11 35 157 323 37 170 335 241 231 387 493 554
1 4 16 111 266 424
1 7 16 111 35 157 323 37 170
1 4 157 323 37 5
1 3 35 157 37
1 4 16 111 264 418
1 6 35 157 323 37 5 3
1 5 41 179 265 94 235
1 3 47 186 353
1 3 157 323 37
1 3 47 186 354
1 3 23 5 3
1 4 45 184 350 475
1 5 35 157 323 37 170
1 3 45 184 351
1 6 36 36 35 157 37 5
1 5 41 35 159 5 3
1 4 41 136 99 242
1 4 35 157 323 37
1 7 41 35 157 323 155 459 99
1 5 36 35 159 5 6
1 4 36 144 311 449
1 4 40 304 144 311
1 7 35 157 322 454 533 580 608
1 4 38 172 158 325
1 7 35 157 323 37 5 6 91
1 3 16 111 259
1 5 16 111 266 425 521
1 7 49 188 356 479 155 231 387
1 4 16 111 263 416
1 5 50 112 265 422 346
1 7 50 188 356 479 551 593 615
1 4 157 323 455 535
1 4 35 157 323 457
1 9 16 111 266 423 520 112 265 94 235
1 6 36 35 5 3 5 3
1 3 35 5 3
1 5 35 155 231 387 493
1 3 157 323 37
1 3 16 111 259
1 5 35 157 323 458 536
1 6 36 35 157 37 168 333
1 9 16 111 35 157 323 37 5 6 5
1 3 35 153 319
1 7 51 112 265 422 519 569 603
1 7 51 189 112 265 422 519 570
1 6 51 189 112 265 421 517
1 4 36 36 36 164
1 3 36 36 36
1 3 36 36 36
1 3 36 36 160
1 3 36 36 36
1 3 36 36 36
1 3 36 36 36
1 3 36 36 36
1 3 36 36 36
1 4 36 36 160 327
1 3 36 36 36
1 3 36 36 36
1 3 35 5 3
1 4 35 159 5 89
1 4 41 35 156 321
1 5 41 35 159 5 6
1 7 44 183 337 459 99 241 395
1 3 35 159 5
1 4 44 183 349 474
1 7 16 111 35 158 459 99 243
1 5 16 111 35 153 318
1 5 11 337 459 99 243
1 3 16 113 269
1 4 52 190 359 14
1 6 52 190 359 14 241 231
1 6 41 35 155 459 99 243
1 3 52 190 357
1 4 52 190 358 480
1 5 38 172 337 464 539
1 6 38 172 338 465 540 583
1 7 38 172 337 459 99 241 396
1 3 35 159 5
1 3 35 154 320
1 6 16 111 35 5 3 68
1 3 36 36 160
1 7 41 35 159 5 6 94 235
1 6 35 159 5 6 94 236
1 4 16 111 264 418
1 4 35 159 5 6
1 3 36 160 327
1 3 36 36 164
1 3 5 3 68
1 4 5 3 5 3
1 3 20 5 3
1 4 25 20 5 82
1 3 3 5 1
1 3 21 5 85
1 5 3 5 3 5 82
1 4 3 2 64 79
1 7 3 75 99 241 231 387 496
1 3 30 144 308
1 9 18 114 270 5 84 226 391 99 245
1 4 21 124 279 432
1 11 11 103 250 407 511 2 5 87 231 389 136
1 7 31 145 313 452 532 579 607
1 3 21 5 3
1 5 2 5 3 5 79
1 3 2 5 82
1 5 2 65 231 136 3
1 3 2 5 87
1 3 5 79 67
1 3 2 5 6
1 3 6 93 233
1 4 2 67 5 3
1 4 2 5 87 231
1 3 33 151 317
1 4 53 191 360 481
1 4 5 3 5 6
1 3 25 25 25
1 10 21 21 5 83 6 6 5 6 5 3
1 5 5 79 150 5 3
1 7 5 3 6 5 3 2 5
1 3 5 79 213
1 7 3 5 6 214 375 487 553
1 3 3 5 3
1 3 5 1 60
1 3 3 5 87
1 3 5 3 6
1 3 3 5 87
1 4 1 5 3 6
1 3 23 136 291
1 5 25 20 21 5 3
1 4 37 169 334 463
1 3 20 21 125
1 3 20 21 127
1 3 1 63 202
1 3 20 20 21
1 3 23 137 2
1 4 3 5 79 67
1 9 53 192 361 482 552 150 5 79 150
1 4 6 2 5 2
1 5 29 150 5 3 2
1 3 37 166 150
1 4 37 166 137 2
1 4 37 166 137 2
1 5 37 168 168 168 168
1 4 20 21 5 3
1 4 20 21 5 3
1 4 20 21 5 3
1 5 20 21 5 3 2
1 5 20 5 3 5 3
1 4 20 20 5 3
1 3 20 5 3
1 4 20 20 5 3
1 3 5 79 67
1 4 3 67 5 3
1 3 5 3 73
1 4 3 5 79 67
1 6 1 5 79 5 3 5
1 3 3 82 5
1 4 6 3 67 5
1 5 3 5 3 5 3
1 3 5 3 5
1 7 5 3 2 5 79 67 204
1 5 11 103 250 403 511
1 3 20 117 273
1 6 42 346 471 544 586 611
1 7 46 185 352 476 547 590 612
1 5 46 185 352 477 549
1 4 31 146 314 453
1 6 18 114 270 5 8 97
1 5 11 103 250 403 511
1 6 42 181 346 471 544 586
1 7 11 103 251 408 104 253 81
1 4 21 5 3 2
1 3 20 123 278
1 6 42 181 346 472 546 589
1 4 36 152 384 136
1 3 42 180 345
1 3 42 180 345
1 4 6 5 79 67
1 7 11 103 250 405 311 448 528
1 7 11 103 250 405 504 403 511
1 6 11 250 405 507 558 596
1 5 11 250 311 448 528
1 8 11 103 250 407 510 561 598 616
1 9 11 103 250 403 511 5 3 5 3
1 7 31 145 313 450 529 576 605
1 7 31 145 313 451 22 99 242
1 7 31 145 313 451 22 99 241
1 7 11 103 250 405 505 556 595
1 7 11 103 251 408 104 254 409
1 6 11 103 250 405 403 511
1 3 5 3 2
1 3 11 100 246
1 6 11 250 405 403 511 5
1 4 11 250 403 511
1 6 32 411 512 566 601 617
1 6 11 103 250 407 511 2
1 4 11 250 403 511
1 5 11 103 250 403 511
1 6 11 103 250 511 5 2
1 7 11 103 250 405 403 511 5
1 8 11 250 405 504 403 511 5 3
1 6 11 103 250 407 509 560
1 3 32 147 315
1 3 11 250 407
1 3 6 5 3
1 5 11 250 405 403 511
1 6 11 250 407 509 560 597
1 7 11 104 253 81 384 136 291
1 8 48 187 355 478 550 592 614 623
1 10 48 187 355 478 550 75 99 241 231 388
1 5 11 144 311 448 528
1 6 11 103 250 405 506 557
1 6 11 103 250 405 403 511
1 7 11 103 250 403 511 565 600
1 4 5 79 5 79
1 3 23 5 3
1 6 3 5 79 67 204 367
1 3 1 5 4
1 4 5 3 5 3
1 4 20 119 275 430
1 4 20 20 5 3
1 10 5 3 5 6 5 3 5 3 5 79
1 4 20 20 117 272
1 4 21 5 3 5
1 6 20 20 5 3 5 3
1 7 5 3 2 5 3 5 3
1 4 20 5 87 229
1 7 20 120 276 431 285 434 527
1 8 3 5 3 8 98 240 392 498
1 4 23 136 99 242
1 5 5 87 231 387 493
1 7 23 5 79 67 5 3 5
1 4 5 82 5 79
1 6 3 2 5 79 6 6
1 6 3 29 150 5 3 5
1 8 2 5 3 5 3 2 5 3
1 7 2 5 3 2 5 3 5
1 3 3 5 3
1 4 4 384 136 291
1 3 5 3 8
1 9 11 103 250 511 5 3 5 3 2
1 8 11 103 252 250 405 504 403 511
1 7 11 103 250 405 504 403 511
1 4 5 79 67 204
1 10 46 185 352 477 548 591 613 622 625 626
1 13 21 130 286 130 286 130 286 130 286 130 285 434 527
1 4 5 3 5 3
1 3 1 5 3
1 3 6 5 3
1 5 34 152 384 136 291
1 4 11 103 250 407
1 5 9 136 99 241 393
1 6 5 3 8 5 3 8
1 6 5 79 5 3 67 5
1 4 6 2 5 3
1 6 5 3 5 3 5 8
1 4 3 5 3 2
1 5 5 3 5 3 2
1 4 21 21 5 3
1 6 3 5 79 214 375 487
1 6 5 6 3 5 3 6
1 3 5 79 67
1 3 3 5 6
1 4 37 5 80 217
1 3 7 95 237
1 4 5 3 67 5
1 3 20 5 6
1 3 5 3 68
1 3 1 58 197
1 3 1 60 199
1 12 16 111 263 417 515 568 150 5 2 5 6 5
1 5 11 103 250 407 511
1 5 5 3 5 79 6
1 3 5 1 5
1 3 26 99 241
1 3 1 5 3
1 3 1 5 1
1 3 3 5 6
1 3 37 5 3
1 6 42 181 346 472 545 588
1 5 31 145 313 451 22
1 4 54 193 362 483
1 5 5 79 12 231 136
1 3 20 20 117
1 4 20 21 5 87
1 4 20 21 5 6
1 4 6 5 3 6
1 4 5 3 2 64
1 5 20 21 5 82 221
1 3 20 20 121
1 3 20 5 82
1 3 20 21 5
1 3 23 5 86
1 8 6 3 6 5 3 5 87 229
1 3 5 3 5
1 4 2 5 3 67
1 3 1 5 3
1 3 8 5 6
1 4 2 5 3 68
1 3 5 3 67
1 8 11 103 250 407 511 5 3 2
1 13 18 114 270 428 524 572 459 99 241 96 231 136 292
1 4 37 5 6 3
1 14 11 103 250 407 511 3 5 3 2 5 3 2 5 6
1 4 37 5 79 67
1 13 31 145 313 22 99 242 397 80 217 378 459 99 241
1 13 5 6 5 3 67 5 6 5 3 5 3 5 6
1 11 5 3 68 64 79 67 5 3 2 5 3
1 11 5 3 5 79 6 5 6 5 3 5 6
1 8 11 103 250 405 504 403 511 5
1 5 6 6 94 234 390
1 9 12 106 64 79 67 5 6 5 3
1 3 37 5 3
1 4 37 167 331 462
1 3 5 3 5
1 3 37 167 332
1 3 37 5 3
1 8 21 126 281 433 526 574 604 619
1 3 20 5 3
1 3 8 5 4
1 3 30 144 310
1 3 2 5 87
1 6 2 5 79 67 5 6
1 3 5 79 67
1 4 2 5 3 5
1 3 21 5 86
1 4 6 2 5 79
1 4 6 6 5 88
1 5 5 87 229 384 136
1 5 5 2 5 79 215
1 4 5 79 5 3
1 7 32 148 150 5 79 67 5
1 3 11 250 511
1 3 8 5 3
1 3 30 144 309
1 3 21 5 3
1 3 2 5 3
1 3 21 125 280
1 5 11 103 250 407 511
1 5 20 21 5 6 2
1 7 11 103 250 407 511 2 5
1 7 11 103 250 407 511 2 5
1 4 2 5 79 67
1 5 31 145 313 452 532
1 3 10 99 241
1 10 5 82 3 5 3 83 67 377 231 386
1 9 5 82 3 5 3 67 67 83 6
1 9 12 231 387 493 229 384 136 214 375
1 7 23 136 3 67 67 67 5
1 4 5 79 5 79
1 5 5 4 77 211 372
1 8 5 3 5 3 5 3 83 67
1 8 90 384 136 3 5 79 67 83
1 12 2 166 137 2 5 3 68 150 5 2 64 203
1 17 5 6 3 5 6 6 6 5 3 6 5 6 5 3 5 79 67
1 19 3 8 96 231 136 3 8 5 8 5 6 3 8 5 6 3 8 5 6
1 14 11 103 250 407 511 2 5 6 2 5 3 2 5 3
1 13 2 166 150 136 291 438 150 5 3 67 204 366 484
1 14 31 145 313 22 99 245 393 99 393 99 243 80 217 378
1 6 31 145 313 450 530 577
1 12 10 99 241 393 99 393 99 241 393 99 393 499
1 9 11 103 250 407 511 3 2 5 6
1 11 5 79 6 3 5 3 5 3 5 79 67
1 8 3 5 6 5 3 67 5 82
1 3 6 5 3
1 5 8 12 231 387 495
1 5 5 3 6 5 79
1 3 23 5 85
1 3 3 5 88
1 3 3 67 5
1 6 10 99 393 99 241 231
1 4 6 3 67 5
1 4 23 138 297 440
1 5 3 5 3 5 3
1 3 6 5 3
1 5 20 21 5 87 228
1 16 21 3 5 82 5 90 384 136 214 377 136 99 241 231 387 494
1 6 55 231 387 493 554 594
1 16 21 3 5 3 5 3 5 83 67 67 67 5 83 67 5 3
1 12 21 5 79 214 377 136 3 67 67 5 6 6
1 15 5 3 29 150 136 99 241 231 389 136 99 241 214 136 292
1 10 2 5 79 67 67 5 83 67 67 67
1 8 21 5 3 82 5 3 5 3
1 3 55 194 363
1 9 21 5 3 5 3 67 5 83 224
1 3 5 2 67
1 11 21 5 3 82 3 67 83 5 83 6 3
1 4 5 79 67 204
1 10 5 3 5 79 214 136 3 5 3 83
1 5 3 5 83 67 67
1 10 21 133 136 214 377 231 136 3 67 67
1 4 5 3 5 3
1 5 21 21 21 133 289
1 6 5 3 67 83 67 67
1 15 3 5 3 67 67 67 5 3 67 83 5 3 83 67 67
1 6 21 3 5 79 214 136
1 4 3 5 3 67
1 16 5 3 82 3 67 5 90 136 3 83 67 67 67 83 224 136
1 11 83 67 5 3 5 3 67 83 6 3 6
1 10 21 3 67 5 3 83 6 224 136 3
1 10 3 5 3 5 3 82 3 5 3 83
1 4 5 3 83 67
1 8 3 82 5 83 224 136 3 67
1 4 21 21 21 21
1 11 5 3 82 3 5 3 67 83 224 136 3
1 9 3 67 5 3 5 3 67 83 67
1 3 3 5 3
1 10 3 5 90 136 389 136 3 5 83 67
1 3 5 6 5
1 3 511 563 599
1 3 11 144 308
1 3 25 140 303
1 3 25 140 303
1 3 25 140 303
1 3 25 140 303
1 3 25 140 301
1 4 11 104 253 81
1 9 3 67 67 67 67 5 83 67 67
1 6 11 103 252 250 403 511
1 9 3 67 67 67 5 3 5 83 67
1 5 11 103 250 403 511
1 13 5 3 67 82 3 67 5 83 67 67 67 67 67
1 6 11 105 256 411 512 566
1 11 36 165 136 3 67 67 67 5 83 225 382
1 4 11 105 255 410
1 13 10 389 136 3 67 67 82 5 79 67 83 67 67
1 4 11 250 403 511
1 5 5 83 67 67 64
1 8 11 103 250 407 511 3 5 2
1 11 18 114 270 427 523 136 3 5 83 67 67
1 3 11 100 246
1 14 3 67 67 67 82 3 67 5 83 67 67 67 5 79
1 6 11 103 252 250 403 511
1 6 11 103 252 250 403 511
1 9 3 67 67 5 83 67 205 368 485
1 5 11 250 406 508 559
1 7 11 103 252 250 407 509 560
1 12 3 5 82 3 67 67 67 82 5 3 83 67
1 3 20 21 129
1 11 4 77 77 77 77 77 77 210 136 214 136
1 12 3 67 67 67 5 83 67 205 370 231 387 493
1 8 4 77 77 77 210 214 136 3
1 13 30 229 384 136 3 67 82 5 83 67 206 371 486
1 13 30 389 136 3 67 82 3 5 3 83 67 206 371
1 7 4 77 77 77 77 210 214
1 16 18 114 270 5 4 78 389 136 99 242 389 136 99 244 399 502
1 10 3 67 67 67 82 3 5 83 67 67
1 5 3 67 5 83 67
1 8 3 67 67 67 67 67 5 83
1 10 3 67 67 67 67 5 83 67 67 67
1 3 11 100 246
1 6 11 103 250 404 503 555
1 5 11 104 311 448 528
1 3 83 5 79
1 4 83 225 383 491
1 7 18 114 270 5 3 8 97
1 3 3 83 67
1 3 1 5 3
1 11 4 77 77 77 210 214 136 3 67 67 67
1 9 4 77 77 77 77 77 77 211 373
1 4 21 130 286 130
1 14 3 5 3 67 82 3 67 5 3 67 83 67 67 67
1 3 56 195 364
1 9 3 83 67 82 5 79 5 79 67
1 3 1 60 199
1 6 32 149 104 253 81 219
1 5 25 20 21 127 282
1 5 3 67 83 67 5
1 7 11 103 250 403 511 3 68
1 5 3 83 223 381 490
1 3 20 21 5
1 7 11 103 250 405 406 508 559
1 4 11 250 403 511
1 9 3 67 83 67 67 5 79 67 5
1 5 83 67 5 3 67
1 5 3 83 67 5 88
1 5 11 250 403 511 562
1 5 511 3 83 5 6
1 10 22 134 290 437 214 136 3 5 3 67
1 6 11 103 250 403 511 564
1 3 36 144 308
1 4 3 83 67 5
1 3 36 163 330
1 4 6 214 376 488
1 7 11 103 250 511 5 3 2
1 4 511 477 548 591
1 4 11 404 503 555
1 6 11 103 250 404 503 555
1 8 3 67 82 3 67 64 79 67
1 6 83 67 67 64 79 216
1 6 11 103 252 250 403 511
1 4 83 67 67 5
1 6 11 105 256 411 512 566
1 3 83 67 5
1 4 83 67 82 3
1 3 83 223 380
1 4 5 6 5 6
1 7 57 196 365 99 242 397 501
1 5 19 384 136 3 5
1 5 25 25 25 20 120
1 4 25 20 5 3
1 4 25 25 25 231
1 6 20 120 276 431 285 434
1 4 20 21 21 125
1 4 511 3 5 3
1 3 1 5 3
1 3 3 76 209
1 4 6 5 3 5
1 4 3 5 79 212
1 5 5 79 67 5 3
1 5 25 20 21 5 3
1 3 511 81 220
1 7 25 25 25 20 21 5 3
1 5 20 21 5 82 221
1 5 20 5 3 74 208
1 5 83 67 67 82 3
1 3 19 116 271
1 5 5 3 5 3 69
1 4 20 5 3 70
1 5 20 21 5 3 2
