782 616
1 6 1 152 151 57 169 3
1 4 6 94 247 404
1 6 2 3 2 5 83 231
1 4 7 85 241 402
1 3 3 5 3
1 3 5 83 231
1 3 3 5 81
1 6 2 5 84 2 3 5
1 6 8 80 169 3 5 3
1 7 5 83 231 80 169 169 3
1 5 5 516 5 3 2
1 5 9 254 5 84 2
1 4 516 5 68 217
1 9 11 152 169 3 69 3 3 5 516
1 9 3 5 69 5 3 5 3 5 84
1 7 12 103 80 169 3 67 216
1 6 13 104 14 152 169 3
1 4 516 2 5 3
1 5 15 106 152 169 3
1 4 5 3 5 3
1 4 16 169 3 2
1 6 17 110 263 5 86 243
1 3 18 19 5
1 3 18 5 3
1 3 18 19 5
1 4 20 95 248 405
1 5 11 80 169 61 213
1 4 5 3 5 84
1 3 21 5 3
1 3 1 58 210
1 5 2 5 84 5 83
1 10 22 135 285 432 526 580 604 140 169 61
1 3 1 5 90
1 7 21 5 83 231 391 500 564
1 5 2 5 83 232 393
1 5 2 5 84 5 84
1 6 2 5 84 84 84 2
1 5 2 3 5 83 152
1 3 5 83 84
1 6 2 84 5 83 61 213
1 3 21 5 3
1 3 22 5 3
1 4 22 5 68 218
1 5 5 2 3 5 84
1 3 5 3 70
1 3 3 5 87
1 4 2 5 83 234
1 4 2 61 215 382
1 5 5 2 5 83 5
1 4 2 61 215 382
1 3 5 83 231
1 6 24 18 19 5 3 65
1 3 24 147 296
1 4 25 150 305 443
1 5 2 84 5 3 3
1 3 3 5 81
1 4 19 128 276 426
1 3 18 5 3
1 3 5 3 64
1 4 2 5 3 84
1 4 19 5 3 68
1 3 21 5 3
1 7 2 5 3 3 3 5 90
1 5 3 2 5 84 84
1 3 5 83 231
1 3 2 3 5
1 4 3 5 83 231
1 4 2 5 3 84
1 3 14 152 169
1 3 2 5 3
1 3 19 123 273
1 3 2 5 3
1 3 2 5 3
1 4 5 83 5 3
1 3 5 84 84
1 3 1 58 211
1 5 20 132 405 508 568
1 3 5 22 5
1 5 516 407 509 569 600
1 3 84 5 3
1 3 2 5 68
1 3 5 3 72
1 4 24 148 299 437
1 3 23 144 292
1 3 23 142 290
1 3 23 144 293
1 3 84 239 399
1 3 148 302 440
1 5 84 84 2 5 3
1 4 84 3 5 516
1 5 84 3 5 84 239
1 3 3 5 516
1 5 23 143 291 434 527
1 3 3 84 84
1 3 18 5 90
1 3 84 3 5
1 4 516 5 3 73
1 5 5 83 84 5 84
1 6 2 3 5 84 5 3
1 8 5 3 5 3 5 3 5 3
1 3 21 5 83
1 7 5 2 3 5 83 231 390
1 3 26 151 169
1 3 22 139 288
1 3 21 5 3
1 4 26 151 169 3
1 3 1 5 68
1 6 2 63 80 80 169 3
1 4 2 5 90 246
1 5 19 3 3 5 3
1 4 2 3 73 220
1 4 2 5 83 231
1 4 2 84 5 3
1 5 2 3 5 90 245
1 6 28 156 317 453 536 583
1 6 7 95 248 405 508 568
1 8 19 124 274 106 152 169 133 282
1 8 9 101 254 412 516 5 83 231
1 3 5 3 2
1 3 19 5 3
1 5 5 3 22 140 289
1 3 84 5 83
1 3 21 5 83
1 5 1 5 85 241 402
1 4 21 133 282 80
1 5 21 133 152 169 133
1 5 27 152 151 308 444
1 7 27 169 169 169 152 151 306
1 3 18 5 82
1 3 18 19 126
1 4 24 24 147 295
1 7 27 169 169 152 312 448 533
1 3 18 19 3
1 3 24 24 147
1 3 1 152 310
1 3 3 5 3
1 5 3 74 169 339 465
1 3 19 5 3
1 4 27 153 313 449
1 7 27 152 169 133 152 169 133
1 3 1 56 208
1 4 27 152 169 3
1 3 26 5 91
1 3 27 152 309
1 3 3 5 84
1 6 5 84 84 84 5 3
1 4 516 5 3 3
1 5 9 101 254 5 516
1 6 26 5 3 5 3 76
1 6 8 95 407 169 3 66
1 4 5 84 5 3
1 7 19 5 3 5 3 2 516
1 8 9 101 254 412 516 407 169 3
1 4 18 5 3 65
1 4 24 24 147 297
1 4 30 161 320 455
1 4 5 84 237 397
1 3 5 83 5
1 3 21 5 3
1 7 15 174 129 167 345 472 549
1 6 29 160 100 410 512 571
1 5 31 167 174 129 345
1 3 166 327 33
1 4 32 170 340 466
1 3 15 174 345
1 3 31 167 335
1 4 32 169 169 133
1 5 15 107 554 167 332
1 3 32 169 169
1 4 9 99 251 406
1 4 34 31 163 324
1 3 166 327 33
1 5 15 107 259 417 520
1 4 15 107 259 416
1 10 31 166 327 33 5 3 5 3 5 3
1 11 35 183 167 329 459 169 3 5 3 3 3
1 8 28 174 129 167 329 459 541 585
1 4 19 129 167 330
1 3 36 186 358
1 8 24 148 303 192 365 485 556 596
1 4 19 127 169 3
1 6 24 149 304 57 169 3
1 6 36 480 554 167 336 464
1 4 24 24 24 148
1 7 24 148 303 442 531 581 605
1 5 24 148 169 169 3
1 5 39 480 554 167 345
1 3 36 186 357
1 6 21 5 3 5 90 246
1 5 34 31 166 327 33
1 8 34 31 166 327 33 177 347 474
1 4 32 32 175 346
1 3 34 181 352
1 7 18 117 129 345 471 547 589
1 4 36 187 360 481
1 3 18 19 5
1 3 148 298 436
1 7 36 187 359 480 554 167 345
1 6 18 37 129 345 471 548
1 4 35 184 355 479
1 4 37 188 361 482
1 9 15 107 359 480 554 167 329 458 538
1 9 18 19 129 167 329 458 540 584 609
1 5 15 107 258 415 519
1 3 32 172 342
1 3 31 5 89
1 9 15 107 359 480 554 167 329 458 539
1 3 18 118 270
1 4 148 300 438 529
1 8 36 187 359 480 554 593 611 616
1 4 148 303 441 530
1 6 36 185 359 480 554 594
1 4 18 117 269 424
1 3 148 169 3
1 7 36 187 359 480 554 167 345
1 8 28 156 317 453 536 583 607 615
1 3 148 169 3
1 11 36 187 359 356 480 554 167 345 470 545 587
1 3 148 301 439
1 7 28 156 317 451 535 582 606
1 3 18 113 266
1 7 35 184 356 480 554 167 345
1 4 34 31 5 68
1 3 166 327 33
1 6 15 174 344 469 544 586
1 4 32 174 345 470
1 4 34 31 5 84
1 3 15 107 257
1 4 34 31 5 3
1 5 15 107 554 167 345
1 7 34 31 166 327 33 5 68
1 3 15 107 257
1 7 34 129 167 329 459 169 3
1 8 31 166 327 33 5 3 5 3
1 3 41 193 366
1 3 31 164 325
1 3 166 327 33
1 6 17 111 41 193 367 487
1 3 41 193 367
1 11 31 166 327 33 178 349 80 169 169 3 5
1 7 34 31 166 164 345 471 546
1 4 15 107 167 331
1 7 15 107 31 166 327 33 178
1 3 21 5 3
1 4 15 107 259 416
1 3 31 166 328
1 4 15 107 259 416
1 6 31 166 327 33 5 3
1 5 34 182 129 345 471
1 3 43 195 370
1 7 43 174 129 167 345 473 550
1 3 43 195 369
1 3 21 5 3
1 4 45 198 372 490
1 5 31 166 327 33 178
1 6 32 32 174 129 345 471
1 5 34 31 33 5 3
1 4 34 80 169 169
1 4 31 166 327 33
1 7 34 31 166 327 164 345 471
1 5 32 174 345 471 547
1 4 32 169 133 282
1 4 32 37 129 345
1 5 37 129 345 471 547
1 4 37 189 362 483
1 7 31 166 327 33 5 84 237
1 3 15 107 257
1 5 15 107 167 332 461
1 4 15 107 31 167
1 7 13 105 129 167 334 463 542
1 4 15 107 260 418
1 5 48 174 129 167 345
1 7 48 105 129 167 174 343 468
1 4 31 5 83 231
1 4 31 166 327 456
1 9 15 107 167 329 460 174 129 345 471
1 6 32 174 169 3 5 3
1 3 31 5 3
1 3 166 327 33
1 3 15 107 257
1 5 31 166 327 457 537
1 3 15 107 257
1 9 15 107 31 166 327 33 5 84 5
1 8 15 107 167 174 129 345 471 547
1 9 15 107 200 174 129 167 345 471 547
1 3 31 162 322
1 7 49 200 174 129 167 333 462
1 6 49 200 174 129 277 427
1 3 32 32 32
1 4 32 32 32 173
1 3 32 32 32
1 3 1 60 212
1 3 32 32 32
1 3 32 32 32
1 3 32 32 32
1 3 32 32 32
1 3 32 32 32
1 3 32 32 32
1 4 32 32 168 337
1 3 32 32 32
1 5 34 31 33 5 3
1 3 31 5 3
1 4 31 33 5 92
1 4 34 31 165 326
1 5 34 31 33 5 84
1 3 32 32 32
1 7 42 194 174 345 471 546 588
1 3 31 33 180
1 3 31 33 5
1 4 42 194 368 488
1 7 15 107 31 167 345 471 547
1 5 15 107 31 162 321
1 5 9 174 345 471 547
1 3 15 108 261
1 8 50 201 200 174 345 471 547 590
1 3 31 5 84
1 4 50 201 376 11
1 6 50 201 376 11 80 169
1 6 34 31 164 345 471 547
1 3 50 201 375
1 7 35 183 353 476 551 591 610
1 5 35 183 353 477 552
1 6 35 183 354 478 553 592
1 3 31 33 5
1 3 31 163 323
1 3 32 32 168
1 3 31 33 5
1 6 31 33 5 84 240 401
1 4 15 107 259 416
1 4 31 33 5 84
1 3 15 107 257
1 3 32 168 337
1 3 32 32 173
1 3 5 3 65
1 4 5 3 5 3
1 3 18 5 3
1 7 3 2 5 3 5 83 84
1 6 3 22 80 169 3 65
1 5 19 5 3 5 83
1 3 19 5 87
1 4 3 2 84 5
1 7 3 74 169 3 5 83 234
1 3 26 5 3
1 5 5 83 231 5 3
1 3 2 5 84
1 12 9 101 254 412 516 5 90 169 3 84 2 5
1 4 19 120 272 425
1 11 9 101 254 412 516 2 5 90 169 61 214
1 7 28 156 317 453 452 85 241
1 3 19 5 3
1 3 2 5 68
1 5 2 63 169 3 3
1 3 2 5 84
1 4 2 3 5 3
1 4 2 5 90 169
1 4 22 5 3 84
1 4 51 202 377 493
1 3 51 202 377
1 4 5 3 5 84
1 3 24 24 24
1 4 5 3 5 84
1 4 51 51 51 202
1 10 19 19 5 69 219 94 247 404 507 567
1 5 5 83 152 169 3
1 7 5 3 84 5 3 2 5
1 7 3 5 84 233 394 502 566
1 5 3 5 83 5 84
1 3 3 5 3
1 3 5 81 228
1 3 3 5 90
1 3 5 3 84
1 3 5 3 64
1 3 3 5 90
1 4 1 5 3 84
1 3 21 80 225
1 3 18 19 126
1 5 24 18 19 5 3
1 4 33 179 350 475
1 3 3 5 3
1 3 18 19 121
1 3 18 19 123
1 3 18 18 19
1 3 21 133 152
1 9 51 51 203 378 494 152 169 169 152
1 4 84 2 84 2
1 3 1 5 3
1 5 14 152 169 3 2
1 3 33 152 309
1 4 33 152 310 445
1 4 33 152 310 445
1 3 33 179 351
1 4 18 19 5 3
1 4 18 19 5 3
1 4 18 19 5 3
1 5 18 19 5 3 2
1 5 18 5 3 5 3
1 4 18 18 5 3
1 3 18 5 3
1 4 18 18 5 3
1 3 5 83 231
1 3 84 5 3
1 3 5 3 72
1 4 3 5 83 231
1 6 1 5 83 5 3 5
1 3 3 68 5
1 3 3 5 89
1 4 84 3 3 5
1 3 84 5 3
1 6 5 84 5 84 3 3
1 5 84 5 3 5 84
1 5 3 5 3 5 3
1 3 5 3 5
1 7 5 3 2 5 83 231 390
1 3 28 155 315
1 5 9 101 254 409 516
1 3 18 112 265
1 6 40 365 485 556 595 612
1 7 46 199 374 491 560 599 613
1 9 17 110 263 5 82 230 389 498 563
1 5 46 199 374 492 561
1 4 28 157 318 454
1 6 17 110 263 5 22 138
1 6 46 199 373 374 492 561
1 6 40 192 365 485 556 595
1 5 28 156 317 451 535
1 7 9 101 255 414 100 252 407
1 3 18 119 271
1 5 1 57 169 3 69
1 6 40 192 365 486 558 598
1 4 32 171 341 467
1 3 40 191 364
1 3 40 191 364
1 3 28 154 314
1 4 84 5 83 231
1 7 9 101 254 5 84 2 516
1 7 9 101 254 5 3 2 516
1 7 9 101 254 410 407 169 152
1 5 9 254 133 152 311
1 8 9 101 254 412 515 407 169 152
1 9 9 101 254 409 516 5 3 5 3
1 7 28 156 317 282 430 525 579
1 8 28 156 317 452 85 241 402 506
1 7 28 156 317 451 535 169 169
1 7 28 156 317 451 535 169 3
1 7 9 101 254 5 22 136 286
1 7 9 101 255 414 100 253 408
1 6 9 101 254 5 2 516
1 3 5 3 2
1 3 9 97 249
1 4 9 254 409 516
1 4 9 100 252 407
1 5 28 156 316 450 534
1 4 9 254 409 516
1 6 29 169 152 311 447 532
1 5 9 169 133 152 311
1 6 9 101 254 412 516 2
1 6 9 254 5 2 516 3
1 5 9 101 254 409 516
1 6 9 101 254 516 5 2
1 7 9 101 254 5 2 516 5
1 6 9 101 254 412 514 573
1 3 29 158 319
1 3 9 254 412
1 3 84 5 3
1 5 9 254 5 2 516
1 6 9 254 412 514 573 601
1 7 9 100 252 407 169 3 2
1 7 44 197 559 74 169 3 5
1 8 44 196 371 489 559 169 3 74
1 10 44 196 371 489 559 74 169 3 5 84
1 4 32 171 341 467
1 5 9 169 133 152 311
1 6 9 101 254 5 516 2
1 7 9 101 254 409 516 576 603
1 7 3 5 3 2 84 5 90
1 3 21 5 3
1 6 3 5 83 231 390 499
1 3 1 5 82
1 4 5 3 5 3
1 4 18 114 267 422
1 6 1 152 169 3 5 84
1 4 18 18 5 3
1 4 18 18 112 264
1 4 19 5 3 5
1 6 18 18 5 3 5 3
1 5 1 59 80 169 338
1 7 5 3 2 5 3 5 3
1 4 18 5 90 245
1 7 18 116 268 423 169 3 65
1 11 2 5 3 5 3 2 5 3 3 5 89
1 8 3 5 3 22 141 57 169 133
1 5 5 90 169 169 3
1 7 21 5 83 231 5 3 5
1 4 5 68 5 83
1 6 3 2 5 83 84 84
1 6 3 14 152 169 3 5
1 4 5 83 231 5
1 5 1 5 84 5 68
1 5 5 84 3 2 5
1 8 2 5 3 5 3 2 5 3
1 3 21 5 3
1 3 5 3 22
1 9 9 101 254 516 5 3 5 3 2
1 8 9 101 256 414 169 3 2 516
1 7 9 101 254 5 3 2 516
1 4 516 407 511 570
1 8 9 101 254 410 407 169 3 2
1 4 5 83 231 390
1 5 38 190 363 484 555
1 13 19 127 275 127 275 127 275 127 275 127 169 3 65
1 7 28 156 317 451 535 169 3
1 7 9 101 254 409 516 5 3
1 3 1 5 3
1 5 47 171 341 467 543
1 6 3 5 2 3 5 3
1 4 9 101 254 412
1 5 7 80 169 3 66
1 6 5 3 22 5 3 22
1 6 5 83 5 3 3 5
1 4 84 2 5 3
1 3 3 5 3
1 6 5 3 5 3 5 22
1 4 3 5 3 2
1 5 5 3 5 3 2
1 9 10 151 307 169 169 133 282 430 525
1 4 19 19 5 3
1 6 3 5 83 233 394 502
1 6 5 84 3 5 3 84
1 3 5 83 231
1 3 3 5 84
1 4 33 5 85 241
1 4 5 3 3 5
1 3 5 3 71
1 3 18 5 84
1 3 5 3 65
1 3 1 55 207
1 3 1 56 209
1 12 15 107 260 419 521 578 152 169 152 169 133 282
1 5 9 101 254 412 516
1 5 5 3 5 83 84
1 3 84 3 5
1 5 23 145 294 435 528
1 3 5 81 229
1 3 1 5 3
1 11 15 107 260 420 522 252 407 169 61 215 383
1 3 3 5 84
1 3 19 19 125
1 3 33 5 3
1 6 40 192 365 486 557 597
1 5 28 156 317 451 535
1 4 52 204 379 495
1 3 5 84 236
1 5 5 83 61 215 382
1 3 18 18 112
1 4 18 19 5 84
1 4 5 68 5 82
1 4 84 5 3 84
1 4 18 19 5 3
1 4 5 3 2 84
1 5 18 19 5 68 217
1 3 18 18 115
1 3 18 5 68
1 3 18 19 5
1 3 5 3 5
1 4 2 5 3 3
1 3 1 5 3
1 4 2 5 3 65
1 3 5 3 3
1 5 5 3 5 3 2
1 4 5 3 5 91
1 13 17 110 263 138 169 338 459 169 3 22 5 3 65
1 4 33 5 84 3
1 14 9 101 254 412 516 3 5 3 2 5 3 2 5 84
1 4 33 5 83 231
1 13 28 156 317 452 169 169 133 85 241 402 345 471 546
1 13 5 84 5 3 3 5 84 5 3 5 3 5 84
1 11 5 3 65 133 282 80 169 3 2 5 3
1 11 5 3 5 83 84 5 84 5 3 5 84
1 8 9 101 254 5 3 2 516 5
1 5 9 101 254 516 5
1 5 84 84 240 400 505
1 9 10 102 133 282 80 169 133 282 80
1 3 33 5 3
1 3 33 177 348
1 3 5 3 5
1 3 33 5 3
1 3 18 5 3
1 3 22 5 82
1 3 26 5 83
1 3 2 5 90
1 4 5 3 5 3
1 6 2 5 83 231 5 84
1 4 2 5 3 5
1 3 19 5 88
1 4 84 2 5 83
1 4 84 84 5 89
1 5 5 2 5 83 235
1 4 5 83 5 3
1 7 29 159 152 169 169 3 5
1 3 9 254 516
1 3 22 5 3
1 3 26 5 82
1 3 19 5 3
1 3 2 5 3
1 5 9 101 254 412 516
1 5 18 19 5 84 2
1 7 9 101 254 412 516 2 5
1 7 9 101 254 412 516 2 5
1 4 2 5 83 231
1 3 5 83 231
1 5 28 156 317 453 452
1 3 8 95 248
1 14 5 83 5 83 5 83 231 10 169 3 69 3 5 3
1 10 5 68 3 5 3 69 3 78 223 386
1 9 5 68 3 5 3 3 3 69 219
1 7 21 80 80 80 80 80 169
1 4 5 83 5 83
1 5 5 82 151 307 169
1 8 5 3 5 3 5 3 69 3
1 8 93 169 3 3 5 83 231 392
1 6 9 101 254 412 516 574
1 3 5 83 231
1 14 9 101 254 412 516 3 2 5 84 3 2 84 2 62
1 12 2 152 310 445 169 3 65 152 169 152 310 445
1 14 17 110 263 5 3 22 138 169 3 22 5 22 5 84
1 19 3 22 140 169 3 3 22 5 22 5 84 3 22 5 84 3 22 5 84
1 14 9 101 254 412 516 2 5 84 2 5 3 2 5 3
1 12 8 95 248 405 508 85 241 402 405 508 85 242
1 11 9 101 254 412 516 2 5 82 152 310 446
1 10 2 5 84 3 2 5 82 152 169 338
1 11 5 83 84 3 5 3 5 3 5 83 231
1 8 3 5 84 5 3 3 5 68
1 4 3 3 2 84
1 5 22 137 169 169 61
1 3 3 5 89
1 3 3 3 5
1 4 84 3 3 5
1 4 21 134 284 431
1 5 3 5 3 5 3
1 3 84 5 3
1 16 19 3 5 68 5 93 169 3 69 395 80 169 3 5 83 5
1 9 19 19 3 3 3 3 3 5 84
1 16 19 3 5 3 5 3 5 69 3 3 3 5 69 3 5 3
1 12 19 5 83 233 395 80 80 80 80 169 133 283
1 4 53 205 380 496
1 15 5 3 14 152 151 169 3 5 68 3 5 3 69 3 65
1 10 2 5 83 231 80 169 233 80 80 80
1 8 19 5 3 68 5 3 5 3
1 9 19 5 3 5 3 3 5 69 73
1 3 5 2 3
1 11 19 5 3 68 3 3 69 5 69 219 384
1 4 5 83 231 390
1 10 5 3 5 83 233 80 80 169 3 69
1 5 3 5 69 3 3
1 3 19 130 279
1 10 19 130 278 428 524 169 3 3 3 3
1 4 5 3 5 3
1 5 19 19 19 130 279
1 6 5 3 3 69 3 3
1 6 19 3 5 83 233 80
1 4 3 5 3 3
1 8 19 5 3 5 3 69 3 3
1 7 69 3 5 3 5 3 3
1 10 19 3 3 5 3 69 219 385 497 562
1 4 5 3 69 3
1 8 3 68 5 69 73 3 3 3
1 4 19 19 19 19
1 9 3 68 3 5 83 231 392 501 565
1 11 5 3 68 3 5 3 3 69 73 3 3
1 9 3 3 5 3 5 3 3 69 3
1 3 3 5 3
1 10 3 5 93 80 10 151 80 169 233 80
1 3 9 169 3
1 3 24 148 302
1 3 24 148 302
1 3 24 148 302
1 4 9 100 252 407
1 9 3 3 3 3 3 5 69 3 3
1 9 3 3 3 3 5 3 5 69 3
1 5 9 101 254 409 516
1 13 5 3 3 68 3 3 5 69 3 3 3 3 3
1 6 9 256 414 169 152 311
1 11 32 176 80 80 80 80 80 169 233 396 503
1 4 9 256 413 517
1 13 8 96 80 80 80 80 10 169 169 3 69 3 3
1 8 3 3 3 5 3 69 3 3
1 4 9 254 409 516
1 5 5 69 3 3 84
1 8 9 101 254 412 516 3 5 2
1 3 9 97 249
1 14 3 3 3 3 68 3 3 5 69 3 3 3 5 83
1 6 9 101 256 414 518 577
1 7 3 3 3 68 5 69 73
1 6 9 101 256 414 518 577
1 9 3 3 3 5 69 3 73 3 5
1 5 9 254 411 513 572
1 11 1 57 96 80 80 10 169 233 80 80 227
1 7 9 101 256 414 100 252 407
1 12 3 5 68 3 3 3 3 68 5 3 69 3
1 3 24 148 301
1 11 4 80 80 80 80 80 80 169 3 69 3
1 10 3 3 3 5 3 69 73 3 5 3
1 12 3 3 3 3 5 69 3 73 93 169 169 3
1 8 4 80 80 80 169 233 80 80
1 13 26 151 169 3 3 3 68 5 69 3 79 224 387
1 13 26 96 80 80 80 10 151 169 3 69 3 79 224
1 16 17 110 263 5 82 230 10 151 169 169 61 214 169 233 396 504
1 7 3 5 69 3 73 3 84
1 10 3 3 3 3 68 3 5 69 3 3
1 5 3 3 5 69 3
1 10 3 3 3 3 3 5 69 3 3 3
1 3 9 97 249
1 6 9 101 254 410 512 571
1 4 3 69 3 5
1 5 9 100 133 152 311
1 3 69 5 83
1 7 17 110 263 5 3 22 138
1 3 69 5 3
1 3 1 5 3
1 7 28 156 317 453 536 583 608
1 9 4 80 80 80 80 80 80 226 388
1 4 19 127 275 127
1 8 15 107 260 420 523 410 512 571
1 3 9 98 250
1 13 10 151 169 3 68 3 3 5 3 3 69 219 384
1 9 3 69 3 68 5 83 5 83 231
1 3 5 22 80
1 6 29 160 100 252 407 510
1 3 69 3 3
1 5 3 3 69 3 5
1 7 9 101 254 409 516 3 65
1 5 3 69 3 68 3
1 5 3 69 61 215 382
1 3 18 19 5
1 7 9 101 254 5 89 244 403
1 4 9 254 409 516
1 9 3 3 69 3 3 5 83 231 5
1 5 69 3 5 3 3
1 5 3 69 3 5 89
1 5 516 3 69 5 84
1 4 9 254 409 516
1 10 20 131 280 429 233 80 80 169 3 3
1 3 32 169 3
1 4 3 69 3 5
1 7 9 101 254 516 5 3 2
1 4 516 575 602 614
1 4 9 410 512 571
1 6 9 101 254 410 512 571
1 8 3 3 68 3 3 84 5 3
1 8 3 69 3 3 68 5 3 65
1 4 69 3 3 5
1 6 9 256 414 169 152 311
1 4 69 3 3 3
1 3 69 3 5
1 3 69 61 214
1 4 5 84 5 84
1 7 54 206 381 169 169 133 281
1 5 138 169 3 3 5
1 4 24 18 5 3
1 4 24 24 24 146
1 6 18 116 268 423 169 3
1 5 24 24 151 57 169
1 4 18 19 19 121
1 4 516 3 5 3
1 3 1 5 3
1 3 3 77 222
1 4 84 5 3 5
1 3 5 83 84
1 5 5 83 231 5 3
1 3 84 238 398
1 5 24 18 19 5 3
1 5 18 19 5 68 217
1 5 18 5 3 75 221
1 5 69 3 3 68 3
1 4 17 109 262 421
1 3 138 287 433
1 5 5 3 5 3 66
1 4 18 5 3 67
1 5 18 19 5 3 2
1 5 24 18 19 5 3
1 3 18 19 122
1 4 3 84 84 84
