751 637
1 6 1 56 80 58 160 80
1 3 2 5 6
1 4 7 141 160 141
1 5 6 6 82 6 6
1 9 6 82 235 398 197 373 489 559 600
1 6 2 3 2 5 82 233
1 7 1 60 209 379 160 213 382
1 4 9 10 101 256
1 3 5 82 233
1 3 3 5 1
1 6 2 5 6 2 3 5
1 7 5 82 233 396 160 213 381
1 5 11 264 412 509 565
1 3 5 3 70
1 4 12 110 269 418
1 9 13 56 160 80 226 80 80 5 84
1 4 12 160 80 223
1 6 14 112 72 56 160 80
1 4 516 2 5 3
1 5 15 115 56 160 80
1 4 5 3 5 3
1 6 16 119 283 5 85 244
1 3 18 19 5
1 3 18 5 3
1 4 541 101 256 10
1 5 13 80 5 73 217
1 3 21 5 3
1 3 1 59 207
1 5 2 5 6 82 5
1 10 8 99 254 58 160 58 206 378 491 560
1 3 5 73 5
1 7 21 5 82 233 397 160 58
1 3 21 5 3
1 5 2 5 6 82 6
1 6 2 5 6 6 6 2
1 5 2 3 5 82 232
1 6 2 6 82 5 73 217
1 3 21 5 3
1 4 8 213 383 496
1 5 5 2 3 5 6
1 3 18 125 289
1 3 3 5 86
1 4 21 5 3 6
1 4 23 160 213 381
1 4 2 5 82 239
1 4 2 238 402 508
1 5 5 2 5 82 5
1 4 2 5 3 5
1 3 5 82 233
1 6 23 18 19 5 3 67
1 4 24 148 323 459
1 3 2 5 73
1 3 21 141 307
1 5 2 6 82 233 396
1 3 3 5 1
1 3 18 5 3
1 3 5 3 66
1 4 2 5 3 6
1 4 19 5 3 73
1 4 23 18 5 3
1 4 19 3 5 3
1 4 18 19 5 3
1 3 21 5 3
1 7 2 5 3 3 3 5 89
1 4 26 80 5 89
1 5 3 2 5 6 6
1 3 6 82 233
1 4 3 5 82 233
1 3 72 56 160
1 3 19 133 300
1 3 2 5 3
1 3 2 5 3
1 4 5 82 5 3
1 3 5 3 6
1 3 5 6 6
1 3 1 59 208
1 5 516 573 605 624 634
1 3 6 82 233
1 3 5 82 6
1 3 3 6 6
1 3 5 3 75
1 4 23 146 316 454
1 3 22 144 311
1 3 22 160 213
1 3 22 144 312
1 3 6 94 248
1 3 146 320 457
1 3 22 144 312
1 5 6 6 2 5 3
1 3 3 5 3
1 4 6 3 5 84
1 5 6 3 5 6 94
1 3 3 5 84
1 3 3 74 218
1 6 18 122 287 436 531 581
1 3 6 6 94
1 5 22 143 101 573 607
1 3 18 5 89
1 3 6 3 5
1 4 516 5 3 76
1 5 5 82 6 82 6
1 6 2 3 5 6 82 233
1 8 5 3 5 3 5 3 5 3
1 3 21 5 82
1 7 5 2 3 5 82 233 395
1 5 2 3 5 3 2
1 4 19 3 5 3
1 3 8 100 255
1 3 1 5 73
1 6 2 65 80 80 5 3
1 5 2 3 3 5 89
1 4 2 5 89 246
1 4 2 6 82 233
1 4 9 160 213 382
1 6 28 155 330 465 463 541
1 8 19 134 301 115 56 160 141 160
1 3 5 3 2
1 11 5 6 3 68 80 5 3 5 3 5 81
1 3 19 5 3
1 7 11 108 264 516 5 3 70
1 5 5 3 68 212 380
1 7 27 56 160 80 223 388 500
1 3 6 82 5
1 3 21 5 82
1 5 1 5 10 101 256
1 4 21 141 160 80
1 4 8 98 253 405
1 5 21 141 56 160 141
1 3 5 2 5
1 7 27 152 152 152 56 80 223
1 3 18 5 81
1 4 23 23 145 313
1 5 23 23 145 313 452
1 7 27 152 152 56 202 377 490
1 3 18 19 3
1 3 1 56 201
1 6 6 2 5 2 5 6
1 3 3 5 3
1 6 23 23 23 145 313 451
1 5 3 77 221 387 499
1 10 21 141 309 56 80 5 6 2 5 3
1 9 15 114 275 422 520 577 610 626 635
1 4 27 151 326 460
1 3 1 57 203
1 4 27 56 160 80
1 3 3 5 6
1 3 1 5 83
1 4 5 83 242 403
1 3 25 149 324
1 5 11 108 264 414 516
1 4 516 5 3 3
1 5 11 108 264 412 511
1 6 30 160 80 5 3 78
1 7 11 108 264 412 411 263 573
1 6 10 101 573 160 80 225
1 4 5 6 82 233
1 7 19 5 3 5 3 2 63
1 8 11 108 264 414 516 573 160 80
1 4 23 23 145 314
1 4 12 111 270 419
1 3 5 82 5
1 3 21 5 3
1 6 29 159 107 411 263 573
1 3 33 167 340
1 3 15 116 280
1 3 33 170 344
1 4 11 104 259 407
1 4 32 160 213 382
1 5 15 114 129 295 443
1 6 33 171 346 34 176 350
1 3 15 114 272
1 3 32 160 213
1 3 33 171 347
1 4 11 106 262 409
1 4 35 33 168 342
1 3 171 346 34
1 5 15 114 277 426 524
1 6 32 33 171 347 160 80
1 4 15 114 277 425
1 10 33 171 346 34 5 3 5 3 5 3
1 3 171 346 34
1 11 36 180 278 427 347 160 80 5 3 3 3
1 9 36 180 278 431 527 427 347 160 213
1 9 23 146 321 160 58 160 80 58 205
1 6 23 18 128 160 213 381
1 4 19 171 346 472
1 4 19 138 304 448
1 3 23 18 123
1 4 19 136 302 446
1 6 23 147 322 58 160 80
1 6 38 292 129 294 442 533
1 4 23 23 23 146
1 7 23 146 321 458 537 584 612
1 5 23 146 160 213 381
1 5 37 292 129 294 441
1 3 38 182 355
1 6 21 5 3 5 89 246
1 8 35 33 171 346 34 3 5 81
1 4 32 32 166 339
1 3 35 178 351
1 3 18 19 5
1 3 146 315 453
1 8 28 155 330 465 463 541 588 615
1 6 18 40 527 347 160 334
1 4 36 181 354 478
1 7 11 108 266 264 412 410 516
1 9 18 19 171 346 471 546 591 616 629
1 5 15 114 274 421 519
1 3 32 163 337
1 3 33 5 88
1 9 15 114 273 292 129 294 440 532 582
1 5 146 321 160 141 160
1 3 18 129 293
1 4 38 183 356 479
1 4 146 317 455 536
1 7 38 183 18 19 171 346 34
1 3 146 160 334
1 8 38 183 18 19 171 345 470 545
1 4 146 321 160 334
1 4 18 128 292 439
1 7 38 183 18 19 171 346 34
1 8 28 155 330 465 463 541 588 615
1 3 146 160 80
1 6 38 183 18 129 294 441
1 11 38 183 18 128 292 129 294 441 80 5 82
1 3 146 318 456
1 7 38 183 18 19 171 346 34
1 7 28 155 330 463 541 588 615
1 3 18 124 288
1 7 36 181 128 292 129 294 441
1 3 171 346 34
1 6 15 116 279 432 528 579
1 4 32 33 34 3
1 4 35 33 5 6
1 3 171 346 34
1 3 15 114 272
1 4 35 33 5 3
1 5 15 114 129 294 441
1 7 35 33 171 346 34 5 73
1 3 15 114 272
1 9 15 114 33 170 343 469 65 160 80
1 6 32 161 431 527 347 160
1 7 35 179 278 427 347 160 80
1 4 11 106 261 408
1 8 33 171 346 34 5 3 5 3
1 3 42 187 360
1 6 16 120 284 435 530 580
1 4 33 171 346 34
1 3 44 189 363
1 11 33 171 346 34 175 349 80 5 82 233 5
1 7 35 33 171 169 347 160 80
1 4 15 114 278 429
1 7 15 114 33 171 346 34 175
1 3 21 5 3
1 4 171 346 34 5
1 4 15 114 277 425
1 4 15 114 277 425
1 6 33 171 346 34 5 3
1 7 46 366 486 558 599 623 633
1 3 171 346 34
1 4 44 189 362 483
1 5 33 171 346 34 175
1 3 44 189 363
1 5 35 33 34 5 3
1 4 35 80 5 82
1 4 33 171 346 34
1 7 35 33 171 346 169 347 160
1 5 32 33 34 5 6
1 4 32 40 527 347
1 5 40 527 347 160 141
1 4 40 321 160 141
1 7 33 171 169 347 226 160 80
1 4 36 180 278 430
1 5 15 114 278 428 526
1 4 15 114 33 170
1 7 14 113 271 420 169 160 213
1 5 47 366 486 558 599
1 4 33 5 82 233
1 4 171 346 471 547
1 4 33 171 346 473
1 9 15 114 278 427 525 431 527 347 160
1 6 32 33 5 3 5 3
1 5 33 169 160 213 381
1 3 15 114 272
1 3 15 114 272
1 6 32 33 171 347 474 548
1 8 15 114 278 431 527 347 160 141
1 9 15 114 191 366 486 558 599 622 632
1 7 48 366 486 558 598 620 631
1 7 48 191 366 486 558 598 621
1 6 48 191 366 486 557 597
1 3 32 32 32
1 4 32 32 32 164
1 3 32 32 32
1 3 1 62 211
1 3 32 32 32
1 3 32 32 161
1 3 32 32 32
1 3 32 32 32
1 3 32 32 32
1 3 32 32 32
1 3 32 32 32
1 3 32 32 32
1 3 32 32 32
1 3 32 32 32
1 3 32 32 32
1 5 35 33 34 5 3
1 3 33 5 3
1 5 35 33 34 5 6
1 3 32 32 32
1 7 43 188 352 347 160 80 227
1 3 33 34 177
1 3 33 34 5
1 4 43 188 361 482
1 5 15 114 33 167 340
1 3 15 117 281
1 8 49 192 368 352 347 160 141 308
1 3 33 5 6
1 6 35 33 169 347 160 141
1 4 49 192 367 487
1 7 36 180 352 475 549 592 617
1 5 36 180 352 476 550
1 6 36 180 353 477 551 593
1 7 36 180 352 347 160 80 228
1 3 33 34 5
1 3 33 168 341
1 6 15 114 33 5 3 67
1 3 33 34 5
1 7 35 33 34 5 6 96 251
1 3 15 114 272
1 3 5 3 67
1 4 5 3 5 3
1 3 18 5 3
1 4 23 18 5 73
1 7 3 2 5 3 5 82 6
1 3 3 5 1
1 6 3 68 80 5 3 67
1 5 19 5 3 5 82
1 3 19 5 86
1 5 3 5 3 5 73
1 4 3 2 6 82
1 3 30 160 80
1 9 16 119 283 5 85 80 224 390 502
1 5 5 82 233 5 3
1 3 2 5 6
1 12 11 108 264 414 516 5 89 160 80 141 56 160
1 4 19 130 296 444
1 7 28 155 330 465 464 379 160
1 3 19 5 3
1 5 2 5 3 5 82
1 5 2 65 160 80 80
1 3 2 5 89
1 3 5 82 233
1 3 6 95 249
1 3 27 150 325
1 4 8 213 381 493
1 3 50 193 369
1 4 5 3 5 6
1 4 50 50 50 193
1 10 19 19 5 71 214 141 160 141 160 80
1 7 5 3 6 82 233 395 505
1 3 5 82 236
1 7 3 5 6 237 399 506 564
1 5 3 5 82 5 6
1 3 5 1 57
1 3 3 5 89
1 3 5 3 66
1 3 3 5 89
1 3 3 5 89
1 3 21 80 223
1 3 18 19 137
1 5 23 18 19 5 3
1 3 3 5 3
1 3 18 19 131
1 3 1 61 210
1 4 3 5 82 233
1 4 6 2 5 2
1 4 6 2 6 2
1 3 1 5 3
1 3 34 172 56
1 4 34 172 141 56
1 4 34 172 141 56
1 3 34 174 348
1 5 34 173 173 173 173
1 4 18 19 5 3
1 4 18 19 5 3
1 5 18 19 5 3 2
1 4 18 18 5 3
1 4 18 18 5 3
1 4 3 3 5 3
1 3 6 82 233
1 3 5 3 75
1 4 3 5 82 233
1 6 1 5 82 5 3 5
1 3 3 73 5
1 3 3 5 88
1 4 6 3 3 5
1 3 6 82 233
1 6 5 6 82 6 3 3
1 5 6 82 233 5 6
1 3 5 3 5
1 3 28 154 328
1 7 45 190 365 484 554 595 618
1 9 16 119 283 5 81 231 394 504 563
1 5 45 190 365 485 556
1 4 28 156 331 466
1 6 16 119 283 5 83 243
1 6 45 190 364 365 485 556
1 5 11 108 264 410 516
1 5 28 155 330 463 541
1 4 19 5 3 2
1 5 1 58 160 80 226
1 6 41 186 359 481 553 594
1 4 32 162 336 468
1 3 41 185 358
1 3 41 185 358
1 3 28 153 327
1 4 6 82 5 3
1 7 11 108 264 411 573 160 333
1 6 11 264 412 512 568 602
1 5 11 264 382 494 562
1 8 11 108 264 414 515 573 160 333
1 7 28 155 330 462 539 585 613
1 8 28 155 330 464 379 160 80 141
1 7 28 155 330 463 541 101 256
1 7 11 108 264 412 510 566 601
1 7 11 108 265 415 517 575 609
1 3 5 3 2
1 3 11 103 258
1 6 11 264 412 410 516 5
1 4 11 264 410 516
1 4 11 107 263 573
1 5 28 155 329 461 538
1 5 11 213 382 494 562
1 6 11 108 264 414 516 2
1 4 11 264 410 516
1 6 11 264 412 410 516 3
1 5 11 108 264 410 516
1 6 11 108 264 516 5 2
1 7 11 108 264 412 410 516 5
1 8 11 264 412 411 263 573 160 80
1 6 11 108 264 414 514 570
1 3 29 157 332
1 3 11 264 414
1 3 6 82 233
1 5 11 264 412 410 516
1 6 11 264 414 514 570 603
1 7 11 107 263 573 160 80 223
1 7 51 194 370 30 160 80 5
1 10 51 195 371 488 370 30 160 80 5 6
1 4 32 162 336 468
1 5 11 213 382 494 562
1 6 11 108 264 412 511 567
1 6 11 108 264 412 410 516
1 4 5 82 5 82
1 7 3 5 3 2 6 82 240
1 3 21 5 3
1 3 1 5 81
1 4 5 3 5 3
1 4 18 125 290 437
1 6 1 56 160 80 5 6
1 4 18 18 5 3
1 10 5 3 5 6 82 233 5 3 5 82
1 4 18 18 122 286
1 4 19 5 3 5
1 5 1 61 80 5 89
1 7 18 127 291 438 160 80 58
1 11 2 5 3 5 3 2 5 3 3 5 88
1 4 21 80 5 82
1 5 5 89 160 213 381
1 4 5 73 5 82
1 6 3 2 5 82 6 6
1 6 3 72 56 160 80 5
1 4 5 82 233 5
1 5 1 5 6 82 238
1 5 5 6 3 2 5
1 7 2 5 3 2 5 3 5
1 3 3 5 3
1 3 21 5 3
1 4 4 160 80 223
1 3 5 3 68
1 4 516 573 608 625
1 8 11 108 264 411 573 160 80 223
1 4 5 82 233 395
1 10 45 190 365 485 555 596 619 630 636 637
1 5 39 184 357 480 552
1 4 5 3 5 3
1 7 28 155 330 463 541 101 256
1 7 11 108 264 410 516 5 3
1 3 6 82 233
1 5 31 162 336 468 544
1 6 3 5 2 3 5 3
1 5 9 80 5 3 69
1 4 6 2 5 3
1 3 3 5 3
1 4 3 5 3 2
1 9 20 80 226 160 213 382 462 539 585
1 6 3 5 82 237 399 506
1 6 5 6 3 5 3 6
1 3 7 97 252
1 4 5 3 3 5
1 3 5 3 74
1 3 18 5 6
1 3 5 3 67
1 3 1 55 200
1 3 1 57 204
1 12 15 114 276 423 521 578 56 160 333 160 141 160
1 5 11 108 264 414 516
1 5 5 3 5 82 6
1 3 6 3 5
1 5 22 215 80 5 88
1 3 5 1 5
1 3 22 160 80
1 3 1 5 3
1 3 1 5 1
1 11 15 114 276 424 522 263 573 160 20 160 213
1 3 3 5 6
1 3 19 19 135
1 3 5 6 92
1 5 5 82 238 402 508
1 3 18 18 122
1 4 18 19 5 89
1 4 18 19 5 6
1 4 5 73 5 81
1 4 6 82 233 397
1 4 18 19 5 3
1 4 5 3 2 6
1 5 18 19 5 73 217
1 3 18 18 126
1 3 18 19 5
1 3 21 5 87
1 8 6 3 6 82 233 5 89 80
1 3 5 3 5
1 4 2 5 3 3
1 3 1 5 3
1 3 8 213 382
1 4 2 5 3 67
1 3 5 3 3
1 5 5 3 5 3 2
1 8 11 108 264 414 516 5 3 2
1 4 5 3 5 90
1 14 11 108 264 414 516 3 5 3 2 5 3 2 5 6
1 13 5 6 82 233 396 160 141 160 80 5 3 5 6
1 11 5 3 67 141 160 80 5 3 2 5 3
1 11 5 3 5 82 6 82 6 82 233 5 6
1 5 11 108 264 516 5
1 5 6 6 96 250 404
1 9 20 140 141 160 80 5 6 82 233
1 3 34 5 3
1 3 34 3 75
1 4 34 3 5 81
1 3 5 3 5
1 3 34 3 76
1 3 34 5 3
1 3 34 5 3
1 8 19 132 298 445 534 583 611 627
1 3 18 5 3
1 3 30 160 213
1 3 2 5 89
1 4 5 3 5 3
1 6 2 5 82 233 5 6
1 3 5 82 233
1 3 19 5 87
1 4 6 2 5 82
1 5 5 89 80 5 3
1 7 29 158 56 160 213 381 492
1 3 11 264 516
1 3 30 160 58
1 3 19 5 3
1 3 2 5 3
1 3 19 131 297
1 5 11 108 264 414 516
1 5 18 19 5 6 2
1 7 11 108 264 414 516 2 5
1 3 5 82 233
1 3 10 101 256
1 14 5 82 5 82 5 82 233 20 160 80 226 80 5 3
1 9 20 160 213 381 80 5 3 71 213
1 7 21 80 80 80 80 80 5
1 5 5 81 80 226 160
1 8 5 3 5 3 5 3 71 3
1 6 11 108 264 414 516 571
1 3 5 82 233
1 14 11 108 264 414 516 3 2 5 6 3 2 6 2 64
1 12 2 172 141 56 160 80 58 56 160 333 467 543
1 17 5 6 3 5 6 6 6 82 233 397 160 141 160 80 5 82 233
1 14 16 119 283 5 3 68 17 160 80 224 390 373 489 559
1 14 11 108 264 414 516 2 5 6 2 5 3 2 5 3
1 13 2 172 56 80 223 389 56 160 80 80 223 388 501
1 14 28 155 330 464 542 590 10 101 10 101 257 10 101 256
1 6 28 155 330 462 540 586
1 12 10 101 256 10 101 10 101 256 10 101 10 102
1 11 11 108 264 414 516 2 5 81 56 201 376
1 9 11 108 264 414 516 3 2 5 6
1 10 2 5 6 3 2 5 81 56 160 335
1 11 5 82 6 3 5 3 5 3 5 82 233
1 8 3 5 6 82 233 396 160 20
1 3 6 82 233
1 4 3 3 2 6
1 5 8 20 160 213 383
1 5 5 3 6 82 5
1 3 21 5 86
1 3 3 5 88
1 6 10 101 10 101 256 406
1 4 21 142 310 450
1 5 3 5 3 5 3
1 3 6 82 233
1 5 18 19 5 89 245
1 9 19 19 3 3 3 3 3 5 6
1 6 52 160 213 381 492 561
1 16 19 3 5 3 5 3 5 71 3 3 3 5 71 3 5 3
1 12 19 5 82 237 401 80 80 80 80 5 6 6
1 4 52 197 373 489
1 15 5 3 72 56 80 5 3 5 73 3 5 3 71 3 67
1 8 19 5 3 73 5 3 5 3
1 3 52 196 372
1 9 19 5 3 5 3 3 5 71 215
1 11 19 5 3 73 3 3 71 213 175 349 80
1 4 5 82 233 395
1 10 5 3 5 82 237 80 80 5 3 71
1 3 19 139 306
1 10 19 139 305 449 535 160 80 80 80 80
1 5 19 19 19 139 306
1 6 5 3 3 71 3 3
1 15 3 5 3 3 3 3 5 3 3 71 213 381 226 80 80
1 4 3 5 3 3
1 16 5 3 73 3 3 5 91 80 80 226 80 80 80 226 391 503
1 11 71 3 5 3 5 3 3 71 214 384 497
1 8 19 5 3 5 3 71 3 3
1 7 71 3 5 3 5 3 3
1 10 19 3 3 5 3 71 214 215 80 80
1 10 3 5 3 5 3 73 3 5 3 71
1 4 5 3 71 3
1 8 3 73 5 71 215 80 80 80
1 9 3 73 3 5 82 233 226 80 58
1 9 3 3 5 3 5 3 3 71 3
1 3 3 5 3
1 3 5 6 82
1 3 516 572 604
1 3 11 213 381
1 3 23 146 320
1 3 23 146 320
1 3 23 146 320
1 3 23 146 320
1 3 23 146 319
1 4 11 107 263 573
1 9 3 3 3 3 3 5 71 3 3
1 6 11 108 266 264 410 516
1 9 3 3 3 3 5 3 5 71 3
1 5 11 108 264 410 516
1 13 5 3 3 73 3 3 5 71 3 3 3 3 3
1 6 11 109 268 417 518 576
1 4 11 109 267 416
1 4 11 264 410 516
1 8 3 3 3 5 3 71 3 3
1 4 11 264 410 516
1 5 5 71 3 3 6
1 11 16 119 283 434 529 80 80 5 71 3 3
1 14 3 3 3 3 73 3 3 5 71 3 3 3 5 82
1 6 11 108 266 264 410 516
1 7 3 3 3 73 5 71 215
1 5 11 264 413 513 569
1 11 1 58 20 80 80 229 393 226 80 80 230
1 7 11 108 266 264 414 514 570
1 12 3 5 73 3 3 3 3 73 5 3 71 3
1 3 18 19 137
1 3 23 146 318
1 11 4 80 80 80 80 80 80 5 3 71 3
1 10 3 3 3 5 3 71 215 80 5 3
1 12 3 3 3 3 5 71 3 76 220 160 213 381
1 7 4 80 80 80 80 5 71
1 7 3 5 71 3 76 219 386
1 5 3 3 5 71 3
1 8 3 3 3 3 3 3 5 71
1 10 3 3 3 3 3 5 71 3 3 3
1 3 11 103 258
1 6 11 108 264 411 263 573
1 4 3 71 3 5
1 5 11 107 382 494 562
1 4 71 216 385 498
1 7 16 119 283 5 3 68 17
1 3 3 71 3
1 3 71 213 381
1 7 28 155 330 465 463 541 589
1 11 4 80 80 80 5 71 3 3 3 3 3
1 9 4 80 80 80 80 80 80 226 392
1 4 19 136 303 447
1 14 3 5 3 3 73 3 3 5 3 3 71 3 3 3
1 3 53 198 374
1 8 15 114 276 424 523 411 263 573
1 3 11 105 260
1 13 20 80 5 3 73 3 3 5 3 3 71 214 384
1 9 3 71 3 73 5 82 5 82 233
1 3 5 83 241
1 3 1 57 204
1 6 29 159 107 263 573 606
1 3 71 3 3
1 5 23 18 19 133 299
1 5 3 71 3 73 3
1 5 3 71 20 160 80
1 3 18 19 5
1 4 11 264 410 516
1 9 3 3 71 3 3 5 82 233 5
1 5 3 71 3 5 88
1 5 11 264 410 516 571
1 5 516 3 71 213 382
1 4 11 264 410 516
1 10 541 587 614 628 237 80 80 5 3 3
1 6 11 108 264 410 516 574
1 3 32 160 80
1 4 3 71 3 5
1 3 32 165 338
1 4 6 237 400 507
1 7 11 108 264 516 5 3 2
1 4 516 485 555 596
1 4 11 411 263 573
1 8 3 3 73 3 3 6 82 233
1 6 71 3 3 6 82 239
1 8 3 71 3 3 73 5 3 67
1 6 11 108 266 264 410 516
1 4 71 3 3 5
1 6 11 109 268 417 518 576
1 4 71 3 3 3
1 3 71 3 5
1 4 71 3 73 3
1 4 5 6 82 6
1 7 54 199 375 160 213 382 495
1 5 17 160 80 80 5
1 5 23 23 23 18 127
1 4 23 18 5 3
1 6 18 127 291 438 160 80
1 5 23 23 80 58 160
1 4 18 19 19 131
1 3 3 79 222
1 4 6 82 233 5
1 3 5 82 6
1 4 3 5 82 234
1 5 5 82 233 5 3
1 3 6 93 247
1 5 23 18 19 5 3
1 3 516 573 607
1 7 23 23 23 18 19 5 3
1 5 18 19 5 73 217
1 4 16 118 282 433
1 3 17 121 285
1 5 5 3 5 3 69
1 4 18 5 3 70
1 5 18 19 5 3 2
1 5 23 18 19 5 3
1 3 18 19 132
1 4 3 6 6 6
