783 633
1 3 1 2 3
1 4 4 436 303 436
1 5 3 3 2 3 3
1 9 3 2 5 82 211 387 504 570 608
1 6 1 6 1 2 62 216
1 7 7 103 257 408 144 303 436
1 4 8 9 106 260
1 3 6 2 6
1 3 6 2 63
1 6 9 83 2 6 2 6
1 7 2 62 216 83 2 62 216
1 5 2 457 144 6 1
1 4 536 2 90 246
1 3 2 6 89
1 4 11 109 261 410
1 9 12 115 144 6 13 111 6 2 457
1 9 6 2 13 2 6 2 6 2 3
1 4 11 144 6 1
1 7 14 113 83 2 6 89 245
1 6 15 114 16 115 144 6
1 4 536 1 2 6
1 4 2 6 2 6
1 4 17 144 6 1
1 3 18 19 2
1 3 18 2 6
1 3 18 19 2
1 5 12 83 2 90 246
1 4 2 6 2 3
1 3 7 101 254
1 5 1 2 3 2 62
1 10 5 84 242 20 144 305 441 82 144 304
1 3 7 2 67
1 3 2 90 2
1 7 23 2 62 216 391 506 571
1 3 23 2 6
1 5 1 2 62 20 144
1 6 1 2 3 3 3 1
1 3 2 62 3
1 3 5 2 6
1 4 5 2 90 247
1 5 2 1 6 2 3
1 3 18 119 272
1 3 2 6 91
1 4 23 2 6 3
1 4 24 144 303 134
1 4 1 59 214 389
1 5 2 1 2 62 2
1 4 1 59 214 389
1 4 1 2 6 2
1 3 2 62 216
1 6 24 18 19 2 6 92
1 3 24 19 127
1 4 25 141 299 430
1 3 1 2 90
1 3 23 3 77
1 5 1 3 2 6 6
1 3 6 2 63
1 4 19 131 283 422
1 3 2 6 88
1 4 1 2 6 3
1 4 19 2 6 90
1 4 24 18 2 6
1 4 19 6 2 6
1 4 18 19 2 6
1 3 23 2 6
1 4 26 83 2 67
1 5 6 1 2 3 3
1 3 3 2 6
1 3 2 62 216
1 3 1 6 2
1 4 6 2 62 216
1 4 1 2 6 3
1 3 16 115 144
1 3 1 2 6
1 3 19 124 278
1 3 1 2 6
1 3 1 2 6
1 4 2 62 2 6
1 3 2 6 3
1 5 27 143 301 432 525
1 3 2 5 2
1 5 536 457 540 588 616
1 3 1 2 90
1 3 2 62 3
1 3 6 3 3
1 3 2 6 93
1 4 24 139 294 428
1 3 3 75 229
1 3 139 297 429
1 3 21 136 291
1 3 6 2 6
1 4 3 6 2 457
1 5 3 6 2 3 75
1 3 6 2 457
1 3 6 95 250
1 6 18 117 270 416 521 576
1 3 3 3 75
1 3 6 3 3
1 3 18 2 67
1 3 3 6 2
1 4 536 2 6 94
1 5 2 62 3 2 3
1 6 1 6 2 3 2 6
1 8 2 6 2 6 2 6 2 6
1 7 2 1 6 2 62 216 455
1 5 1 6 2 6 1
1 4 19 6 2 6
1 3 28 83 2
1 3 5 86 244
1 3 23 2 6
1 4 28 83 2 6
1 3 7 2 90
1 6 1 61 134 134 287 83
1 5 1 6 6 2 67
1 5 19 6 6 2 6
1 4 1 6 94 249
1 4 1 2 62 216
1 4 1 3 2 6
1 5 1 6 2 67 6
1 4 8 144 303 436
1 6 30 150 315 450 532 581
1 6 8 144 6 301 432 525
1 8 19 125 280 420 522 287 436 303
1 8 31 156 323 458 536 2 62 216
1 3 2 6 1
1 11 2 3 6 5 83 2 6 2 6 2 65
1 3 19 2 6
1 7 31 156 323 457 144 6 89
1 5 2 6 5 82 237
1 7 29 1 2 6 1 2 1
1 3 3 2 62
1 5 7 2 9 106 260
1 4 23 3 2 6
1 4 5 83 239 405
1 5 23 3 1 2 3
1 3 2 1 2
1 5 29 1 6 98 252
1 7 29 145 145 145 309 443 309
1 3 18 19 128
1 5 24 24 19 6 2
1 7 29 145 145 309 444 115 268
1 3 24 24 19
1 3 7 115 267
1 6 3 1 2 1 2 3
1 6 24 24 24 19 6 92
1 5 6 97 144 308 442
1 10 23 3 79 115 83 2 3 1 2 6
1 9 33 162 330 461 544 591 617 628 631
1 3 19 2 6
1 4 29 147 311 445
1 7 29 1 2 3 1 2 3
1 3 7 102 255
1 4 29 1 2 6
1 3 28 144 308
1 3 29 1 57
1 3 6 2 3
1 6 2 3 3 3 2 6
1 3 7 2 5
1 4 2 5 2 6
1 3 22 137 292
1 5 31 156 323 458 536
1 4 536 2 6 6
1 6 28 144 6 2 6 99
1 7 31 156 323 62 216 455 536
1 4 2 3 2 6
1 7 19 2 6 2 6 1 58
1 8 31 156 323 458 536 457 144 6
1 4 18 2 6 92
1 4 24 24 19 129
1 4 11 110 262 411
1 4 2 3 77 231
1 3 2 62 2
1 7 33 163 333 466 80 234 402
1 6 32 161 154 456 538 587
1 5 34 35 34 168 36
1 3 168 342 36
1 3 34 167 339
1 4 35 170 345 474
1 3 33 163 335
1 3 34 35 175
1 4 31 155 321 453
1 4 35 62 2 3
1 5 33 162 333 80 233
1 6 34 168 342 36 181 355
1 3 33 162 328
1 5 33 162 333 466 550
1 3 34 168 36
1 4 31 157 325 459
1 4 37 34 164 337
1 3 168 342 36
1 6 35 34 168 36 2 6
1 3 168 342 36
1 11 38 185 358 479 80 303 134 287 83 240 406
1 9 38 185 358 163 333 479 80 303 435
1 8 30 163 333 466 548 593 620 629
1 9 24 139 35 62 20 144 6 92 248
1 6 24 18 121 144 303 134
1 4 19 168 342 472
1 3 39 188 360
1 4 19 132 284 423
1 3 24 18 116
1 8 24 139 35 194 367 490 563 603
1 4 19 130 144 6
1 6 24 140 298 20 144 6
1 6 39 275 333 466 551 596
1 7 24 139 35 172 347 476 557
1 5 24 139 144 303 134
1 5 42 275 333 466 80
1 6 23 2 6 2 67 224
1 5 37 34 168 342 36
1 8 37 34 168 342 36 6 2 65
1 4 35 35 176 349
1 3 37 183 356
1 7 18 121 333 80 303 436 303
1 4 39 189 361 484
1 3 18 19 2
1 7 39 189 18 19 168 342 36
1 8 30 150 315 450 532 581 613 627
1 6 18 40 333 80 303 438
1 4 38 186 359 482
1 4 40 190 362 485
1 9 33 162 329 275 333 466 548 592 619
1 7 31 156 324 323 62 455 536
1 3 34 2 66
1 9 33 162 329 275 333 466 548 592 618
1 5 139 35 62 3 2
1 4 39 189 361 483
1 4 139 166 144 6
1 7 39 189 18 19 168 342 36
1 3 139 144 306
1 8 39 189 18 19 168 341 469 554
1 4 139 35 62 219
1 6 39 187 329 275 333 80
1 4 18 121 275 419
1 3 139 144 6
1 3 139 144 6
1 6 39 189 18 333 466 80
1 11 39 189 18 121 275 333 466 80 134 287 425
1 7 39 189 18 19 168 342 36
1 7 30 150 315 448 531 580 611
1 3 18 118 271
1 7 38 186 121 275 333 466 80
1 4 37 34 2 90
1 3 168 342 36
1 6 33 163 334 467 552 597
1 4 35 34 36 6
1 3 168 342 36
1 3 33 162 328
1 4 37 34 2 6
1 5 33 162 333 466 80
1 7 37 34 168 342 36 2 90
1 9 33 162 34 35 169 344 61 144 6
1 6 35 169 163 333 80 303
1 4 31 157 326 460
1 3 34 166 144
1 3 168 342 36
1 6 44 196 45 198 370 494
1 4 34 168 342 36
1 3 45 198 370
1 3 46 199 372
1 11 34 168 342 36 180 354 83 2 62 216 2
1 7 37 34 168 166 80 303 134
1 7 33 162 34 168 342 36 180
1 3 23 2 6
1 4 168 342 36 2
1 4 33 162 332 464
1 3 34 168 36
1 5 37 184 333 80 303
1 3 48 201 376
1 7 48 163 333 466 80 235 403
1 3 168 342 36
1 3 48 201 375
1 3 23 2 6
1 4 46 199 371 495
1 5 34 168 342 36 180
1 3 46 199 372
1 6 35 35 34 168 36 2
1 4 37 83 2 62
1 4 34 168 342 36
1 7 37 34 168 342 166 80 303
1 4 35 62 3 2
1 4 35 194 366 488
1 5 40 333 80 303 436
1 4 40 191 363 486
1 7 34 168 166 80 234 401 515
1 4 38 185 358 480
1 7 34 168 342 36 2 3 77
1 3 33 162 328
1 5 33 162 358 481 559
1 4 33 162 34 35
1 4 33 162 331 462
1 7 50 204 379 499 569 607 625
1 4 34 2 62 216
1 4 168 342 471 555
1 4 34 168 342 470
1 6 35 34 2 6 2 6
1 3 34 2 6
1 5 34 166 144 303 134
1 3 168 342 36
1 5 34 168 342 473 556
1 3 33 162 328
1 6 35 34 168 36 178 351
1 9 33 162 34 168 342 36 2 3 2
1 8 33 162 358 163 333 80 303 436
1 9 33 162 205 163 333 466 80 303 436
1 3 34 167 340
1 7 51 163 333 466 549 594 621
1 7 51 205 163 333 466 549 595
1 6 51 205 163 333 465 547
1 3 35 35 35
1 3 7 105 259
1 3 35 35 35
1 3 35 35 169
1 3 35 35 35
1 3 35 35 35
1 3 35 35 35
1 3 35 35 35
1 4 35 35 169 343
1 3 35 35 35
1 3 35 35 35
1 5 37 34 36 2 6
1 3 34 2 6
1 4 34 36 2 70
1 4 37 34 165 338
1 3 35 35 35
1 3 34 36 182
1 7 33 162 34 35 80 303 436
1 5 31 357 80 303 436
1 8 52 206 205 163 335 468 553 598
1 3 34 2 3
1 4 52 206 382 12
1 6 52 206 382 12 83 2
1 6 37 34 166 80 303 436
1 3 52 206 380
1 4 52 206 381 500
1 7 38 185 357 478 558 599 622
1 7 38 185 357 80 303 134 288
1 3 34 164 336
1 6 33 162 34 2 6 92
1 3 35 35 169
1 3 34 36 2
1 7 37 34 36 2 3 80 303
1 6 34 36 2 3 80 233
1 4 33 162 332 464
1 4 34 36 2 3
1 3 33 162 328
1 3 35 169 343
1 3 35 35 173
1 4 2 6 2 6
1 3 18 2 6
1 4 24 18 2 90
1 7 6 1 2 6 2 62 3
1 3 6 2 63
1 6 6 5 83 2 6 92
1 5 19 2 6 2 62
1 5 6 2 6 2 90
1 4 6 1 3 2
1 7 6 97 144 6 2 62 219
1 9 44 197 369 2 71 225 82 144 307
1 5 2 62 216 2 6
1 3 1 2 3
1 12 31 156 323 458 536 2 67 144 6 3 1 2
1 11 31 156 323 458 536 1 2 67 144 304 440
1 5 1 2 6 2 62
1 3 1 2 90
1 5 1 61 144 6 6
1 3 1 2 67
1 3 2 62 216
1 3 1 2 3
1 3 3 76 230
1 4 1 6 2 6
1 4 1 2 67 144
1 3 29 146 310
1 4 5 2 6 3
1 4 53 208 384 502
1 3 53 208 384
1 4 2 6 2 3
1 3 24 24 24
1 4 2 6 2 3
1 4 53 53 53 208
1 10 19 19 2 13 3 3 2 3 2 6
1 5 2 62 455 535 582
1 7 2 6 3 2 6 1 2
1 3 2 62 217
1 7 6 2 3 218 393 508 573
1 5 6 2 62 2 3
1 3 6 2 6
1 3 2 6 3
1 3 2 6 88
1 3 6 2 67
1 3 6 2 67
1 4 7 2 6 3
1 3 23 83 238
1 3 18 19 128
1 5 24 18 19 2 6
1 4 36 179 353 477
1 3 6 2 6
1 3 18 19 124
1 3 7 104 258
1 3 18 18 19
1 3 23 3 1
1 4 6 2 62 216
1 9 53 53 207 383 501 115 144 303 434
1 4 3 1 2 1
1 4 3 1 3 1
1 3 7 2 6
1 5 16 115 144 6 1
1 3 36 177 350
1 3 36 179 352
1 5 36 178 178 178 178
1 4 18 19 2 6
1 4 18 19 2 6
1 5 18 2 6 2 6
1 4 18 18 2 6
1 3 18 2 6
1 3 2 62 216
1 4 6 6 2 6
1 3 3 2 6
1 3 2 6 93
1 6 7 2 62 2 6 2
1 3 6 2 66
1 4 3 6 6 2
1 3 3 2 6
1 6 2 3 2 3 6 6
1 5 3 2 6 2 3
1 5 6 2 6 2 6
1 3 2 6 2
1 7 2 6 1 2 62 216 455
1 3 30 149 313
1 5 31 156 323 455 536
1 3 18 117 270
1 6 43 367 490 563 602 623
1 9 44 197 369 2 65 222 399 514 574
1 6 44 197 369 2 5 87
1 6 47 200 373 496 566 605
1 5 31 156 323 455 536
1 6 43 194 367 490 563 602
1 5 30 150 315 448 531
1 7 31 156 322 454 154 319 457
1 4 19 2 6 1
1 3 18 122 276
1 5 7 20 144 6 13
1 6 43 194 367 489 562 601
1 4 35 171 346 475
1 3 43 193 365
1 3 30 148 312
1 4 3 2 62 216
1 7 31 156 323 62 3 1 58
1 7 31 156 323 62 216 455 536
1 7 31 156 323 456 457 144 302
1 6 31 323 62 221 398 513
1 9 31 156 323 455 536 2 6 2 6
1 7 30 150 315 447 529 578 610
1 8 30 150 315 449 408 144 6 3
1 7 30 150 315 448 531 144 303
1 7 30 150 315 448 531 144 6
1 7 31 156 323 62 215 390 505
1 7 31 156 322 454 154 320 452
1 6 31 156 323 62 455 536
1 6 31 323 62 455 536 2
1 4 31 323 455 536
1 4 31 154 319 457
1 5 30 150 314 446 528
1 4 31 323 455 536
1 6 32 159 319 457 144 6
1 5 31 152 317 451 534
1 4 31 323 455 536
1 6 31 323 62 455 536 6
1 8 31 323 62 216 455 536 2 6
1 3 3 2 6
1 5 31 323 62 455 536
1 7 31 154 319 457 144 6 1
1 7 49 203 378 97 144 6 2
1 8 49 202 377 498 568 144 6 97
1 4 35 171 346 475
1 5 31 152 317 451 534
1 6 31 156 323 62 455 536
1 7 31 156 323 455 536 585 614
1 4 2 62 2 62
1 7 6 2 6 1 3 2 67
1 3 23 2 6
1 6 6 2 62 216 455 537
1 4 2 6 2 6
1 4 18 119 273 417
1 6 7 115 144 6 2 3
1 10 2 6 2 3 2 6 2 6 2 62
1 4 18 18 117 269
1 4 19 2 6 2
1 6 18 18 2 6 2 6
1 5 7 104 83 2 67
1 7 2 6 1 2 6 2 6
1 4 18 2 67 6
1 7 18 120 274 418 144 6 92
1 11 1 2 6 2 6 1 2 6 6 2 66
1 8 6 2 6 5 85 243 407 517
1 4 23 83 2 62
1 7 23 2 62 216 2 6 2
1 6 6 16 115 144 6 2
1 4 2 62 216 2
1 5 7 2 3 2 90
1 5 2 3 6 1 2
1 8 1 2 6 2 6 1 2 6
1 7 1 2 6 1 2 6 2
1 3 6 2 6
1 3 23 2 6
1 4 20 144 6 1
1 9 31 156 323 457 144 6 2 6 1
1 8 31 156 324 323 62 216 455 536
1 7 31 156 323 62 216 455 536
1 4 536 457 542 589
1 8 31 156 323 456 457 144 6 1
1 4 2 62 216 455
1 10 47 200 374 497 567 606 624 630 632 633
1 5 41 192 364 487 560
1 13 19 130 282 130 282 130 282 130 282 130 144 6 92
1 4 2 6 2 6
1 7 30 150 315 448 531 144 6
1 7 31 156 323 455 536 2 6
1 3 7 2 6
1 3 3 2 6
1 6 6 2 1 6 2 6
1 4 31 156 323 458
1 6 2 6 5 2 6 5
1 6 2 62 2 6 6 2
1 4 3 1 2 6
1 3 6 2 6
1 6 2 6 2 6 2 5
1 5 2 6 2 6 1
1 9 10 83 241 144 303 436 303 436 9
1 4 19 19 2 6
1 6 6 2 62 218 393 508
1 3 2 62 216
1 3 6 2 3
1 4 36 2 9 106
1 3 4 81 236
1 4 2 6 6 2
1 3 2 6 95
1 3 18 2 3
1 3 7 102 256
1 5 2 6 2 62 3
1 3 3 6 2
1 5 21 265 413 518 575
1 3 21 135 290
1 3 7 2 6
1 3 7 2 63
1 11 33 162 331 463 545 319 457 144 304 439 527
1 3 19 19 126
1 3 36 2 6
1 6 43 194 367 489 561 600
1 5 30 150 315 448 531
1 4 54 209 385 503
1 3 2 3 74
1 5 2 62 10 144 6
1 3 18 18 117
1 4 18 19 2 67
1 4 18 19 2 3
1 4 2 90 2 65
1 4 3 2 6 3
1 4 18 19 2 6
1 4 2 6 1 3
1 5 18 19 2 90 246
1 3 18 2 90
1 3 18 19 2
1 3 23 2 68
1 8 3 6 3 2 6 2 67 6
1 3 2 6 2
1 4 1 2 6 6
1 3 5 2 3
1 5 2 6 2 6 1
1 8 31 156 323 458 536 2 6 1
1 4 2 6 2 69
1 13 44 197 369 493 565 604 80 303 134 82 144 6 92
1 4 36 2 3 6
1 14 31 156 323 458 536 6 2 6 1 2 6 1 2 3
1 4 36 2 62 216
1 13 30 150 315 449 144 303 436 9 106 260 80 303 134
1 11 2 6 92 436 303 134 287 83 238 404 516
1 8 31 156 323 62 216 455 536 2
1 5 31 156 323 457 144
1 5 3 3 80 134 287
1 9 10 108 436 303 134 287 436 303 134
1 3 36 2 6
1 3 36 6 93
1 4 36 6 2 65
1 3 36 6 94
1 3 36 2 6
1 3 36 2 6
1 8 19 127 281 421 523 577 609 626
1 3 18 2 6
1 3 5 2 65
1 3 28 144 303
1 3 1 2 67
1 4 2 6 2 6
1 3 2 62 216
1 4 1 2 6 2
1 3 19 2 68
1 4 3 1 2 62
1 4 3 3 2 66
1 5 2 67 6 2 6
1 5 2 1 2 62 220
1 4 2 62 2 6
1 7 32 160 115 144 303 134 287
1 3 31 323 457
1 3 5 2 6
1 3 28 144 305
1 3 19 123 277
1 5 18 19 2 3 1
1 7 31 156 323 458 536 1 2
1 4 1 2 62 216
1 3 2 62 216
1 5 30 150 315 450 533
1 3 9 106 260
1 14 2 62 2 62 2 62 216 10 144 6 13 111 2 6
1 10 2 90 6 2 6 13 111 524 144 305
1 9 2 90 6 2 6 6 6 13 3
1 9 10 144 303 134 134 287 83 241 144
1 4 2 62 2 62
1 5 2 65 83 241 144
1 8 72 144 6 6 2 62 216 392
1 6 31 156 323 458 536 583
1 3 2 62 216
1 14 31 156 323 458 536 6 1 2 3 6 1 3 1 60
1 12 1 57 213 115 144 6 92 115 144 302 433 526
1 17 2 3 6 2 3 3 3 2 6 3 2 3 2 6 2 62 216
1 14 44 197 369 2 6 5 87 144 6 5 2 5 2 3
1 19 6 5 82 144 6 6 5 2 5 2 3 6 5 2 3 6 5 2 3
1 14 31 156 323 458 536 1 2 3 1 2 6 1 2 6
1 13 1 57 309 443 309 444 115 144 6 6 1 2 6
1 14 30 150 315 449 144 307 9 106 9 106 436 9 106 260
1 6 30 150 315 447 530 579
1 11 31 156 323 458 536 1 2 65 115 267 415
1 9 31 156 323 458 536 6 1 2 3
1 10 1 2 3 6 1 2 65 115 144 307
1 11 2 62 3 6 2 6 2 6 2 62 216
1 3 3 2 6
1 4 6 6 1 3
1 5 5 10 144 303 437
1 5 2 6 3 2 62
1 3 23 2 64
1 3 6 2 66
1 3 6 6 2
1 6 9 106 9 106 260 409
1 4 3 6 6 2
1 5 18 19 2 67 223
1 16 19 6 2 90 2 72 144 6 13 112 83 2 6 2 62 2
1 9 19 19 6 6 6 6 6 2 3
1 6 55 144 303 134 287 426
1 16 19 6 2 6 2 6 2 13 111 6 6 2 13 111 2 6
1 4 55 211 387 504
1 15 2 6 16 115 83 2 6 2 90 6 2 6 13 111 264
1 10 1 2 62 216 83 2 13 111 6 6
1 8 19 2 6 90 2 6 2 6
1 3 55 210 386
1 9 19 2 6 2 6 6 2 13 67
1 3 2 1 6
1 11 19 2 6 90 6 6 13 2 13 3 6
1 10 2 6 2 62 218 134 134 287 83 241
1 5 6 2 13 111 6
1 3 19 133 286
1 10 19 133 285 424 524 144 6 6 6 6
1 4 2 6 2 6
1 5 19 19 19 133 286
1 6 2 6 6 13 111 6
1 15 6 2 6 6 6 6 2 6 6 13 2 6 13 111 6
1 6 19 6 2 62 218 134
1 4 6 2 6 6
1 16 2 6 90 6 6 2 72 227 134 218 134 134 134 218 395 510
1 11 13 111 2 6 2 6 6 13 3 6 3
1 8 19 2 6 2 6 13 111 6
1 7 13 111 2 6 2 6 6
1 10 19 6 6 2 6 13 3 78 232 400
1 10 6 2 6 2 6 90 6 2 6 13
1 8 6 90 2 13 67 6 6 6
1 4 19 19 19 19
1 9 6 90 6 2 62 216 392 507 572
1 11 2 6 90 6 2 6 6 13 67 6 6
1 3 6 2 6
1 10 6 2 72 227 107 134 134 287 218 134
1 3 2 3 2
1 3 536 586 615
1 3 24 139 297
1 3 24 139 297
1 3 24 139 297
1 3 24 139 295
1 4 31 154 319 457
1 6 31 156 324 323 455 536
1 9 6 6 6 6 2 6 2 13 111
1 5 31 156 323 455 536
1 6 31 158 327 159 319 457
1 11 35 80 134 134 134 134 134 287 218 396 511
1 13 9 107 134 134 134 134 10 144 303 134 218 134 134
1 4 31 323 455 536
1 8 6 6 6 2 6 13 111 6
1 4 31 323 455 536
1 8 31 156 323 458 536 6 2 1
1 11 44 197 369 492 564 134 134 287 218 134 134
1 3 31 151 316
1 6 31 156 324 323 455 536
1 7 6 6 6 90 2 13 67
1 6 31 156 324 323 455 536
1 9 6 6 6 2 13 111 265 413 518
1 5 31 323 219 397 512
1 11 7 20 107 134 134 10 144 218 134 134 289
1 7 31 156 324 323 458 543 590
1 3 18 19 128
1 3 24 139 296
1 10 6 6 6 2 6 13 67 6 2 6
1 12 6 6 6 6 2 13 111 265 72 144 303 134
1 8 20 134 134 134 287 218 134 134
1 13 28 83 2 6 6 6 90 2 13 111 266 414 520
1 13 28 107 134 134 134 10 83 2 6 13 111 266 414
1 7 20 134 134 134 134 287 218
1 16 44 197 369 2 65 222 10 83 2 62 10 83 2 13 72 226
1 7 6 2 13 111 265 413 519
1 10 6 6 6 6 90 6 2 13 111 6
1 5 6 6 2 13 111
1 8 6 6 6 6 6 6 2 13
1 3 31 151 316
1 6 31 156 323 456 538 587
1 4 6 13 111 2
1 3 13 2 62
1 4 13 72 144 304
1 3 6 13 111
1 3 13 2 6
1 3 7 2 6
1 7 30 150 315 450 532 581 612
1 11 20 134 134 134 287 218 134 134 134 134 134
1 4 19 130 282 130
1 14 6 2 6 6 90 6 6 2 6 6 13 111 6 6
1 3 56 212 388
1 8 33 162 331 463 546 456 538 587
1 3 31 153 318
1 13 10 83 2 6 90 6 6 2 6 6 13 3 6
1 3 2 5 83
1 3 7 102 256
1 6 32 161 154 319 457 539
1 3 13 111 6
1 5 24 18 19 124 279
1 5 6 6 13 111 2
1 7 31 156 323 455 536 6 92
1 5 6 13 111 263 412
1 5 6 13 10 144 6
1 7 31 156 323 62 219 397 512
1 9 6 6 13 111 6 2 62 216 2
1 5 13 111 2 6 6
1 5 31 323 455 536 583
1 5 536 6 13 2 3
1 4 31 323 455 536
1 10 27 142 300 431 218 134 134 287 83 240
1 6 31 156 323 455 536 584
1 3 35 174 348
1 4 3 218 394 509
1 6 31 156 323 456 538 587
1 8 6 6 90 6 6 3 2 6
1 6 13 111 6 3 2 66
1 8 6 13 111 6 90 2 6 92
1 6 31 156 324 323 455 536
1 4 13 111 6 2
1 4 13 111 6 6
1 4 13 111 263 412
1 3 13 10 83
1 5 24 24 24 18 120
1 4 24 24 24 144
1 6 18 120 274 418 144 6
1 5 24 24 138 293 427
1 4 18 19 19 123
1 4 536 6 2 6
1 3 7 2 6
1 3 6 100 253
1 4 3 2 6 2
1 3 2 62 3
1 4 6 2 62 20
1 5 2 62 216 2 6
1 3 3 73 228
1 3 536 457 541
1 7 24 24 24 18 19 2 6
1 5 18 2 6 96 251
1 5 13 111 6 90 6
1 4 44 195 368 491
1 5 18 19 2 6 1
1 5 24 18 19 2 6
1 3 18 19 127
1 4 6 3 3 3
