536 206
1 3 1 45 139
1 6 3 51 146 273 146 273
1 4 4 59 170 298
1 2 273 413
1 6 3 51 146 273 146 273
1 6 3 51 146 273 146 273
1 1 8
1 6 3 51 146 273 146 273
1 9 4 59 170 3 51 146 273 146 273
1 8 3 51 146 273 146 273 146 273
1 8 3 51 146 273 146 273 146 273
1 6 3 51 146 273 146 273
1 4 4 59 170 298
1 3 4 59 170
1 3 3 51 6
1 1 9
1 4 10 3 51 6
1 3 3 51 6
1 2 4 63
1 1 5
1 4 3 51 146 273
1 3 3 51 151
1 6 4 59 170 3 51 152
1 13 12 83 200 331 466 597 711 809 891 963 272 403 536
1 15 12 83 200 331 466 597 711 809 891 963 1030 170 3 51 147
1 11 12 83 200 331 466 597 711 809 891 963 1031
1 4 3 51 146 273
1 4 3 51 146 273
1 4 3 51 146 273
1 1 15
1 6 3 51 146 273 146 273
1 6 3 51 146 273 146 273
1 6 3 51 146 273 146 273
1 6 3 51 146 273 146 273
1 6 3 51 146 273 146 273
1 6 3 51 146 273 146 273
1 6 12 83 200 331 466 598
1 8 3 51 146 273 146 273 146 273
1 6 3 51 146 273 146 273
1 8 3 51 146 273 146 273 146 273
1 7 6 3 51 7 75 272 403
1 4 3 51 146 273
1 4 3 51 146 273
1 6 6 3 51 146 273 412
1 4 3 51 146 273
1 4 3 51 146 273
1 5 20 101 3 51 149
1 4 20 101 226 361
1 4 3 51 146 273
1 2 6 71
1 4 10 3 51 6
1 3 6 3 51
1 3 3 51 151
1 4 3 51 146 273
1 4 3 51 146 273
1 3 3 146 273
1 4 3 51 146 273
1 3 83 200 333
1 1 11
1 3 6 3 51
1 3 3 51 147
1 3 3 51 147
1 3 3 51 6
1 3 3 51 6
1 3 6 3 51
1 3 7 3 51
1 3 3 146 273
1 3 12 83 202
1 2 200 332
1 2 200 332
1 4 12 83 200 333
1 1 18
1 1 21
1 1 17
1 2 83 201
1 1 22
1 3 83 200 335
1 1 23
1 1 24
1 2 12 85
1 2 200 332
1 4 12 83 200 336
1 3 55 164 290
1 3 3 146 273
1 3 27 3 51
1 2 10 79
1 2 83 201
1 2 200 335
1 6 28 114 75 272 403 538
1 6 28 114 75 272 55 7
1 6 28 114 75 272 55 7
1 6 28 114 75 272 55 7
1 6 28 114 75 272 55 7
1 6 28 114 75 272 55 7
1 6 28 114 75 272 55 7
1 6 28 114 75 272 55 7
1 5 28 114 75 272 405
1 6 28 114 75 272 55 7
1 6 28 114 75 272 55 7
1 6 28 114 75 7 3 51
1 6 28 114 75 7 3 51
1 3 28 114 243
1 2 83 204
1 6 28 114 75 7 3 51
1 2 25 110
1 5 28 114 75 7 3
1 5 28 114 75 7 3
1 5 28 114 75 7 3
1 3 1 45 139
1 2 6 70
1 1 30
1 4 3 51 146 273
1 3 20 101 227
1 3 20 101 227
1 4 4 59 170 301
1 4 3 51 146 273
1 5 20 101 3 51 149
1 2 20 97
1 3 10 3 51
1 4 10 3 51 6
1 1 31
1 6 7 75 187 7 3 51
1 6 7 75 187 7 3 51
1 6 7 75 187 7 3 51
1 5 4 59 170 3 51
1 3 4 59 169
1 4 4 59 170 300
1 5 4 59 170 3 51
1 6 7 75 187 7 75 188
1 6 7 75 187 7 3 51
1 6 7 75 187 7 3 51
1 6 7 75 187 7 3 51
1 6 7 75 187 7 3 51
1 6 7 75 187 7 3 51
1 6 7 75 187 7 3 51
1 3 6 1030 1088
1 8 3 51 146 273 146 273 146 273
1 8 3 51 146 273 146 273 146 273
1 8 3 51 146 273 146 273 146 273
1 8 3 51 146 273 146 273 146 273
1 11 6 3 51 6 3 51 6 3 51 146 273
1 8 3 51 146 273 146 273 146 273
1 8 3 51 146 273 146 273 146 273
1 8 3 51 146 273 146 273 146 273
1 3 6 1030 1088
1 5 6 3 51 6 72
1 2 25 109
1 2 1 46
1 2 4 67
1 3 20 101 227
1 2 25 110
1 4 20 101 226 360
1 3 4 59 170
1 5 4 59 170 3 51
1 10 6 3 55 6 3 51 146 273 146 273
1 3 4 59 170
1 5 4 59 170 3 51
1 7 6 3 55 6 3 51 153
1 10 3 55 146 273 414 272 272 403 3 51
1 13 6 3 55 6 3 51 146 273 146 272 403 3 51
1 12 3 55 146 273 414 272 272 403 3 51 146 273
1 10 3 55 146 273 414 272 272 403 3 51
1 10 3 55 146 273 414 272 272 403 3 51
1 10 3 55 146 273 414 272 272 403 3 51
1 8 3 55 146 273 146 272 403 539
1 5 3 146 272 55 161
1 13 6 3 55 6 3 51 146 273 146 272 403 3 51
1 6 4 59 170 3 55 6
1 4 55 146 55 162
1 4 27 3 51 6
1 6 3 51 146 273 146 273
1 3 3 51 154
1 4 3 51 146 273
1 8 3 51 146 273 146 55 146 273
1 8 3 51 146 273 146 55 146 273
1 10 3 51 146 273 146 273 146 273 146 273
1 4 3 51 146 273
1 4 3 51 146 273
1 8 3 55 7 3 51 6 3 51
1 4 3 55 146 273
1 4 3 55 6 70
1 6 6 3 51 146 273 412
1 2 1 44
1 2 20 100
1 4 20 101 3 51
1 2 25 109
1 6 101 3 51 146 273 410
1 1 2
1 7 3 51 146 273 146 273 415
1 6 3 51 146 273 146 273
1 6 3 51 146 273 146 273
1 6 3 51 146 273 146 273
1 3 3 51 154
1 6 3 51 146 273 146 273
1 6 3 51 146 273 146 273
1 6 3 51 146 273 146 273
1 4 101 3 51 154
1 6 3 51 146 273 146 273
1 3 3 51 154
1 2 7 76
1 3 1 45 139
1 3 3 51 6
1 3 3 51 149
1 2 25 109
1 3 3 51 150
1 3 3 51 151
1 4 27 3 51 6
1 3 7 75 186
1 3 6 1030 1088
1 11 6 3 51 7 75 272 403 3 51 146 273
1 10 3 51 7 75 272 403 3 51 146 273
1 3 6 3 54
1 10 3 51 7 75 272 403 3 51 146 273
1 10 3 51 7 75 272 403 3 51 146 273
1 8 7 75 272 403 3 51 146 273
1 4 10 3 51 6
1 5 27 3 51 146 273
1 1 33
1 3 7 75 191
1 3 7 75 186
1 3 7 75 189
1 10 3 51 7 75 272 403 3 51 146 273
1 10 3 51 7 75 272 403 3 51 146 273
1 4 3 146 273 413
1 10 3 51 7 75 272 403 3 51 146 273
1 3 7 75 190
1 6 6 3 51 7 75 186
1 8 7 75 272 403 3 51 146 273
1 14 12 83 200 331 466 597 711 809 891 963 272 403 6 69
1 14 12 83 200 331 466 597 711 809 891 963 272 403 6 69
1 1 34
1 6 3 51 146 273 146 273
1 6 3 51 146 273 146 273
1 8 3 51 146 273 146 273 146 273
1 4 3 51 146 273
1 4 3 51 146 273
1 6 3 51 146 273 146 273
1 8 3 51 146 273 146 273 146 273
1 6 3 51 146 273 146 273
1 1 2
1 4 3 51 146 273
1 3 83 13 87
1 1 22
1 14 12 83 200 331 466 597 711 809 891 963 272 403 6 69
1 14 12 83 200 331 466 597 711 809 891 963 272 403 6 69
1 1 36
1 14 12 83 200 331 466 597 711 809 891 963 272 403 6 69
1 14 12 83 200 331 466 597 711 809 891 963 272 403 6 69
1 1 26
1 3 55 164 290
1 1 38
1 14 12 83 200 331 466 597 711 809 891 963 272 403 6 69
1 6 12 83 200 331 466 598
1 10 83 200 331 466 597 711 809 891 963 1029
1 14 12 83 200 331 466 597 711 809 891 963 272 403 6 69
1 14 12 83 200 331 466 597 711 809 891 963 272 403 6 69
1 6 12 83 200 331 466 598
1 3 83 13 87
1 1 22
1 3 83 200 332
1 1 26
1 1 37
1 1 15
1 1 16
1 4 3 51 146 273
1 4 3 51 146 273
1 4 3 51 146 273
1 4 3 51 146 273
1 4 3 51 146 273
1 11 12 83 200 331 466 597 711 809 891 963 1027
1 4 3 51 146 273
1 11 12 83 200 331 466 597 711 809 891 963 1027
1 4 3 51 146 273
1 3 3 146 272
1 3 1 45 139
1 11 3 57 272 403 6 3 55 6 3 51 155
1 2 10 80
1 4 27 3 51 6
1 2 10 80
1 1 31
1 2 55 163
1 3 20 101 229
1 2 20 98
1 2 55 162
1 10 6 3 51 6 3 51 146 273 412 546
1 1 19
1 4 20 101 226 360
1 4 20 101 226 360
1 19 3 57 272 403 3 55 146 273 146 273 55 146 273 55 146 273 146 273 55
1 20 3 57 272 403 3 57 55 146 273 146 273 55 146 273 55 146 273 146 55 164
1 17 3 57 272 403 3 55 146 273 55 146 273 55 146 273 146 55 164
1 8 3 57 272 403 3 55 146 274
1 20 3 57 272 403 3 57 55 146 273 146 273 55 146 273 55 146 273 146 55 164
1 9 3 57 272 403 3 57 55 164 289
1 9 55 146 273 55 146 273 146 55 164
1 9 55 146 273 55 146 273 146 273 55
1 20 3 57 272 403 3 57 55 146 273 146 273 55 146 273 55 146 273 146 55 164
1 20 3 57 272 403 3 57 55 146 273 146 273 55 146 273 55 146 273 146 55 164
1 3 3 51 150
1 6 20 101 3 51 146 273
1 1 39
1 4 3 51 146 273
1 4 3 51 146 273
1 6 6 3 51 146 273 412
1 4 3 51 146 273
1 4 3 146 272 403
1 1 40
1 6 12 83 200 331 4 65
1 4 331 4 59 168
1 3 331 4 59
1 4 331 4 59 173
1 6 6 3 51 6 3 51
1 4 331 4 59 168
1 4 331 4 59 171
1 3 331 4 59
1 4 3 51 146 273
1 4 3 51 146 273
1 2 29 116
1 3 29 146 273
1 4 3 51 146 273
1 3 29 146 273
1 4 331 4 59 168
1 3 3 51 156
1 3 3 51 156
1 3 3 51 156
1 3 3 51 156
1 3 3 51 156
1 4 3 51 146 273
1 4 3 51 146 273
1 2 3 56
1 3 3 51 156
1 2 20 102
1 1 39
1 6 3 51 146 273 146 273
1 6 3 51 146 273 146 273
1 1 40
1 8 3 146 272 403 3 51 146 55
1 2 273 411
1 4 3 51 146 273
1 2 101 228
1 2 27 113
1 10 83 200 331 466 597 711 809 891 963 1028
1 1 42
1 4 3 51 146 273
1 2 273 409
1 13 12 83 200 331 466 597 711 809 891 963 272 403 536
1 4 3 51 146 273
1 3 1 45 139
1 5 75 187 7 3 51
1 3 20 101 225
1 2 101 228
1 4 101 3 51 6
1 3 3 146 273
1 4 3 51 146 273
1 3 3 146 273
1 6 3 51 146 273 146 273
1 4 3 51 146 273
1 5 3 51 146 273 412
1 4 10 3 51 6
1 2 83 202
1 4 75 272 403 537
1 4 75 272 403 538
1 4 7 75 187 320
1 7 75 187 7 3 51 146 273
1 4 83 13 88 210
1 4 75 7 3 51
1 3 3 51 148
1 6 4 59 170 3 51 151
1 4 4 59 170 299
1 12 12 83 200 331 466 597 711 809 891 963 1030 170
1 2 6 70
1 8 4 59 170 3 51 146 273 412
1 5 83 200 331 466 598
1 3 200 331 467
1 3 83 13 88
1 3 83 13 88
1 4 3 51 146 273
1 4 3 51 146 273
1 1 41
1 4 273 146 272 403
1 4 3 51 146 273
1 7 4 59 170 3 51 146 273
1 10 12 83 200 331 466 597 711 809 891 964
1 12 12 83 200 331 466 597 711 809 891 963 1030 170
1 4 83 13 88 211
1 4 13 86 207 344
1 4 13 86 207 344
1 3 13 88 209
1 2 1 47
1 3 13 88 211
1 2 1 47
1 3 13 88 211
1 4 13 86 207 344
1 1 35
1 12 12 83 200 331 466 597 711 809 891 963 1030 170
1 12 12 83 200 331 466 597 711 809 891 963 1030 170
1 4 83 13 88 211
1 3 13 88 209
1 3 13 88 209
1 4 13 86 207 343
1 3 13 88 209
1 4 13 86 207 343
1 4 13 86 207 344
1 3 4 59 170
1 12 12 83 200 331 466 597 711 809 891 963 1030 170
1 1 31
1 12 12 83 200 331 466 597 711 809 891 963 1030 1088
1 1 38
1 6 12 83 200 331 4 65
1 1 35
1 8 3 51 146 273 146 273 146 273
1 1 19
1 2 4 62
1 3 331 466 599
1 3 3 146 273
1 6 331 4 59 170 3 51
1 1 2
1 1 35
1 3 3 51 157
1 2 83 203
1 2 83 203
1 1 40
1 3 6 3 56
1 3 3 146 273
1 2 20 96
1 2 20 99
1 3 1 45 139
1 2 20 96
1 2 20 96
1 6 29 146 273 414 272 407
1 4 3 146 273 411
1 17 29 146 273 414 273 146 55 146 272 403 414 272 403 3 146 273 411
1 10 29 146 272 414 272 414 272 272 403 535
1 3 6 1030 1087
1 9 29 146 273 146 273 146 414 273 416
1 8 3 146 273 55 146 272 403 535
1 3 3 146 272
1 7 29 146 273 146 273 146 274
1 15 3 146 414 272 272 272 414 273 146 273 414 273 146 414 273
1 2 29 115
1 11 3 146 272 272 272 272 414 272 403 3 56
1 21 29 146 273 146 272 414 272 403 3 146 272 414 273 146 273 146 272 403 3 146 272
1 2 29 117
1 4 3 146 273 414
1 3 20 101 229
1 2 20 96
1 5 29 146 273 414 550
1 1 43
1 10 29 414 272 403 3 51 146 414 272 406
1 2 29 117
1 6 6 3 146 272 414 272
1 2 29 115
1 9 29 146 272 272 272 403 3 146 272
1 5 6 3 146 272 414
1 3 29 414 549
1 11 29 414 272 272 272 272 272 414 272 272 272
1 5 273 146 272 272 408
1 12 29 414 273 146 273 146 272 272 403 3 51 153
1 5 3 146 273 414 548
1 4 29 146 273 416
1 2 29 117
1 6 3 146 272 272 414 272
1 9 29 414 272 403 414 272 403 3 53
1 9 29 146 273 146 272 272 414 272 272
1 3 3 146 275
1 17 29 146 273 146 273 146 273 146 272 403 414 273 146 272 272 403 535
1 10 29 414 272 272 403 3 146 272 403 414
1 7 273 146 272 272 403 414 551
1 3 29 146 275
1 10 29 146 273 146 272 272 272 272 272 414
1 1 14
1 11 29 146 273 146 272 414 272 272 272 414 548
1 9 29 414 272 272 403 3 51 146 273
1 6 3 146 273 146 272 408
1 2 29 115
1 6 29 146 414 272 272 406
1 4 3 146 414 272
1 25 29 146 272 403 6 3 51 146 273 146 272 403 414 273 146 272 403 3 51 146 272 403 3 146 272
1 3 3 51 147
1 3 20 101 229
1 4 20 101 226 360
1 2 10 81
1 2 4 66
1 3 20 101 227
1 2 3 58
1 4 4 59 170 297
1 3 4 59 170
1 5 3 51 146 273 55
1 4 4 59 170 302
1 2 4 60
1 2 3 56
1 4 3 51 146 273
1 2 4 61
1 2 4 61
1 4 3 51 6 72
1 4 3 51 146 273
1 3 3 55 161
1 3 4 59 172
1 4 3 51 146 273
1 4 3 51 146 55
1 1 32
1 3 55 146 273
1 4 3 51 146 273
1 4 3 51 146 273
1 4 3 55 146 273
1 3 55 146 273
1 3 6 3 52
1 4 4 59 170 298
1 3 3 51 6
1 4 3 51 6 74
1 3 3 51 155
1 3 83 200 330
1 2 12 84
1 3 55 164 290
1 3 55 164 290
1 3 3 51 155
1 5 273 55 6 1030 1089
1 6 4 59 170 3 51 6
1 1 23
1 3 3 51 6
1 4 55 7 3 51
1 5 55 146 55 6 73
1 6 4 59 170 3 51 150
1 10 12 83 200 331 466 597 711 809 891 964
1 2 4 64
1 6 12 83 200 331 4 65
1 12 12 83 200 331 466 597 711 809 891 963 272 404
1 3 273 146 273
1 1 35
1 1 34
1 2 10 80
1 3 83 200 334
1 3 4 59 170
1 2 1 48
1 4 3 51 146 273
1 2 25 110
