406 183
1 6 1 40 125 240 125 240
1 6 1 40 125 240 125 240
1 1 2
1 6 1 40 125 240 125 240
1 9 3 48 147 1 40 125 240 125 240
1 8 1 40 125 240 125 240 125 240
1 6 1 40 125 240 125 240
1 4 3 48 147 264
1 3 3 48 147
1 3 1 40 6
1 1 7
1 2 8 63
1 3 1 40 6
1 1 5
1 4 1 40 125 240
1 6 3 48 147 1 40 129
1 13 10 67 167 287 402 509 596 665 720 770 818 861 899
1 15 10 67 167 287 402 509 596 665 720 770 822 147 1 40 126
1 11 10 67 167 287 402 509 596 665 720 770 823
1 4 1 40 125 240
1 4 1 40 125 240
1 4 1 40 125 240
1 1 15
1 6 1 40 125 240 125 240
1 6 1 40 125 240 125 240
1 6 1 40 125 240 125 240
1 6 1 40 125 240 125 240
1 6 10 67 167 287 402 510
1 8 1 40 125 240 125 240 125 240
1 8 1 40 125 240 125 240 125 240
1 4 1 40 125 240
1 4 1 40 125 240
1 6 6 1 40 125 240 6
1 4 1 40 125 240
1 4 1 40 125 240
1 5 19 92 1 40 127
1 3 19 92 199
1 4 1 40 125 240
1 2 6 58
1 2 8 63
1 3 6 1 40
1 3 1 40 132
1 4 1 40 125 240
1 3 1 125 240
1 3 67 167 288
1 1 9
1 3 1 40 126
1 3 1 40 126
1 3 1 40 6
1 3 1 40 6
1 3 6 1 40
1 2 20 94
1 3 1 125 240
1 3 10 67 169
1 1 11
1 1 17
1 1 21
1 1 16
1 2 67 168
1 1 22
1 1 23
1 1 24
1 2 10 69
1 3 42 139 253
1 3 1 125 240
1 2 27 105
1 2 67 168
1 1 11
1 5 28 107 221 335 446
1 6 28 107 221 335 448 542
1 6 28 107 221 335 448 542
1 6 28 107 221 335 448 542
1 6 28 107 221 335 448 542
1 6 28 107 221 335 448 542
1 6 28 107 221 335 448 542
1 6 28 107 221 335 448 542
1 5 28 107 221 335 447
1 6 28 107 221 335 448 542
1 6 28 107 221 336 449 543
1 6 28 107 221 336 449 543
1 3 28 107 220
1 2 67 171
1 6 28 107 221 336 449 543
1 2 25 102
1 5 28 107 221 336 449
1 5 28 107 221 336 449
1 2 6 56
1 4 1 40 125 240
1 3 19 92 200
1 3 19 92 200
1 4 1 40 125 240
1 5 19 92 1 40 127
1 2 19 88
1 2 8 63
1 2 8 63
1 1 30
1 6 20 95 221 336 449 543
1 6 20 95 221 336 449 543
1 5 3 48 147 1 40
1 3 3 48 146
1 4 3 48 147 265
1 5 3 48 147 1 40
1 5 20 95 221 336 450
1 6 20 95 221 336 449 543
1 6 20 95 221 336 449 543
1 6 20 95 221 336 449 543
1 6 20 95 221 336 449 543
1 6 20 95 221 336 449 543
1 6 20 95 221 336 449 543
1 2 6 57
1 8 1 40 125 240 125 240 125 240
1 8 1 40 125 240 125 240 125 240
1 8 1 40 125 240 125 240 125 240
1 8 1 40 125 240 125 240 125 240
1 8 1 40 125 240 125 240 125 240
1 2 6 57
1 5 6 1 40 6 59
1 2 25 101
1 2 13 76
1 3 19 92 200
1 2 25 102
1 3 19 92 199
1 5 3 48 147 1 40
1 10 6 1 42 6 1 40 125 240 125 240
1 3 3 48 147
1 5 3 48 147 1 40
1 10 6 1 42 6 1 40 130 246 1 40
1 10 1 42 1 40 130 246 1 40 125 240
1 13 6 1 42 6 1 40 125 240 125 125 240 125 240
1 12 1 42 1 40 130 246 1 40 125 240 125 240
1 10 1 42 1 40 130 246 1 40 125 240
1 10 1 42 1 40 130 246 1 40 125 240
1 10 1 42 1 40 130 246 1 40 125 240
1 8 1 42 1 40 125 125 240 353
1 13 6 1 42 6 1 40 125 240 125 125 240 125 240
1 6 3 48 147 1 42 6
1 4 42 1 42 138
1 6 1 40 125 240 125 240
1 3 1 40 131
1 8 1 40 125 240 125 42 1 40
1 4 1 40 125 240
1 4 1 40 125 240
1 4 1 42 1 40
1 4 1 42 6 56
1 6 6 1 40 125 240 6
1 2 13 79
1 2 19 91
1 2 25 101
1 6 92 1 40 125 240 354
1 1 4
1 7 1 40 125 240 125 240 355
1 6 1 40 125 240 125 240
1 6 1 40 125 240 125 240
1 6 1 40 125 240 125 240
1 3 1 40 131
1 6 1 40 125 240 125 240
1 6 1 40 125 240 125 240
1 6 1 40 125 240 125 240
1 4 92 1 40 131
1 3 1 40 6
1 3 1 40 127
1 2 25 101
1 3 1 40 128
1 2 27 105
1 3 20 95 205
1 2 6 57
1 10 1 40 20 95 1 40 125 240 125 240
1 10 1 40 20 95 1 40 125 240 125 240
1 10 1 40 20 95 1 40 125 240 125 240
1 8 20 95 1 40 125 240 125 240
1 2 27 105
1 1 31
1 3 20 95 205
1 3 20 95 206
1 10 1 40 20 95 1 40 125 240 125 240
1 10 1 40 20 95 1 40 125 240 125 240
1 4 1 125 240 356
1 10 1 40 20 95 1 40 125 240 125 240
1 6 6 1 40 20 95 205
1 14 10 67 167 287 402 509 596 665 720 770 818 861 900 930
1 1 32
1 8 1 40 125 240 125 240 125 240
1 4 1 40 125 240
1 8 1 40 125 240 125 240 125 240
1 6 1 40 125 240 125 240
1 1 4
1 4 1 40 125 240
1 3 67 12 73
1 1 22
1 14 10 67 167 287 402 509 596 665 720 770 818 861 900 930
1 14 10 67 167 287 402 509 596 665 720 770 818 861 900 930
1 14 10 67 167 287 402 509 596 665 720 770 818 861 900 930
1 14 10 67 167 287 402 509 596 665 720 770 818 861 900 930
1 1 26
1 3 42 139 253
1 1 35
1 14 10 67 167 287 402 509 596 665 720 770 818 861 900 930
1 6 10 67 167 287 402 510
1 10 67 167 287 402 509 596 665 720 770 821
1 14 10 67 167 287 402 509 596 665 720 770 818 861 900 930
1 6 10 67 167 287 402 510
1 3 67 12 73
1 1 22
1 1 26
1 1 34
1 1 15
1 4 1 40 125 240
1 4 1 40 125 240
1 4 1 40 125 240
1 4 1 40 125 240
1 4 1 40 125 240
1 11 10 67 167 287 402 509 596 665 720 770 819
1 22 1 44 1 40 6 1 42 6 1 40 42 6 1 40 42 6 1 40 125 240 6 55
1 2 27 105
1 2 8 64
1 3 19 92 202
1 2 19 89
1 10 6 1 40 6 1 40 125 240 6 55
1 1 18
1 3 19 92 199
1 11 1 44 1 40 125 42 1 40 125 240 357
1 7 1 44 1 40 125 243 363
1 17 1 44 1 40 125 42 1 40 42 1 40 42 1 40 125 42 139
1 8 1 44 1 40 125 42 1 43
1 7 1 44 1 40 125 243 363
1 7 1 44 1 40 125 243 363
1 9 42 1 40 42 1 40 125 42 139
1 9 42 1 40 42 1 40 125 240 357
1 7 1 44 1 40 125 243 363
1 1 37
1 4 1 40 125 240
1 6 6 1 40 125 240 6
1 4 1 40 125 240
1 4 1 125 125 240
1 4 287 3 48 145
1 3 287 3 48
1 4 287 3 48 145
1 4 287 3 48 148
1 4 1 40 125 240
1 4 1 40 125 240
1 2 29 109
1 4 1 40 125 240
1 3 29 1 40
1 4 287 3 48 145
1 3 1 40 134
1 3 1 40 134
1 3 1 40 134
1 3 1 40 134
1 4 1 40 125 240
1 4 1 40 125 240
1 2 1 43
1 3 1 40 134
1 2 19 93
1 1 37
1 6 1 40 125 240 125 240
1 8 1 125 125 240 125 240 125 42
1 2 240 352
1 4 1 40 125 240
1 2 92 201
1 2 27 106
1 10 67 167 287 402 509 596 665 720 770 820
1 1 38
1 13 10 67 167 287 402 509 596 665 720 770 818 861 899
1 4 1 40 125 240
1 2 13 77
1 5 95 221 336 449 543
1 2 92 201
1 4 92 1 40 6
1 3 1 125 240
1 6 1 40 125 240 125 240
1 5 1 40 125 240 6
1 2 67 169
1 4 95 1 40 133
1 5 95 1 40 20 94
1 5 20 95 221 335 446
1 6 95 221 336 449 543 618
1 4 67 12 75 179
1 2 95 207
1 3 1 40 133
1 6 3 48 147 1 40 132
1 12 10 67 167 287 402 509 596 665 720 770 822 147
1 2 6 56
1 8 3 48 147 1 40 125 240 6
1 5 67 167 287 402 510
1 1 11
1 3 67 12 75
1 4 1 40 125 240
1 4 1 40 125 240
1 4 240 125 125 240
1 7 3 48 147 1 40 125 240
1 10 10 67 167 287 402 509 596 665 720 771
1 2 12 74
1 3 12 75 180
1 2 13 78
1 3 12 75 181
1 3 12 75 181
1 2 12 74
1 1 33
1 12 10 67 167 287 402 509 596 665 720 770 822 147
1 12 10 67 167 287 402 509 596 665 720 770 822 147
1 4 67 12 75 181
1 3 12 75 180
1 2 12 74
1 2 12 74
1 3 3 48 147
1 12 10 67 167 287 402 509 596 665 720 770 822 147
1 12 10 67 167 287 402 509 596 665 720 770 822 866
1 1 35
1 1 33
1 8 1 40 125 240 125 240 125 240
1 1 18
1 3 287 402 511
1 3 1 125 240
1 6 287 3 48 147 1 40
1 1 33
1 3 1 40 135
1 2 67 170
1 1 39
1 3 6 1 43
1 3 1 125 240
1 2 19 87
1 2 19 90
1 2 13 77
1 2 19 87
1 6 29 1 40 130 246 366
1 4 1 125 240 352
1 5 29 1 40 130 247
1 2 6 57
1 9 29 1 40 125 240 125 241 40 136
1 4 1 125 240 357
1 3 1 125 125
1 7 29 1 40 125 240 125 242
1 15 1 125 241 1 125 125 241 40 125 240 241 40 125 241 40
1 11 1 125 125 125 125 125 241 1 40 125 242
1 21 29 1 40 125 125 241 1 40 125 125 125 241 40 125 240 125 125 240 125 125 125
1 2 29 110
1 4 1 125 240 241
1 3 19 92 202
1 2 19 87
1 10 29 241 1 40 125 240 125 241 1 43
1 6 6 1 125 125 241 1
1 9 29 1 125 125 125 240 125 125 125
1 5 6 1 125 125 241
1 3 29 241 359
1 5 240 125 125 125 244
1 23 29 241 40 125 240 125 125 125 240 125 240 241 1 125 240 241 1 125 241 40 125 125 125
1 5 1 125 240 241 358
1 4 29 1 40 136
1 2 29 110
1 6 1 125 125 125 241 1
1 7 29 241 1 40 130 246 365
1 9 29 1 40 125 125 125 241 1 125
1 4 1 125 243 362
1 17 29 1 40 125 240 125 240 125 125 240 241 40 125 125 125 240 352
1 7 240 125 125 125 240 241 360
1 4 29 1 44 141
1 1 14
1 11 29 1 40 125 125 241 1 125 125 241 358
1 9 29 241 1 125 240 125 240 125 240
1 6 1 125 240 125 125 244
1 2 29 108
1 4 1 125 241 1
1 25 29 1 125 240 6 1 40 125 240 125 125 240 241 40 125 125 240 125 240 125 125 240 125 125 125
1 3 1 40 126
1 3 19 92 202
1 3 19 92 199
1 2 8 65
1 2 3 51
1 5 1 40 125 240 357
1 4 3 48 147 266
1 2 3 46
1 4 1 40 125 240
1 2 3 47
1 2 3 47
1 4 1 40 6 59
1 4 1 40 125 240
1 3 3 48 149
1 4 1 40 125 240
1 4 1 40 125 42
1 1 36
1 4 1 40 125 240
1 4 1 40 125 240
1 3 42 1 40
1 3 6 1 41
1 4 3 48 147 264
1 3 1 40 6
1 4 1 40 6 61
1 4 1 40 42 139
1 3 67 167 286
1 2 10 68
1 3 42 139 253
1 3 42 139 253
1 4 1 40 42 139
1 6 3 48 147 1 40 6
1 5 42 1 42 6 60
1 10 10 67 167 287 402 509 596 665 720 771
1 2 3 49
1 6 10 67 167 287 3 50
1 12 10 67 167 287 402 509 596 665 720 770 818 862
1 3 240 125 240
1 1 33
1 1 32
1 2 8 64
1 2 13 80
1 4 1 40 125 240
1 2 25 102
