438 184
1 3 1 42 124
1 6 3 46 130 244 130 244
1 4 4 53 150 264
1 6 46 8 69 243 362 481
1 6 3 46 130 244 130 244
1 6 3 46 130 244 130 244
1 6 3 46 130 244 130 244
1 9 4 53 150 3 46 130 244 130 244
1 8 3 46 130 244 130 244 130 244
1 8 3 46 130 244 130 244 130 244
1 6 3 46 130 244 130 244
1 4 4 53 150 264
1 3 4 53 150
1 3 3 46 6
1 2 4 56
1 1 5
1 3 3 46 134
1 6 4 53 150 3 46 135
1 13 10 72 173 290 408 526 630 716 786 850 243 362 479
1 15 10 72 173 290 408 526 630 716 786 850 911 150 3 46 131
1 11 10 72 173 290 408 526 630 716 786 850 912
1 4 3 46 130 244
1 4 3 46 130 244
1 1 12
1 6 3 46 130 244 130 244
1 6 3 46 130 244 130 244
1 6 3 46 130 244 130 244
1 6 3 46 130 244 130 244
1 6 3 46 130 244 130 244
1 6 3 46 130 244 130 244
1 6 10 72 173 290 408 527
1 8 3 46 130 244 130 244 130 244
1 6 3 46 130 244 130 244
1 7 6 3 46 8 69 243 362
1 4 3 46 130 244
1 4 3 46 130 244
1 6 6 3 46 130 244 367
1 4 3 46 130 244
1 4 3 46 130 244
1 3 17 85 192
1 3 17 85 195
1 4 3 46 130 244
1 2 6 64
1 4 19 3 46 6
1 3 6 3 46
1 4 3 46 130 244
1 3 3 130 244
1 4 3 46 130 244
1 3 72 173 292
1 1 9
1 3 6 3 46
1 3 3 46 131
1 3 3 46 131
1 3 3 46 6
1 3 8 3 46
1 3 3 130 244
1 3 10 72 175
1 2 173 291
1 2 173 291
1 4 10 72 173 292
1 1 15
1 1 20
1 1 14
1 2 72 174
1 1 21
1 3 72 173 294
1 1 22
1 2 10 74
1 2 173 291
1 4 10 72 173 295
1 3 3 130 244
1 3 25 3 46
1 2 19 89
1 2 72 174
1 2 173 294
1 6 26 101 69 243 362 482
1 6 26 101 69 243 49 8
1 6 26 101 69 243 49 8
1 6 26 101 69 243 49 8
1 6 26 101 69 243 49 8
1 6 26 101 69 243 49 8
1 6 26 101 69 243 49 8
1 5 26 101 69 243 364
1 6 26 101 69 243 49 8
1 6 26 101 69 243 49 8
1 6 26 101 69 8 3 46
1 3 26 101 213
1 2 72 177
1 6 26 101 69 8 3 46
1 1 23
1 5 26 101 69 8 3
1 5 26 101 69 8 3
1 3 1 42 124
1 2 6 62
1 1 28
1 4 3 46 130 244
1 3 17 85 194
1 3 17 85 194
1 4 4 53 150 267
1 3 17 85 192
1 3 19 3 46
1 4 19 3 46 6
1 1 29
1 6 8 69 69 8 3 46
1 6 8 69 69 8 3 46
1 6 8 69 69 8 3 46
1 3 4 53 149
1 4 4 53 150 266
1 5 4 53 150 3 46
1 6 8 69 69 8 69 167
1 6 8 69 69 8 3 46
1 6 8 69 69 8 3 46
1 2 6 63
1 8 3 46 130 244 130 244 130 244
1 8 3 46 130 244 130 244 130 244
1 8 3 46 130 244 130 244 130 244
1 11 6 3 46 6 3 46 6 3 46 130 244
1 8 3 46 130 244 130 244 130 244
1 8 3 46 130 244 130 244 130 244
1 5 6 3 46 6 65
1 2 1 43
1 2 4 59
1 3 17 85 194
1 3 4 53 150
1 10 6 3 49 6 3 46 130 244 130 244
1 3 4 53 150
1 7 6 3 49 6 3 46 136
1 10 3 49 130 244 103 130 243 362 3 46
1 12 3 49 130 244 103 130 243 362 3 46 130 244
1 10 3 49 130 244 103 130 243 362 3 46
1 8 3 49 130 244 130 243 362 484
1 5 3 130 243 49 143
1 13 6 3 49 6 3 46 130 244 130 243 362 3 46
1 6 4 53 150 3 49 6
1 4 49 130 49 144
1 4 25 3 46 6
1 6 3 46 130 244 130 244
1 4 3 46 130 244
1 8 3 46 130 244 130 49 130 244
1 10 3 46 130 244 130 244 130 244 130 244
1 4 3 46 130 244
1 8 3 49 8 3 46 6 3 46
1 4 3 49 130 244
1 4 3 49 6 62
1 2 17 84
1 3 17 85 192
1 1 23
1 1 18
1 1 2
1 7 3 46 130 244 130 244 369
1 6 3 46 130 244 130 244
1 6 3 46 130 244 130 244
1 6 3 46 130 244 130 244
1 3 3 46 137
1 6 3 46 130 244 130 244
1 6 3 46 130 244 130 244
1 1 18
1 6 3 46 130 244 130 244
1 3 3 46 137
1 2 8 70
1 3 1 42 124
1 3 3 46 6
1 1 23
1 3 3 46 133
1 3 3 46 134
1 4 25 3 46 6
1 3 8 69 166
1 11 6 3 46 8 69 243 362 3 46 130 244
1 10 3 46 8 69 243 362 3 46 130 244
1 3 6 3 48
1 10 3 46 8 69 243 362 3 46 130 244
1 8 8 69 243 362 3 46 130 244
1 4 19 3 46 6
1 5 25 3 46 130 244
1 3 8 69 169
1 3 8 69 166
1 3 8 69 170
1 10 3 46 8 69 243 362 3 46 130 244
1 4 3 130 244 368
1 10 3 46 8 69 243 362 3 46 130 244
1 3 8 69 168
1 6 6 3 46 8 69 166
1 8 8 69 243 362 3 46 130 244
1 14 10 72 173 290 408 526 630 716 786 850 243 362 6 61
1 14 10 72 173 290 408 526 630 716 786 850 243 362 6 61
1 6 3 46 130 244 130 244
1 6 3 46 130 244 130 244
1 8 3 46 130 244 130 244 130 244
1 4 3 46 130 244
1 6 3 46 130 244 130 244
1 6 3 46 130 244 130 244
1 4 3 46 130 244
1 1 21
1 14 10 72 173 290 408 526 630 716 786 850 243 362 6 61
1 1 31
1 14 10 72 173 290 408 526 630 716 786 850 243 362 6 61
1 14 10 72 173 290 408 526 630 716 786 850 243 362 6 61
1 1 24
1 14 10 72 173 290 408 526 630 716 786 850 243 362 6 61
1 6 10 72 173 290 408 527
1 10 72 173 290 408 526 630 716 786 850 909
1 14 10 72 173 290 408 526 630 716 786 850 243 362 6 61
1 14 10 72 173 290 408 526 630 716 786 850 243 362 6 61
1 6 10 72 173 290 408 527
1 1 21
1 3 72 173 291
1 1 24
1 1 32
1 1 13
1 4 3 46 130 244
1 4 3 46 130 244
1 4 3 46 130 244
1 4 3 46 130 244
1 11 10 72 173 290 408 526 630 716 786 850 907
1 4 3 46 130 244
1 3 3 130 243
1 3 1 42 124
1 11 3 51 243 362 6 3 49 6 3 46 138
1 2 19 90
1 4 25 3 46 6
1 2 19 90
1 1 29
1 2 49 145
1 2 49 144
1 9 6 3 46 6 3 46 130 244 367
1 1 16
1 3 17 85 195
1 3 17 85 195
1 19 3 51 243 362 3 49 130 244 130 244 49 130 244 49 130 244 130 244 49
1 20 3 51 243 362 3 51 49 130 244 130 244 49 130 244 49 130 244 130 49 49
1 17 3 51 243 362 3 49 130 244 49 130 244 49 130 244 130 49 49
1 8 3 51 243 362 3 49 130 245
1 20 3 51 243 362 3 51 49 130 244 130 244 49 130 244 49 130 244 130 49 49
1 22 3 51 243 362 3 51 49 49 130 244 130 244 130 49 130 244 49 130 244 130 49 49
1 9 49 130 244 49 130 244 130 49 49
1 9 49 130 244 49 130 244 130 244 49
1 20 3 51 243 362 3 51 49 130 244 130 244 49 130 244 49 130 244 130 49 49
1 20 3 51 243 362 3 51 49 130 244 130 244 49 130 244 49 130 244 130 49 49
1 3 3 46 133
1 3 17 85 192
1 1 34
1 4 3 46 130 244
1 4 3 46 130 244
1 6 6 3 46 130 244 367
1 4 3 46 130 244
1 1 35
1 6 10 72 173 290 407 525
1 6 290 407 850 243 49 6
1 3 290 407 850
1 4 290 407 850 913
1 6 6 3 46 6 3 46
1 6 290 407 850 243 49 144
1 4 290 407 850 910
1 3 290 407 850
1 2 27 104
1 3 27 130 244
1 4 3 46 130 244
1 3 27 130 244
1 5 290 407 850 243 362
1 3 3 46 139
1 3 3 46 139
1 3 3 46 139
1 2 3 50
1 3 3 46 139
1 2 17 86
1 1 34
1 6 3 46 130 244 130 244
1 6 3 46 130 244 130 244
1 1 35
1 8 3 130 243 362 3 46 130 49
1 1 18
1 2 25 100
1 10 72 173 290 408 526 630 716 786 850 908
1 1 37
1 4 3 46 130 244
1 2 46 129
1 13 10 72 173 290 408 526 630 716 786 850 243 362 479
1 4 3 46 130 244
1 1 7
1 3 17 85 193
1 1 18
1 3 3 130 244
1 4 3 46 130 244
1 3 3 130 244
1 4 3 46 130 244
1 5 3 46 130 244 367
1 4 19 3 46 6
1 2 72 175
1 6 8 69 69 243 362 480
1 1 7
1 4 72 11 76 182
1 1 7
1 3 3 46 132
1 6 4 53 150 3 46 134
1 4 4 53 150 265
1 12 10 72 173 290 408 526 630 716 786 850 911 150
1 5 72 173 290 408 527
1 3 173 290 409
1 3 72 11 76
1 3 72 11 76
1 4 3 46 130 244
1 4 3 46 130 244
1 1 36
1 4 46 130 243 362
1 4 3 46 130 244
1 7 4 53 150 3 46 130 244
1 10 10 72 173 290 408 526 630 716 786 851
1 12 10 72 173 290 408 526 630 716 786 850 911 150
1 4 72 11 76 183
1 4 11 75 180 303
1 4 11 75 180 303
1 3 11 76 181
1 2 1 44
1 3 11 76 183
1 2 1 44
1 3 11 76 183
1 4 11 75 180 303
1 12 10 72 173 290 408 526 630 716 786 850 911 150
1 12 10 72 173 290 408 526 630 716 786 850 911 150
1 4 72 11 76 183
1 3 11 76 181
1 4 11 75 180 302
1 3 11 76 181
1 4 11 75 180 302
1 4 11 75 180 303
1 3 4 53 150
1 12 10 72 173 290 408 526 630 716 786 850 911 150
1 1 29
1 12 10 72 173 290 408 526 630 716 786 850 911 965
1 1 33
1 6 10 72 173 290 407 525
1 1 38
1 8 3 46 130 244 130 244 130 244
1 1 16
1 2 4 55
1 3 290 408 528
1 1 2
1 1 38
1 3 3 46 140
1 2 72 176
1 1 35
1 3 6 3 50
1 3 3 130 244
1 2 17 82
1 2 17 83
1 3 1 42 124
1 2 17 82
1 6 27 130 244 103 130 247
1 10 27 130 243 103 130 103 130 243 362 478
1 2 6 63
1 8 27 130 244 130 244 130 103 215
1 8 3 130 244 49 130 243 362 478
1 3 3 130 243
1 7 27 130 244 130 244 130 245
1 2 27 102
1 11 3 130 243 243 243 243 103 130 244 130 245
1 13 27 130 244 130 243 103 130 244 130 243 243 103 215
1 4 3 130 244 103
1 3 17 85 196
1 5 27 130 244 103 218
1 1 39
1 10 27 103 130 244 130 244 130 103 130 245
1 2 27 105
1 6 6 3 130 243 103 130
1 2 27 102
1 9 27 130 243 243 243 362 3 130 243
1 5 6 3 130 243 103
1 3 27 103 217
1 11 27 103 130 243 243 243 243 103 130 243 243
1 5 46 130 243 243 366
1 3 27 103 215
1 5 3 130 244 103 216
1 4 27 130 244 370
1 2 27 105
1 6 3 130 243 243 103 130
1 10 27 103 130 244 103 130 244 130 103 215
1 9 27 130 244 130 243 243 103 130 243
1 3 3 130 246
1 11 27 130 244 130 244 130 244 130 243 362 483
1 10 27 103 130 243 362 3 130 243 362 483
1 6 46 130 243 243 362 483
1 10 27 130 244 130 243 243 243 243 243 103
1 11 27 130 244 130 243 103 130 243 243 103 216
1 9 27 103 130 243 362 3 46 130 244
1 6 3 130 244 130 243 366
1 2 27 102
1 6 27 130 103 130 243 365
1 4 3 130 103 130
1 13 27 130 243 362 6 3 46 130 244 130 243 362 483
1 3 3 46 131
1 3 17 85 196
1 3 17 85 195
1 2 19 91
1 2 4 58
1 3 17 85 194
1 2 3 52
1 4 4 53 150 263
1 3 4 53 150
1 5 3 46 130 244 49
1 4 4 53 150 268
1 2 3 50
1 4 3 46 130 244
1 2 4 54
1 4 3 46 6 65
1 4 3 46 130 244
1 3 3 49 143
1 3 4 53 151
1 4 3 46 130 49
1 1 30
1 3 49 130 244
1 4 3 46 130 244
1 4 3 46 130 244
1 4 3 49 130 244
1 3 49 130 244
1 3 6 3 47
1 4 4 53 150 264
1 3 3 46 138
1 3 72 173 289
1 2 10 73
1 3 49 49 49
1 3 49 49 49
1 3 3 46 138
1 2 46 138
1 6 4 53 150 3 46 6
1 1 40
1 3 3 46 6
1 4 49 8 3 46
1 5 49 130 49 6 66
1 6 4 53 150 3 46 133
1 2 4 57
1 6 10 72 173 290 407 525
1 12 10 72 173 290 408 526 630 716 786 850 243 363
1 3 46 130 244
1 1 41
1 2 19 90
1 3 72 173 293
1 3 4 53 150
1 4 3 46 130 244
