441 187
1 3 1 44 131
1 4 3 49 137 255
1 2 278 402
1 6 6 63 154 278 154 278
1 6 6 63 154 278 154 278
1 1 9
1 6 6 63 154 278 154 278
1 9 3 49 137 6 63 154 278 154 278
1 8 6 63 154 278 154 278 154 278
1 8 6 63 154 278 154 278 154 278
1 3 6 63 5
1 1 10
1 4 11 6 63 5
1 3 6 63 5
1 2 3 53
1 1 4
1 4 6 63 154 278
1 3 6 63 159
1 6 3 49 137 6 63 160
1 13 13 80 188 311 433 543 638 717 782 841 893 939 978
1 15 13 80 188 311 433 543 638 717 782 841 895 137 6 63 63
1 11 13 80 188 311 433 543 638 717 782 841 896
1 4 6 63 154 278
1 4 6 63 154 278
1 1 16
1 6 6 63 154 278 154 278
1 6 6 63 154 278 154 278
1 6 6 63 154 278 154 278
1 6 6 63 154 278 154 278
1 6 6 63 154 278 154 278
1 6 13 80 188 311 433 544
1 8 6 63 154 278 154 278 154 278
1 6 6 63 154 278 154 278
1 8 6 63 154 278 154 278 154 278
1 7 5 6 63 8 72 175 63
1 4 6 63 154 278
1 4 6 63 154 278
1 4 6 63 154 278
1 5 21 97 6 63 157
1 4 6 63 154 278
1 4 11 6 63 5
1 3 5 6 63
1 3 6 63 159
1 4 6 63 154 278
1 4 6 63 154 278
1 3 6 154 278
1 4 6 63 154 278
1 1 12
1 3 5 6 63
1 3 6 63 63
1 3 6 63 63
1 3 6 63 5
1 3 6 63 5
1 3 5 6 63
1 3 6 154 278
1 2 188 312
1 2 188 312
1 4 13 80 188 313
1 1 19
1 1 22
1 1 18
1 2 80 189
1 1 23
1 3 80 188 315
1 1 24
1 1 25
1 2 188 312
1 4 13 80 188 316
1 3 65 65 65
1 3 6 154 278
1 2 11 76
1 2 188 315
1 6 27 107 72 175 63 8
1 6 27 107 72 175 300 423
1 6 27 107 72 175 300 423
1 6 27 107 72 175 300 423
1 6 27 107 72 175 300 423
1 6 27 107 72 175 300 423
1 6 27 107 72 175 300 423
1 6 27 107 72 175 300 423
1 6 27 107 72 176 301 424
1 6 27 107 72 176 301 424
1 2 80 192
1 2 26 106
1 5 27 107 72 176 301
1 5 27 107 72 176 301
1 3 1 44 131
1 2 5 58
1 1 29
1 4 3 49 137 259
1 4 6 63 154 278
1 5 21 97 6 63 157
1 2 21 93
1 3 11 6 63
1 4 11 6 63 5
1 1 30
1 6 8 72 72 176 301 424
1 6 8 72 72 176 301 424
1 6 8 72 72 176 301 424
1 5 3 49 137 6 63
1 3 3 49 139
1 4 3 49 137 258
1 5 3 49 137 6 63
1 6 8 72 72 176 301 424
1 6 8 72 72 176 301 424
1 6 8 72 72 176 301 424
1 6 8 72 72 176 301 424
1 3 5 895 942
1 8 6 63 154 278 154 278 154 278
1 8 6 63 154 278 154 278 154 278
1 8 6 63 154 278 154 278 154 278
1 8 6 63 154 278 154 278 154 278
1 11 5 6 63 5 6 63 5 6 63 154 278
1 8 6 63 154 278 154 278 154 278
1 8 6 63 154 278 154 278 154 278
1 8 6 63 154 278 154 278 154 278
1 3 5 895 942
1 5 5 6 63 5 59
1 2 26 105
1 2 3 56
1 2 26 106
1 3 21 97 213
1 3 3 49 137
1 5 3 49 137 6 63
1 3 3 49 137
1 5 3 49 137 6 63
1 10 6 65 6 63 109 154 6 63 154 278
1 13 5 6 65 5 6 63 154 278 154 6 63 154 278
1 10 6 65 6 63 109 154 6 63 154 278
1 10 6 65 6 63 109 154 6 63 154 278
1 8 6 65 6 63 154 6 63 156
1 5 6 154 6 65 164
1 6 3 49 137 6 65 5
1 4 65 6 65 166
1 1 31
1 3 6 63 161
1 4 6 63 154 278
1 8 6 63 154 278 154 65 6 63
1 8 6 63 154 278 154 65 6 63
1 10 6 63 154 278 154 278 154 278 154 278
1 4 6 63 154 278
1 3 6 65 165
1 4 6 65 6 63
1 4 6 65 5 58
1 6 5 6 63 154 278 400
1 2 1 43
1 2 21 96
1 4 21 97 6 63
1 2 26 105
1 6 97 6 63 154 278 399
1 1 2
1 7 6 63 154 278 154 278 403
1 6 6 63 154 278 154 278
1 6 6 63 154 278 154 278
1 3 6 63 161
1 6 6 63 154 278 154 278
1 6 6 63 154 278 154 278
1 6 6 63 154 278 154 278
1 4 97 6 63 161
1 6 6 63 154 278 154 278
1 3 6 63 161
1 2 8 73
1 3 1 44 131
1 3 6 63 157
1 2 26 105
1 3 6 63 158
1 3 6 63 159
1 1 31
1 3 5 895 942
1 11 5 6 63 8 72 175 63 154 278 154 278
1 10 6 63 8 72 175 63 154 278 154 278
1 3 5 6 64
1 10 6 63 8 72 175 63 154 278 154 278
1 8 8 72 175 63 154 278 154 278
1 4 11 6 63 5
1 1 33
1 3 8 72 179
1 3 8 72 174
1 3 8 72 177
1 10 6 63 8 72 175 63 154 278 154 278
1 4 6 154 278 402
1 10 6 63 8 72 175 63 154 278 154 278
1 3 8 72 178
1 6 5 6 63 8 72 174
1 8 8 72 175 63 154 278 154 278
1 14 13 80 188 311 433 543 638 717 782 841 893 939 979 1006
1 1 34
1 6 6 63 154 278 154 278
1 6 6 63 154 278 154 278
1 4 6 63 154 278
1 4 6 63 154 278
1 6 6 63 154 278 154 278
1 8 6 63 154 278 154 278 154 278
1 6 6 63 154 278 154 278
1 1 2
1 4 6 63 154 278
1 3 80 14 83
1 14 13 80 188 311 433 543 638 717 782 841 893 939 979 1006
1 1 36
1 14 13 80 188 311 433 543 638 717 782 841 893 939 979 1006
1 14 13 80 188 311 433 543 638 717 782 841 893 939 979 1006
1 3 65 65 65
1 1 37
1 6 13 80 188 311 433 544
1 10 80 188 311 433 543 638 717 782 841 892
1 14 13 80 188 311 433 543 638 717 782 841 893 939 979 1006
1 14 13 80 188 311 433 543 638 717 782 841 893 939 979 1006
1 6 13 80 188 311 433 544
1 3 80 14 83
1 1 23
1 3 80 188 312
1 1 38
1 1 16
1 1 17
1 4 6 63 154 278
1 4 6 63 154 278
1 4 6 63 154 278
1 4 6 63 154 278
1 11 13 80 188 311 433 543 638 717 782 841 894
1 4 6 63 154 278
1 11 13 80 188 311 433 543 638 717 782 841 894
1 4 6 63 154 278
1 3 6 154 6
1 3 1 44 131
1 21 6 67 175 63 5 6 65 5 6 63 65 5 6 63 65 5 6 63 154 278 400
1 2 11 77
1 1 31
1 2 11 77
1 1 30
1 2 65 167
1 3 21 97 216
1 2 21 94
1 2 65 166
1 9 5 6 63 5 6 63 154 278 400
1 1 20
1 3 21 97 213
1 20 6 67 175 63 154 280 65 6 63 154 278 65 6 63 65 6 63 154 65 65
1 17 6 67 175 63 154 65 6 63 65 6 63 65 6 63 154 65 65
1 8 6 67 175 63 154 65 6 66
1 20 6 67 175 63 154 280 65 6 63 154 278 65 6 63 65 6 63 154 65 65
1 22 6 67 175 63 154 280 65 65 6 63 154 278 154 65 6 63 65 6 63 154 65 65
1 9 65 6 63 65 6 63 154 278 65
1 20 6 67 175 63 154 280 65 6 63 154 278 65 6 63 65 6 63 154 65 65
1 20 6 67 175 63 154 280 65 6 63 154 278 65 6 63 65 6 63 154 65 65
1 3 6 63 158
1 6 21 97 6 63 154 278
1 4 6 63 154 278
1 4 6 63 154 278
1 4 6 63 154 278
1 4 6 154 6 63
1 1 39
1 6 13 80 188 311 3 55
1 3 311 3 49
1 4 311 3 49 142
1 6 5 6 63 5 6 63
1 4 311 3 49 138
1 4 311 3 49 140
1 3 311 3 49
1 4 6 63 154 278
1 4 6 63 154 278
1 2 28 110
1 3 28 154 278
1 4 6 63 154 278
1 3 28 154 278
1 3 6 63 162
1 3 6 63 162
1 3 6 63 162
1 3 6 63 162
1 3 6 63 162
1 4 6 63 154 278
1 4 6 63 154 278
1 2 6 66
1 3 6 63 162
1 2 21 98
1 6 6 63 154 278 154 278
1 1 39
1 2 278 401
1 4 6 63 154 278
1 2 97 215
1 1 41
1 4 6 63 154 278
1 2 278 398
1 13 13 80 188 311 433 543 638 717 782 841 893 939 978
1 4 6 63 154 278
1 3 1 44 131
1 3 21 97 212
1 2 97 215
1 4 97 6 63 5
1 3 6 154 278
1 4 6 63 154 278
1 3 6 154 278
1 6 6 63 154 278 154 278
1 4 6 63 154 278
1 4 11 6 63 5
1 2 80 190
1 1 7
1 1 7
1 6 8 72 72 175 63 155
1 4 80 14 84 197
1 1 7
1 3 6 63 155
1 6 3 49 137 6 63 159
1 4 3 49 137 257
1 2 5 58
1 8 3 49 137 6 63 154 278 400
1 5 80 188 311 433 544
1 3 188 311 434
1 3 80 14 84
1 3 80 14 84
1 4 6 63 154 278
1 1 40
1 4 278 154 6 63
1 4 6 63 154 278
1 7 3 49 137 6 63 154 278
1 10 13 80 188 311 433 543 638 717 782 842
1 12 13 80 188 311 433 543 638 717 782 841 895 137
1 4 80 14 84 198
1 4 14 82 194 322
1 4 14 82 194 322
1 2 1 45
1 3 14 84 198
1 2 1 45
1 3 14 84 198
1 4 14 82 194 322
1 1 35
1 12 13 80 188 311 433 543 638 717 782 841 895 137
1 12 13 80 188 311 433 543 638 717 782 841 895 137
1 3 14 84 196
1 3 14 84 196
1 4 14 82 194 321
1 3 14 84 196
1 4 14 82 194 321
1 4 14 82 194 322
1 3 3 49 137
1 12 13 80 188 311 433 543 638 717 782 841 895 137
1 1 30
1 12 13 80 188 311 433 543 638 717 782 841 895 942
1 6 13 80 188 311 3 55
1 1 35
1 1 20
1 2 3 51
1 3 311 433 545
1 3 6 154 278
1 6 311 3 49 137 6 63
1 1 2
1 2 80 191
1 2 80 191
1 1 39
1 2 21 92
1 2 21 95
1 2 21 92
1 2 21 92
1 6 28 154 278 109 154 281
1 4 6 154 278 401
1 25 28 154 278 109 278 154 65 6 154 278 109 154 278 154 6 63 63 154 6 154 6 154 278 109 154
1 10 28 154 6 109 154 109 154 6 63 63
1 3 5 895 941
1 9 28 154 278 154 278 154 109 278 404
1 3 6 154 6
1 7 28 154 278 154 278 154 279
1 15 6 154 109 154 6 154 109 278 154 278 109 278 154 109 278
1 2 28 108
1 21 28 154 278 154 6 109 154 278 154 6 154 109 278 154 278 154 6 63 154 6 154
1 2 28 111
1 4 6 154 278 109
1 3 21 97 216
1 2 21 92
1 5 28 154 278 109 230
1 1 42
1 10 28 109 154 278 154 278 154 109 154 279
1 2 28 111
1 6 5 6 154 6 109 154
1 2 28 108
1 9 28 154 6 154 6 63 154 6 154
1 5 5 6 154 6 109
1 3 28 109 229
1 11 28 109 154 6 154 6 154 109 154 6 154
1 23 28 109 278 154 278 154 6 154 278 154 278 109 154 6 63 109 154 6 109 278 154 6 154
1 5 6 154 278 109 228
1 4 28 154 278 404
1 2 28 111
1 6 6 154 6 154 109 154
1 9 28 154 278 154 6 154 109 154 6
1 4 6 154 280 406
1 17 28 154 278 154 278 154 278 154 6 63 109 278 154 6 154 278 401
1 10 28 109 154 6 63 154 6 154 278 109
1 4 28 154 280 407
1 10 28 154 278 154 6 154 6 154 6 109
1 1 15
1 9 28 109 154 6 63 154 278 154 278
1 6 6 154 278 154 6 68
1 2 28 108
1 6 28 154 109 154 6 66
1 25 28 154 6 63 5 6 63 154 278 154 6 63 109 278 154 6 63 154 278 154 6 63 154 6 154
1 19 6 63 63 154 109 154 6 65 6 109 278 109 154 6 63 63 63 109 154
1 3 21 97 216
1 3 21 97 213
1 2 11 78
1 3 21 97 214
1 2 6 69
1 4 3 49 137 256
1 3 3 49 137
1 5 6 63 154 278 65
1 4 3 49 137 260
1 2 3 52
1 2 6 66
1 2 3 50
1 4 6 63 154 278
1 3 6 65 164
1 3 3 49 141
1 4 6 63 154 278
1 4 6 63 154 65
1 1 32
1 3 65 6 63
1 4 6 63 154 278
1 4 6 65 6 63
1 3 65 6 63
1 3 5 6 62
1 4 3 49 137 255
1 3 6 63 5
1 4 6 63 5 61
1 2 13 81
1 3 65 65 65
1 5 278 65 5 895 943
1 6 3 49 137 6 63 5
1 1 24
1 3 6 63 5
1 2 65 165
1 5 65 6 65 5 60
1 6 3 49 137 6 63 158
1 10 13 80 188 311 433 543 638 717 782 842
1 2 3 54
1 6 13 80 188 311 3 55
1 12 13 80 188 311 433 543 638 717 782 841 893 938
1 1 35
1 1 34
1 2 11 77
1 3 80 188 314
1 3 3 49 137
1 2 1 46
1 2 26 106
