420 183
1 3 1 42 132
1 6 3 48 140 261 140 261
1 4 4 56 164 288
1 6 48 7 74 3 48 142
1 6 3 48 140 261 140 261
1 6 3 48 140 261 140 261
1 1 8
1 6 3 48 140 261 140 261
1 9 4 56 164 3 48 140 261 140 261
1 8 3 48 140 261 140 261 140 261
1 6 3 48 140 261 140 261
1 4 4 56 164 288
1 3 4 56 164
1 3 3 48 5
1 1 9
1 2 10 78
1 3 3 48 5
1 2 4 60
1 4 3 48 140 261
1 3 3 48 146
1 6 4 56 164 3 48 147
1 13 12 82 196 322 447 561 659 747 825 895 954 1003 1046
1 11 12 82 196 322 447 561 659 747 825 895 958
1 4 3 48 140 261
1 4 3 48 140 261
1 1 15
1 6 3 48 140 261 140 261
1 6 3 48 140 261 140 261
1 6 3 48 140 261 140 261
1 6 3 48 140 261 140 261
1 6 3 48 140 261 140 261
1 8 3 48 140 261 140 261 140 261
1 7 5 3 48 7 74 3 48
1 4 3 48 140 261
1 4 3 48 140 261
1 6 5 3 48 140 261 387
1 4 3 48 140 261
1 4 17 94 214 346
1 2 5 68
1 3 3 48 146
1 4 3 48 140 261
1 4 3 48 140 261
1 3 3 3 48
1 4 3 48 140 261
1 3 82 196 324
1 1 11
1 3 5 3 48
1 3 3 48 48
1 3 3 48 5
1 3 3 48 5
1 3 5 3 48
1 3 7 73 182
1 3 12 82 198
1 1 13
1 1 13
1 4 12 82 196 324
1 2 82 197
1 3 82 196 326
1 1 19
1 1 20
1 2 12 83
1 1 13
1 4 12 82 196 327
1 3 51 157 280
1 3 3 3 48
1 2 23 105
1 2 10 79
1 2 82 197
1 6 24 107 74 3 48 7
1 6 24 107 74 3 51 7
1 6 24 107 74 3 51 7
1 6 24 107 74 3 51 7
1 5 24 107 74 3 49
1 6 24 107 74 3 51 7
1 6 24 107 74 3 51 7
1 6 24 107 74 7 73 182
1 3 24 107 231
1 6 24 107 74 7 73 182
1 1 21
1 5 24 107 74 7 73
1 5 24 107 74 7 73
1 5 24 107 74 7 73
1 3 1 42 132
1 1 26
1 4 3 48 140 261
1 3 17 94 215
1 3 17 94 215
1 4 4 56 164 290
1 4 3 48 140 261
1 3 17 94 212
1 2 17 91
1 6 7 74 74 7 73 182
1 6 7 74 74 7 73 182
1 5 4 56 164 3 48
1 5 4 56 164 3 48
1 6 7 74 74 7 74 184
1 6 7 74 74 7 73 182
1 6 7 74 74 7 73 182
1 6 7 74 74 7 73 182
1 6 7 74 74 7 73 182
1 6 7 74 74 7 73 182
1 6 7 74 74 7 73 182
1 3 5 66 177
1 8 3 48 140 261 140 261 140 261
1 8 3 48 140 261 140 261 140 261
1 8 3 48 140 261 140 261 140 261
1 8 3 48 140 261 140 261 140 261
1 11 5 3 48 5 3 48 5 3 48 140 261
1 8 3 48 140 261 140 261 140 261
1 8 3 48 140 261 140 261 140 261
1 3 5 66 177
1 1 21
1 2 1 43
1 2 4 64
1 3 17 94 215
1 1 21
1 4 17 94 214 345
1 3 4 56 164
1 5 4 56 164 3 48
1 10 5 3 51 5 3 48 140 261 140 261
1 3 4 56 164
1 5 4 56 164 3 48
1 10 5 3 51 5 3 48 150 270 3 48
1 10 3 51 3 48 150 270 3 48 140 261
1 13 5 3 51 5 3 48 140 261 140 3 48 140 261
1 12 3 51 3 48 150 270 3 48 140 261 140 261
1 10 3 51 3 48 150 270 3 48 140 261
1 10 3 51 3 48 150 270 3 48 140 261
1 10 3 51 3 48 150 270 3 48 140 261
1 8 3 51 3 48 140 3 48 143
1 5 3 3 3 51 154
1 13 5 3 51 5 3 48 140 261 140 3 48 140 261
1 2 23 105
1 6 3 48 140 261 140 261
1 3 3 48 148
1 4 3 48 140 261
1 8 3 48 140 261 140 51 3 48
1 8 3 48 140 261 140 51 3 48
1 10 3 48 140 261 140 261 140 261 140 261
1 4 3 48 140 261
1 4 3 48 140 261
1 6 3 51 7 73 182 310
1 6 5 3 48 140 261 387
1 2 1 41
1 2 17 93
1 3 17 94 212
1 1 2
1 6 3 48 140 261 140 261
1 6 3 48 140 261 140 261
1 3 3 48 148
1 6 3 48 140 261 140 261
1 6 3 48 140 261 140 261
1 6 3 48 140 261 140 261
1 1 18
1 6 3 48 140 261 140 261
1 3 3 48 148
1 2 7 75
1 3 1 42 132
1 3 3 48 5
1 3 3 48 144
1 3 3 48 146
1 2 23 105
1 3 7 74 183
1 3 5 66 177
1 11 5 3 48 7 74 3 48 140 261 140 261
1 3 5 3 50
1 10 3 48 7 74 3 48 140 261 140 261
1 10 3 48 7 74 3 48 140 261 140 261
1 2 10 78
1 2 23 105
1 1 28
1 3 7 74 187
1 3 7 74 185
1 10 3 48 7 74 3 48 140 261 140 261
1 10 3 48 7 74 3 48 140 261 140 261
1 11 3 3 48 7 74 3 48 140 261 140 261
1 3 7 74 186
1 8 7 74 3 48 140 261 140 261
1 14 12 82 196 322 447 561 659 747 825 895 954 1003 1047 1075
1 14 12 82 196 322 447 561 659 747 825 895 954 1003 1047 1075
1 1 29
1 6 3 48 140 261 140 261
1 6 3 48 140 261 140 261
1 8 3 48 140 261 140 261 140 261
1 4 3 48 140 261
1 4 3 48 140 261
1 6 3 48 140 261 140 261
1 8 3 48 140 261 140 261 140 261
1 6 3 48 140 261 140 261
1 1 2
1 4 3 48 140 261
1 3 82 447 562
1 1 31
1 14 12 82 196 322 447 561 659 747 825 895 954 1003 1047 1075
1 14 12 82 196 322 447 561 659 747 825 895 954 1003 1047 1075
1 1 32
1 14 12 82 196 322 447 561 659 747 825 895 954 1003 1047 1075
1 1 22
1 3 51 157 280
1 1 34
1 14 12 82 196 322 447 561 659 747 825 895 954 1003 1047 1075
1 10 82 196 322 447 561 659 747 825 895 957
1 14 12 82 196 322 447 561 659 747 825 895 954 1003 1047 1075
1 6 12 82 196 322 447 563
1 3 82 447 562
1 1 31
1 3 82 196 323
1 1 22
1 1 33
1 1 15
1 1 16
1 4 3 48 140 261
1 4 3 48 140 261
1 4 3 48 140 261
1 11 12 82 196 322 447 561 659 747 825 895 955
1 4 3 48 140 261
1 11 12 82 196 322 447 561 659 747 825 895 955
1 4 3 48 140 261
1 3 3 3 3
1 3 1 42 132
1 22 3 52 3 48 5 3 51 5 3 48 51 5 3 48 51 5 3 48 140 261 387 505
1 2 10 80
1 2 10 80
1 1 35
1 2 51 156
1 3 17 94 216
1 2 17 92
1 2 51 155
1 1 27
1 4 17 94 214 345
1 4 17 94 214 345
1 11 3 52 3 48 140 51 3 48 140 261 388
1 17 3 52 3 48 140 51 3 48 51 3 48 51 3 48 140 51 157
1 8 3 52 3 48 140 51 3 53
1 6 3 52 3 48 140 263
1 9 51 3 48 51 3 48 140 51 157
1 9 51 3 48 51 3 48 140 261 388
1 6 3 52 3 48 140 263
1 6 3 52 3 48 140 263
1 3 3 48 145
1 3 17 94 212
1 1 36
1 4 3 48 140 261
1 6 5 3 48 140 261 387
1 4 3 3 3 48
1 1 37
1 6 12 82 196 322 4 62
1 4 322 4 56 163
1 4 322 4 56 166
1 6 5 3 48 5 3 48
1 4 322 4 56 163
1 4 322 4 56 165
1 3 322 4 56
1 4 3 48 140 261
1 4 3 48 140 261
1 3 25 3 48
1 4 322 4 56 163
1 3 3 48 149
1 3 3 48 149
1 3 3 48 149
1 3 3 48 149
1 4 3 48 140 261
1 4 3 48 140 261
1 3 3 48 149
1 2 17 95
1 1 36
1 6 3 48 140 261 140 261
1 6 3 48 140 261 140 261
1 1 37
1 8 3 3 3 48 140 261 140 51
1 7 48 48 140 3 48 140 261
1 4 3 48 140 261
1 1 18
1 2 23 106
1 10 82 196 322 447 561 659 747 825 895 956
1 1 39
1 4 3 48 140 261
1 2 48 139
1 4 3 48 140 261
1 3 1 42 132
1 1 6
1 3 17 94 213
1 1 18
1 3 3 3 48
1 4 3 48 140 261
1 3 3 3 48
1 6 3 48 140 261 140 261
1 4 3 48 140 261
1 5 3 48 140 261 387
1 2 10 78
1 1 6
1 1 6
1 6 7 74 74 3 48 141
1 1 6
1 6 4 56 164 3 48 146
1 4 4 56 164 289
1 11 12 82 196 322 447 561 659 747 825 895 958
1 2 5 65
1 8 4 56 164 3 48 140 261 387
1 1 13
1 3 82 447 564
1 4 3 48 140 261
1 4 3 48 140 261
1 1 38
1 4 48 140 3 48
1 4 3 48 140 261
1 11 12 82 196 322 447 561 659 747 825 895 958
1 4 82 447 564 664
1 3 447 561 660
1 3 447 564 663
1 2 1 44
1 3 447 564 664
1 1 30
1 4 82 447 564 664
1 3 447 564 663
1 3 447 564 663
1 3 447 564 663
1 3 447 561 660
1 3 447 561 660
1 1 35
1 1 34
1 6 12 82 196 322 4 62
1 8 3 48 140 261 140 261 140 261
1 2 4 59
1 3 322 447 564
1 3 3 3 48
1 6 322 4 56 164 3 48
1 1 2
1 1 30
1 3 3 48 151
1 2 82 199
1 2 82 199
1 3 5 3 53
1 3 3 3 48
1 2 17 90
1 3 1 42 132
1 2 17 90
1 2 17 90
1 6 25 3 48 150 270 400
1 14 3 3 48 48 140 3 48 140 3 48 140 3 3 3
1 5 25 3 48 150 271
1 6 25 3 3 150 270 399
1 3 5 66 176
1 7 25 3 48 140 261 140 262
1 14 3 3 48 51 3 3 48 48 140 3 3 3 3 48
1 7 25 3 48 140 261 140 264
1 8 3 3 150 270 3 3 150 271
1 2 25 108
1 9 3 3 3 3 3 3 150 270 398
1 2 25 109
1 2 17 90
1 5 25 3 48 150 273
1 1 40
1 4 25 150 270 398
1 2 25 109
1 6 5 3 3 3 150 270
1 2 25 108
1 9 25 3 3 3 3 48 140 3 3
1 5 5 3 3 3 150
1 11 25 150 270 3 3 3 3 150 270 3 3
1 5 48 140 3 3 54
1 4 25 3 48 152
1 2 25 109
1 4 25 150 270 398
1 10 25 150 270 3 48 140 3 3 48 150
1 7 48 140 3 3 48 150 274
1 4 25 3 52 158
1 10 25 3 48 140 3 3 3 3 3 150
1 1 14
1 11 25 3 48 140 3 150 270 3 3 150 272
1 9 25 150 270 3 48 140 261 140 261
1 6 25 3 150 270 3 53
1 4 3 3 150 270
1 14 25 3 3 48 5 3 48 140 261 140 3 48 150 271
1 5 3 48 48 140 262
1 4 17 94 214 345
1 2 4 63
1 3 17 94 215
1 2 3 55
1 4 4 56 164 287
1 3 4 56 164
1 2 4 57
1 2 3 53
1 4 3 48 140 261
1 2 4 58
1 2 4 58
1 4 3 48 5 67
1 3 3 51 154
1 4 3 48 140 261
1 4 3 48 140 51
1 3 51 3 48
1 4 3 48 140 261
1 4 3 48 140 261
1 4 3 51 3 48
1 4 4 56 164 288
1 3 3 48 5
1 4 3 48 5 70
1 4 3 48 51 157
1 3 82 196 321
1 3 51 157 280
1 4 3 48 51 157
1 5 48 51 5 66 178
1 1 19
1 3 3 48 5
1 4 51 7 73 182
1 5 51 3 51 5 69
1 6 4 56 164 3 48 145
1 10 12 82 196 322 447 561 659 747 825 896
1 2 4 61
1 6 12 82 196 322 4 62
1 12 12 82 196 322 447 561 659 747 825 895 954 1004
1 3 48 140 261
1 1 30
1 1 29
1 2 10 80
1 3 82 196 325
1 3 4 56 164
1 2 1 45
1 4 3 48 140 261
1 1 21
