439 194
1 3 1 45 134
1 6 3 51 141 261 141 261
1 4 4 59 165 289
1 6 51 7 73 3 51 143
1 6 3 51 141 261 141 261
1 1 8
1 8 3 51 141 261 141 261 141 261
1 8 3 51 141 261 141 261 141 261
1 6 3 51 141 261 141 261
1 4 4 59 165 289
1 3 4 59 165
1 3 3 51 6
1 1 9
1 4 10 3 51 6
1 2 4 63
1 1 5
1 4 3 51 141 261
1 3 3 51 146
1 11 11 80 191 321 448 562 656 731 789 839 886
1 4 3 51 141 261
1 4 3 51 141 261
1 4 3 51 141 261
1 6 3 51 141 261 141 261
1 6 3 51 141 261 141 261
1 6 3 51 141 261 141 261
1 6 3 51 141 261 141 261
1 6 3 51 141 261 141 261
1 6 11 80 191 321 448 563
1 8 3 51 141 261 141 261 141 261
1 6 3 51 141 261 141 261
1 8 3 51 141 261 141 261 141 261
1 7 6 3 51 7 73 3 51
1 6 6 3 51 141 261 394
1 4 3 51 141 261
1 4 3 51 141 261
1 3 16 92 210
1 3 16 92 212
1 4 3 51 141 261
1 2 6 68
1 4 10 3 51 6
1 3 6 3 51
1 3 3 51 146
1 4 3 51 141 261
1 4 3 51 141 261
1 4 3 51 141 261
1 3 80 191 323
1 3 6 3 51
1 3 3 51 51
1 3 3 51 6
1 3 6 3 51
1 2 7 72
1 3 3 3 51
1 3 11 80 193
1 1 12
1 4 11 80 191 323
1 1 19
1 1 20
1 1 22
1 1 23
1 3 80 191 325
1 1 24
1 2 11 82
1 1 12
1 4 11 80 191 326
1 3 54 157 280
1 2 26 106
1 2 10 77
1 2 80 192
1 1 12
1 6 27 108 230 367 493 595
1 6 27 108 230 367 493 595
1 6 27 108 230 367 493 595
1 6 27 108 230 367 493 595
1 6 27 108 230 367 493 595
1 6 27 108 230 367 493 595
1 5 27 108 230 367 492
1 6 27 108 230 367 493 595
1 6 27 108 230 367 493 595
1 6 27 108 230 368 494 596
1 6 27 108 230 368 494 596
1 3 27 108 231
1 2 80 195
1 6 27 108 230 368 494 596
1 5 27 108 230 368 494
1 5 27 108 230 368 494
1 5 27 108 230 368 494
1 3 1 45 134
1 2 6 67
1 1 29
1 4 3 51 141 261
1 3 16 92 214
1 3 16 92 214
1 4 4 59 165 292
1 4 3 51 141 261
1 2 16 90
1 3 10 3 51
1 4 10 3 51 6
1 1 30
1 6 7 73 230 368 494 596
1 6 7 73 230 368 494 596
1 5 4 59 165 3 51
1 3 4 59 164
1 4 4 59 165 291
1 5 7 73 230 368 495
1 6 7 73 230 368 494 596
1 6 7 73 230 368 494 596
1 6 7 73 230 368 494 596
1 6 7 73 230 368 494 596
1 6 7 73 230 368 494 596
1 6 7 73 230 368 494 596
1 8 3 51 141 261 141 261 141 261
1 8 3 51 141 261 141 261 141 261
1 11 6 3 51 6 3 51 6 3 51 141 261
1 8 3 51 141 261 141 261 141 261
1 8 3 51 141 261 141 261 141 261
1 8 3 51 141 261 141 261 141 261
1 2 6 70
1 5 6 3 51 6 69
1 2 31 115
1 2 1 46
1 2 4 65
1 3 16 92 214
1 2 31 116
1 3 16 92 212
1 3 4 59 165
1 5 4 59 165 3 51
1 10 6 3 54 6 3 51 141 261 141 261
1 5 4 59 165 3 51
1 10 6 3 54 6 3 51 147 3 3 51
1 13 6 3 54 6 3 51 141 261 141 3 51 141 261
1 12 3 54 3 51 147 3 3 51 141 261 141 261
1 10 3 54 3 51 147 3 3 51 141 261
1 10 3 54 3 51 147 3 3 51 141 261
1 10 3 54 3 51 147 3 3 51 141 261
1 5 3 3 3 54 153
1 13 6 3 54 6 3 51 141 261 141 3 51 141 261
1 6 4 59 165 3 54 6
1 4 54 3 54 155
1 2 26 106
1 6 3 51 141 261 141 261
1 3 3 51 148
1 4 3 51 141 261
1 8 3 51 141 261 141 54 3 51
1 8 3 51 141 261 141 54 3 51
1 10 3 51 141 261 141 261 141 261 141 261
1 4 3 51 141 261
1 4 3 51 141 261
1 3 3 54 154
1 4 3 54 3 51
1 4 3 54 6 67
1 6 6 3 51 141 261 394
1 2 1 44
1 3 16 92 210
1 2 31 115
1 1 17
1 7 3 51 141 261 141 261 396
1 6 3 51 141 261 141 261
1 6 3 51 141 261 141 261
1 6 3 51 141 261 141 261
1 6 3 51 141 261 141 261
1 3 3 51 148
1 2 7 74
1 3 1 45 134
1 3 3 51 6
1 3 3 51 144
1 2 31 115
1 3 3 51 145
1 3 3 51 146
1 3 7 73 181
1 2 6 70
1 11 6 3 51 7 73 3 51 141 261 141 261
1 10 3 51 7 73 3 51 141 261 141 261
1 3 6 3 53
1 10 3 51 7 73 3 51 141 261 141 261
1 10 3 51 7 73 3 51 141 261 141 261
1 8 7 73 3 51 141 261 141 261
1 4 10 3 51 6
1 2 26 106
1 1 33
1 3 7 73 184
1 3 7 73 181
1 10 3 51 7 73 3 51 141 261 141 261
1 10 3 51 7 73 3 51 141 261 141 261
1 10 3 51 7 73 3 51 141 261 141 261
1 3 7 73 183
1 6 6 3 51 7 73 181
1 8 7 73 3 51 141 261 141 261
1 14 11 80 191 321 448 562 656 731 789 839 883 925 961 983
1 14 11 80 191 321 448 562 656 731 789 839 883 925 961 983
1 1 34
1 6 3 51 141 261 141 261
1 6 3 51 141 261 141 261
1 8 3 51 141 261 141 261 141 261
1 4 3 51 141 261
1 4 3 51 141 261
1 6 3 51 141 261 141 261
1 8 3 51 141 261 141 261 141 261
1 1 2
1 3 80 14 86
1 1 23
1 14 11 80 191 321 448 562 656 731 789 839 883 925 961 983
1 14 11 80 191 321 448 562 656 731 789 839 883 925 961 983
1 1 36
1 14 11 80 191 321 448 562 656 731 789 839 883 925 961 983
1 1 25
1 3 54 157 280
1 1 38
1 14 11 80 191 321 448 562 656 731 789 839 883 925 961 983
1 6 11 80 191 321 448 563
1 14 11 80 191 321 448 562 656 731 789 839 883 925 961 983
1 14 11 80 191 321 448 562 656 731 789 839 883 925 961 983
1 3 80 14 86
1 3 80 191 322
1 1 37
1 1 21
1 1 39
1 4 3 51 141 261
1 4 3 51 141 261
1 4 3 51 141 261
1 4 3 51 141 261
1 4 3 51 141 261
1 11 11 80 191 321 448 562 656 731 789 839 884
1 4 3 51 141 261
1 11 11 80 191 321 448 562 656 731 789 839 884
1 4 3 51 141 261
1 3 3 3 3
1 3 1 45 134
1 2 10 78
1 2 26 106
1 1 30
1 2 54 156
1 3 16 92 213
1 2 16 93
1 2 54 155
1 10 6 3 51 6 3 51 141 261 394 517
1 3 16 92 212
1 3 16 92 212
1 11 3 56 3 51 141 54 3 51 141 261 397
1 6 3 56 3 51 141 264
1 6 3 56 3 51 141 264
1 9 54 3 51 54 3 51 141 54 157
1 6 3 56 3 51 141 264
1 3 3 51 145
1 3 16 92 210
1 1 40
1 4 3 51 141 261
1 4 3 51 141 261
1 6 6 3 51 141 261 394
1 4 3 51 141 261
1 4 3 3 3 51
1 1 41
1 5 11 80 191 321 447
1 4 13 4 59 163
1 3 13 4 59
1 4 13 4 59 167
1 6 6 3 51 6 3 51
1 3 13 4 59
1 4 3 51 141 261
1 4 3 51 141 261
1 2 28 110
1 3 28 3 51
1 4 3 51 141 261
1 3 28 3 51
1 4 13 4 59 163
1 3 3 51 149
1 3 3 51 149
1 3 3 51 149
1 3 3 51 149
1 4 3 51 141 261
1 4 3 51 141 261
1 2 3 55
1 1 40
1 6 3 51 141 261 141 261
1 6 3 51 141 261 141 261
1 1 41
1 8 3 3 3 51 141 261 141 54
1 7 51 51 141 3 51 141 261
1 4 3 51 141 261
1 2 26 107
1 10 80 191 321 448 562 656 731 789 839 885
1 4 3 51 141 261
1 2 51 140
1 13 11 80 191 321 448 562 656 731 789 839 883 925 960
1 3 1 45 134
1 5 73 230 368 494 596
1 3 16 92 211
1 1 17
1 1 17
1 4 3 51 141 261
1 3 3 3 51
1 6 3 51 141 261 141 261
1 4 3 51 141 261
1 5 3 51 141 261 394
1 4 10 3 51 6
1 2 80 193
1 4 73 3 51 142
1 5 73 3 51 7 72
1 6 73 230 368 494 596 677
1 4 80 14 87 203
1 2 73 182
1 3 3 51 142
1 4 4 59 165 290
1 12 11 80 191 321 448 562 656 731 789 839 887 930
1 2 6 67
1 8 4 59 165 3 51 141 261 394
1 5 80 191 321 448 563
1 3 80 14 87
1 3 80 14 87
1 4 3 51 141 261
1 1 42
1 4 3 51 141 261
1 7 4 59 165 3 51 141 261
1 10 11 80 191 321 448 562 656 731 789 840
1 12 11 80 191 321 448 562 656 731 789 839 887 930
1 4 80 14 87 204
1 4 14 85 200 337
1 4 14 85 200 337
1 3 14 87 202
1 2 1 47
1 3 14 87 204
1 2 1 47
1 4 14 85 200 337
1 1 35
1 12 11 80 191 321 448 562 656 731 789 839 887 930
1 12 11 80 191 321 448 562 656 731 789 839 887 930
1 4 80 14 87 204
1 3 14 87 202
1 3 14 87 202
1 4 14 85 200 336
1 3 14 87 202
1 4 14 85 200 337
1 3 4 59 165
1 12 11 80 191 321 448 562 656 731 789 839 887 930
1 1 30
1 12 11 80 191 321 448 562 656 731 789 839 887 929
1 1 38
1 5 11 80 191 321 447
1 1 35
1 8 3 51 141 261 141 261 141 261
1 1 15
1 2 4 62
1 3 3 3 51
1 6 13 4 59 165 3 51
1 1 2
1 1 35
1 3 3 51 150
1 2 80 194
1 2 80 194
1 1 41
1 3 6 3 55
1 3 3 3 51
1 2 16 91
1 3 1 45 134
1 2 16 89
1 2 16 89
1 14 3 3 51 51 141 3 51 141 3 51 141 3 3 3
1 25 28 3 51 147 51 141 54 3 3 51 147 3 51 141 3 51 51 141 3 3 3 3 51 147 3
1 10 28 3 3 147 3 147 3 3 51 51
1 14 3 3 51 54 3 3 51 51 141 3 3 3 3 51
1 3 3 3 3
1 11 3 3 147 3 3 3 147 51 141 261 395
1 2 28 109
1 11 3 3 3 3 3 3 147 3 51 141 263
1 21 28 3 51 141 3 147 3 51 141 3 3 147 51 141 261 141 3 51 141 3 3
1 2 28 111
1 4 3 3 51 147
1 3 16 92 213
1 2 16 89
1 5 28 3 51 147 271
1 1 43
1 2 28 111
1 2 28 109
1 3 28 147 270
1 11 28 147 3 3 3 3 3 147 3 3 3
1 5 51 141 3 3 57
1 12 28 147 51 141 261 141 3 3 51 141 261 395
1 5 3 3 51 147 269
1 6 3 3 3 3 147 3
1 9 28 147 3 51 147 3 51 141 262
1 9 28 3 51 141 3 3 147 3 3
1 5 3 3 56 3 147
1 23 28 3 51 141 261 141 261 141 3 51 147 51 141 3 3 51 51 141 3 147 3 3 56
1 10 28 147 3 3 51 141 3 3 51 147
1 7 51 141 3 3 51 147 272
1 4 28 3 56 161
1 10 28 3 51 141 3 3 3 3 3 147
1 1 18
1 11 28 3 51 141 3 147 3 3 3 147 269
1 6 3 3 51 141 3 57
1 2 28 109
1 6 28 3 147 3 3 55
1 4 3 3 147 3
1 3 16 92 213
1 2 10 79
1 2 4 64
1 3 16 92 214
1 2 3 58
1 4 4 59 165 288
1 3 4 59 165
1 5 3 51 141 261 397
1 4 4 59 165 293
1 2 4 60
1 2 3 55
1 4 3 51 141 261
1 2 4 61
1 2 4 61
1 4 3 51 6 69
1 4 3 51 141 261
1 3 3 54 153
1 3 4 59 166
1 4 3 51 141 261
1 1 32
1 3 54 3 51
1 4 3 51 141 261
1 4 3 54 3 51
1 3 54 3 51
1 3 6 3 52
1 3 3 51 6
1 4 3 51 6 71
1 4 3 51 54 157
1 3 80 191 320
1 2 11 81
1 3 54 157 280
1 3 54 157 280
1 4 3 51 54 157
1 4 51 54 6 70
1 6 4 59 165 3 51 6
1 1 24
1 3 3 51 6
1 2 54 154
1 6 4 59 165 3 51 145
1 10 11 80 191 321 448 562 656 731 789 840
1 3 51 141 261
1 1 35
1 3 80 191 324
1 3 4 59 165
1 2 1 48
1 4 3 51 141 261
1 2 31 116
