536 122
1 3 1 39 39
1 6 2 34 59 80 59 80
1 13 3 39 62 4 2 34 42 65 5 2 34 59 80
1 8 80 5 42 79 91 65 42 65
1 6 2 34 59 80 59 80
1 6 2 34 59 80 59 80
1 8 6 43 2 34 59 80 59 80
1 6 2 34 59 80 59 80
1 9 3 39 62 2 34 59 80 59 80
1 8 2 34 59 80 59 80 59 80
1 8 2 34 59 80 59 80 59 80
1 6 2 34 59 80 59 80
1 11 3 39 62 4 2 34 4 2 34 59 80
1 3 3 39 62
1 3 2 34 4
1 5 106 116 2 34 70
1 4 7 2 34 4
1 3 2 34 4
1 6 3 40 81 2 34 61
1 4 62 2 34 61
1 4 2 34 59 80
1 3 2 34 60
1 6 3 39 62 2 34 71
1 13 8 44 67 82 94 100 105 110 114 118 79 91 62
1 15 8 44 67 82 94 100 105 110 114 118 121 62 2 34 34
1 14 8 44 67 82 94 100 105 110 114 118 120 62 2 34
1 4 2 34 59 80
1 4 2 34 59 80
1 4 2 34 59 80
1 10 10 46 69 84 102 106 112 116 2 34
1 6 2 34 59 80 59 80
1 6 2 34 59 80 59 80
1 6 2 34 59 80 59 80
1 6 2 34 59 80 59 80
1 6 2 34 59 80 59 80
1 6 2 34 59 80 59 80
1 20 8 44 67 82 94 105 110 114 118 62 4 93 80 59 80 4 2 41 2 34
1 8 2 34 59 80 59 80 59 80
1 6 2 34 59 80 59 80
1 8 2 34 59 80 59 80 59 80
1 7 4 2 34 5 42 79 91
1 4 2 34 59 80
1 4 2 34 59 80
1 6 4 2 34 59 80 4
1 4 2 34 59 80
1 4 2 34 59 80
1 5 11 47 2 34 70
1 5 11 47 70 34 59
1 4 2 34 59 80
1 8 4 41 2 34 4 41 2 34
1 4 7 2 34 4
1 3 4 2 34
1 3 2 34 60
1 4 2 34 59 80
1 4 2 34 59 80
1 3 2 59 80
1 4 2 34 59 80
1 5 44 67 105 114 121
1 3 61 34 59
1 3 4 2 34
1 3 2 34 34
1 3 2 34 34
1 3 2 34 4
1 3 2 34 4
1 3 4 2 34
1 3 5 2 34
1 3 2 59 80
1 11 8 44 45 68 39 121 121 35 4 2 34
1 5 67 94 105 111 35
1 6 67 94 105 114 121 35
1 11 8 44 67 105 111 39 121 35 62 35 35
1 7 102 107 112 2 35 59 80
1 3 12 10 106
1 3 69 84 112
1 14 44 82 114 119 117 120 62 35 121 35 42 4 2 34
1 6 13 67 94 89 111 35
1 9 44 67 83 94 105 115 110 35 121
1 13 14 67 94 101 105 115 114 118 63 35 35 35 35
1 10 15 16 39 121 81 121 35 61 2 34
1 7 8 17 67 94 105 111 35
1 5 67 94 105 15 121
1 12 8 44 67 77 105 111 115 39 121 35 35 35
1 3 35 35 35
1 3 2 59 80
1 3 18 2 34
1 9 7 121 34 42 79 42 79 91 4
1 7 44 82 114 118 121 35 62
1 7 67 83 94 105 111 115 110
1 6 19 50 42 79 91 5
1 6 19 50 42 79 35 5
1 6 19 50 42 79 35 5
1 6 19 50 42 79 35 5
1 6 19 50 42 79 35 5
1 6 19 50 42 79 35 5
1 6 19 50 42 79 35 5
1 6 19 50 42 79 35 5
1 5 19 50 42 79 5
1 6 19 50 42 79 35 5
1 6 19 50 42 79 35 5
1 6 19 50 42 5 2 34
1 6 19 50 42 5 2 34
1 7 19 50 7 39 5 2 34
1 4 44 83 1 45
1 6 19 50 42 5 2 34
1 3 16 16 35
1 5 19 50 42 5 2
1 5 19 50 42 5 2
1 5 19 50 42 5 2
1 3 1 39 39
1 7 4 4 2 34 59 80 4
1 6 21 2 34 61 2 34
1 4 2 34 59 80
1 5 11 47 71 2 34
1 5 11 47 71 2 34
1 9 3 39 62 60 2 34 60 2 34
1 4 2 34 59 80
1 5 11 47 2 34 70
1 4 11 70 2 34
1 3 7 2 34
1 4 7 2 34 4
1 5 22 2 34 4 4
1 6 5 42 64 5 2 34
1 6 5 42 64 5 2 34
1 6 5 42 64 5 2 34
1 5 3 39 62 2 34
1 4 3 39 91 62
1 7 3 39 62 5 42 64 5
1 5 3 39 62 2 34
1 6 5 42 64 5 42 65
1 6 5 42 64 5 2 34
1 6 5 42 64 5 2 34
1 6 5 42 64 5 2 34
1 6 5 42 64 5 2 34
1 6 5 42 64 5 2 34
1 6 5 42 64 5 2 34
1 10 4 121 34 4 2 34 59 80 59 80
1 8 2 34 59 80 59 80 59 80
1 8 2 34 59 80 59 80 59 80
1 8 2 34 59 80 59 80 59 80
1 8 2 34 59 80 59 80 59 80
1 11 4 2 34 4 2 34 4 2 34 59 80
1 8 2 34 59 80 59 80 59 80
1 8 2 34 59 80 59 80 59 80
1 8 2 34 59 80 59 80 59 80
1 10 4 121 34 4 2 34 59 80 59 80
1 14 4 2 34 4 47 2 34 59 80 4 2 34 59 80
1 4 16 2 34 4
1 4 1 2 34 61
1 4 3 16 39 62
1 5 11 47 71 2 35
1 3 16 16 16
1 5 11 47 70 2 35
1 3 3 39 62
1 5 3 39 62 2 34
1 10 4 2 35 4 2 34 59 80 59 80
1 3 3 39 62
1 5 3 39 62 2 34
1 10 4 2 35 4 2 34 93 79 79 91
1 10 2 35 59 80 93 79 79 91 2 34
1 13 4 2 35 4 2 34 59 80 59 79 91 2 34
1 12 2 35 59 80 93 79 79 91 2 34 59 80
1 10 2 35 59 80 93 79 79 91 2 34
1 10 2 35 59 80 93 79 79 91 2 34
1 10 2 35 59 80 93 79 79 91 2 34
1 11 2 35 59 80 59 79 91 43 6 2 34
1 12 2 59 79 35 34 59 93 79 79 91 2 34
1 13 4 2 35 4 2 34 59 80 59 79 91 2 34
1 6 3 39 62 2 35 4
1 4 35 59 35 61
1 4 18 2 34 4
1 6 2 34 59 80 59 80
1 8 2 34 47 2 34 4 2 34
1 4 2 34 59 80
1 8 2 34 59 80 59 35 59 80
1 8 2 34 59 80 59 35 59 80
1 10 2 34 59 80 59 80 59 80 59 80
1 4 2 34 59 80
1 4 2 34 59 80
1 8 2 35 5 2 34 4 2 34
1 4 2 35 59 80
1 6 2 35 4 4 2 34
1 6 4 2 34 59 80 4
1 3 1 1 1
1 3 11 11 47
1 4 11 47 2 34
1 3 16 2 34
1 14 47 2 34 59 80 39 5 2 34 59 80 93 36 39
1 5 39 39 59 80 39
1 7 2 34 59 80 59 80 47
1 6 2 34 59 80 59 80
1 6 2 34 59 80 59 80
1 6 2 34 59 80 59 80
1 11 2 34 47 2 34 59 80 59 80 59 80
1 6 2 34 59 80 59 80
1 6 2 34 59 80 59 80
1 6 2 34 59 80 59 80
1 12 47 2 34 47 2 34 59 80 59 80 59 80
1 6 2 34 59 80 59 80
1 3 2 34 47
1 4 5 23 2 34
1 3 1 39 39
1 3 2 34 4
1 3 2 34 70
1 4 16 2 34 4
1 3 2 34 61
1 3 2 34 60
1 4 18 2 34 4
1 8 5 42 4 2 34 59 80 4
1 11 4 121 34 5 42 79 91 2 34 59 80
1 11 4 2 34 5 42 79 91 2 34 59 80
1 10 2 34 5 42 79 91 2 34 59 80
1 14 4 2 41 5 42 4 41 2 34 59 80 59 80 4
1 10 2 34 5 42 79 91 2 34 59 80
1 10 2 34 5 42 79 91 2 34 59 80
1 8 5 42 79 91 2 34 59 80
1 4 7 2 34 4
1 5 18 2 34 59 80
1 4 24 42 5 4
1 10 5 42 60 2 34 59 80 59 80 60
1 10 5 42 4 2 34 59 80 59 80 4
1 9 5 42 70 2 34 59 79 91 70
1 10 2 34 5 42 79 91 2 34 59 80
1 10 2 34 5 42 79 91 2 34 59 80
1 11 2 59 80 5 42 79 91 2 34 59 80
1 10 2 34 5 42 79 91 2 34 59 80
1 10 5 42 61 2 34 59 80 59 80 61
1 13 4 2 34 5 42 4 2 34 59 80 59 80 4
1 8 5 42 79 91 2 34 59 80
1 14 8 44 67 82 94 100 105 110 114 118 79 91 4 62
1 14 8 44 67 82 94 100 105 110 114 118 79 91 4 62
1 12 25 26 53 52 75 76 88 54 42 93 65 5
1 6 2 34 59 80 59 80
1 6 2 34 59 80 59 80
1 8 2 34 59 80 59 80 59 80
1 4 2 34 59 80
1 4 2 34 59 80
1 6 2 34 59 80 59 80
1 8 2 34 59 80 59 80 59 80
1 6 2 34 59 80 59 80
1 7 39 59 80 59 80 59 80
1 4 2 34 59 80
1 6 44 9 39 59 80 4
1 12 13 49 74 87 97 104 109 113 117 120 122 71
1 14 8 44 67 82 94 100 105 110 114 118 79 91 4 62
1 14 8 44 67 82 94 100 105 110 114 118 79 91 4 62
1 12 27 11 48 73 86 96 103 108 47 72 85 60
1 14 8 44 67 82 94 100 105 110 114 118 79 91 4 62
1 14 8 44 67 82 94 100 105 110 114 118 79 91 4 62
1 11 17 28 55 77 89 98 15 40 63 81 61
1 3 35 35 35
1 13 29 10 46 69 84 95 102 106 112 116 70 2 34
1 14 8 44 67 82 94 100 105 110 114 118 79 91 4 62
1 12 8 44 67 82 94 105 110 114 118 79 4 62
1 11 44 67 82 94 100 105 110 114 118 4 62
1 14 8 44 67 82 94 100 105 110 114 118 79 91 4 62
1 14 8 44 67 82 94 100 105 110 114 118 79 91 4 62
1 12 8 44 67 82 94 105 110 114 118 79 4 62
1 6 44 9 39 59 80 4
1 12 13 49 74 87 97 104 109 113 117 120 122 71
1 11 44 67 94 105 110 114 118 79 91 4 62
1 5 17 77 15 40 61
1 5 28 55 89 98 81
1 8 10 69 102 106 112 70 2 34
1 4 46 29 84 95
1 4 2 34 59 80
1 4 2 34 59 80
1 4 2 34 59 80
1 4 2 34 59 80
1 4 2 34 59 80
1 16 8 44 67 82 94 100 105 110 114 118 34 4 62 121 2 34
1 4 2 34 59 80
1 16 8 44 67 82 94 100 105 110 114 118 34 4 62 121 2 34
1 4 2 34 59 80
1 3 2 59 79
1 3 1 39 39
1 25 2 37 79 91 4 2 35 4 2 34 35 4 2 34 35 4 2 34 59 80 4 34 59 35 4
1 5 7 35 59 35 4
1 4 18 2 34 4
1 3 7 35 4
1 5 22 35 4 2 34
1 9 35 60 2 34 60 35 59 35 4
1 11 11 47 35 71 2 34 71 34 59 35 4
1 4 11 71 2 34
1 13 35 61 2 34 35 61 2 34 61 35 59 35 4
1 13 4 2 34 4 2 34 59 80 4 34 59 35 4
1 28 93 79 91 2 37 23 35 4 2 4 2 34 23 35 5 2 34 23 35 5 41 2 34 5 34 59 35 4
1 9 11 47 70 2 34 70 2 35 35
1 5 11 47 70 2 34
1 19 2 37 79 91 2 35 59 80 59 80 35 59 80 35 59 80 59 80 35
1 20 2 37 79 91 2 37 35 59 80 59 80 35 59 80 35 59 80 59 35 35
1 17 2 37 79 91 2 35 59 80 35 59 80 35 59 80 59 35 35
1 19 2 37 79 91 2 35 59 36 2 34 35 59 80 35 59 80 59 80 35
1 20 2 37 79 91 2 37 35 59 80 59 80 35 59 80 35 59 80 59 35 35
1 22 2 37 79 91 2 37 35 35 59 80 59 80 59 35 59 80 35 59 80 59 35 35
1 9 35 59 80 35 59 80 59 35 35
1 9 35 59 80 35 59 80 59 80 35
1 20 2 37 79 91 2 37 35 59 80 59 80 35 59 80 35 59 80 59 35 35
1 20 2 37 79 91 2 37 35 59 80 59 80 35 59 80 35 59 80 59 35 35
1 5 2 34 61 2 34
1 6 11 47 2 34 59 80
1 4 30 47 47 47
1 4 2 34 59 80
1 4 2 34 59 80
1 6 4 2 34 59 80 4
1 4 2 34 59 80
1 4 2 59 79 91
1 3 31 2 34
1 13 8 44 67 82 3 94 100 105 110 114 118 121 62
1 6 82 3 39 59 35 4
1 3 82 3 39
1 11 82 3 39 23 41 23 34 4 2 34 65
1 6 4 2 34 4 2 34
1 6 82 3 39 59 35 61
1 7 82 3 39 61 2 34 34
1 3 82 3 39
1 4 2 34 59 80
1 4 2 34 59 80
1 6 20 30 30 56 2 34
1 3 20 59 80
1 4 2 34 59 80
1 3 20 59 80
1 5 82 3 39 59 80
1 3 2 34 20
1 3 2 34 20
1 3 2 34 20
1 3 2 34 20
1 3 2 34 20
1 4 2 34 59 80
1 4 2 34 59 80
1 4 2 36 2 37
1 3 2 34 20
1 5 11 16 47 2 34
1 3 30 30 30
1 6 2 34 59 80 59 80
1 6 2 34 59 80 59 80
1 16 31 57 31 58 78 90 99 20 32 43 66 6 2 34 59 80
1 8 2 59 79 91 2 34 59 35
1 7 80 91 2 59 80 59 80
1 4 2 34 59 80
1 4 47 47 2 34
1 5 18 34 59 79 91
1 13 44 67 82 94 100 105 110 114 118 62 34 4 2
1 9 33 33 33 33 33 33 33 33 47
1 4 2 34 59 80
1 3 80 1 34
1 13 8 44 67 82 94 100 105 110 114 118 79 91 62
1 4 2 34 59 80
1 3 1 39 39
1 5 42 64 5 2 34
1 6 11 47 42 79 36 70
1 5 47 47 47 47 47
1 4 47 2 34 4
1 3 2 59 80
1 4 2 34 59 80
1 3 2 59 80
1 6 2 34 59 80 59 80
1 4 2 34 59 80
1 5 2 34 59 80 4
1 4 7 2 34 4
1 5 44 45 2 34 61
1 7 42 79 91 42 79 35 5
1 6 42 79 91 5 2 34
1 9 5 42 64 2 34 42 79 35 5
1 7 42 64 5 2 34 59 80
1 5 44 9 45 2 34
1 4 42 5 2 34
1 4 2 34 42 5
1 6 3 39 62 2 34 60
1 8 3 39 62 42 5 2 34 61
1 12 8 44 67 82 94 100 105 110 114 118 121 62
1 5 4 4 2 59 80
1 8 3 39 62 2 34 59 80 4
1 10 44 67 82 94 105 110 114 118 121 62
1 4 67 82 110 121
1 3 44 9 45
1 3 44 9 45
1 4 2 34 59 80
1 4 2 34 59 80
1 7 32 43 6 2 34 59 80
1 4 80 59 79 91
1 4 2 34 59 80
1 7 3 39 62 2 34 59 80
1 10 8 44 67 82 94 100 105 110 114 121
1 12 8 44 67 82 94 100 105 110 114 118 121 62
1 4 44 9 45 47
1 5 9 1 45 47 62
1 6 9 1 45 47 62 39
1 6 9 45 1 47 62 39
1 3 1 62 39
1 3 9 45 47
1 3 1 62 39
1 3 9 45 47
1 6 9 1 45 47 62 39
1 4 26 54 62 39
1 12 8 44 67 82 94 100 105 110 114 118 121 62
1 12 8 44 67 82 94 100 105 110 114 118 121 62
1 4 44 9 45 47
1 4 9 45 1 62
1 6 9 45 1 121 62 39
1 5 9 1 45 62 39
1 5 9 45 1 62 39
1 5 9 1 45 62 39
1 6 9 1 45 47 62 39
1 3 3 39 62
1 12 8 44 67 82 94 100 105 110 114 118 121 62
1 3 22 2 34
1 14 8 44 67 82 94 100 105 110 114 118 121 34 4 62
1 10 29 10 46 69 84 95 102 106 112 116
1 15 8 44 67 82 3 94 100 105 110 114 118 121 62 2 34
1 5 26 53 76 93 80
1 8 2 34 59 80 59 80 59 80
1 3 93 79 91
1 6 3 62 2 34 59 80
1 3 82 94 45
1 3 2 59 80
1 6 82 3 39 62 2 34
1 5 39 39 39 39 39
1 3 26 2 34
1 3 2 34 26
1 5 44 121 4 2 34
1 5 44 121 4 2 34
1 3 31 2 34
1 3 4 2 36
1 3 2 59 80
1 3 11 2 34
1 3 11 41 4
1 3 1 39 39
1 6 11 2 34 59 79 79
1 5 11 2 34 59 79
1 15 20 59 80 93 79 92 34 59 79 79 79 91 2 34 93
1 14 2 59 80 91 2 59 80 59 79 91 2 59 79 79
1 25 20 59 80 93 80 59 35 59 79 91 93 79 91 2 59 80 91 2 59 79 79 79 91 93 79
1 10 20 59 79 93 79 93 79 79 91 34
1 7 4 121 2 34 59 79 51
1 28 20 59 80 59 80 59 93 80 37 79 93 80 59 80 93 79 91 2 34 59 79 38 2 59 93 79 91 2
1 14 2 59 80 35 59 79 91 34 59 79 79 79 79 91
1 3 2 59 79
1 22 20 59 80 59 80 59 36 2 93 79 79 79 79 93 80 59 79 91 2 59 79 79
1 15 2 59 93 79 79 79 93 80 59 80 93 80 59 93 80
1 23 20 34 59 80 91 2 59 92 2 59 79 35 93 80 59 93 79 91 2 93 79 79 79
1 15 2 59 79 79 79 79 93 79 91 2 36 2 34 93 79
1 21 20 59 80 59 79 93 79 91 2 59 79 93 80 59 80 59 79 91 2 59 79
1 11 20 51 2 59 80 59 79 79 79 79 79
1 4 2 59 80 93
1 7 11 47 35 71 2 59 79
1 3 11 2 59
1 14 20 59 80 93 37 79 93 79 91 2 59 79 92 2
1 15 92 2 34 59 93 79 91 2 59 80 59 80 59 79 93
1 22 20 93 79 91 2 34 59 93 79 36 2 59 79 91 2 34 59 79 79 79 79 79
1 11 20 51 93 79 91 2 35 59 80 59 79
1 6 4 2 59 79 93 79
1 26 20 34 59 79 92 93 79 79 79 79 79 91 2 59 79 91 2 59 23 35 5 41 41 93 79 92
1 9 20 59 79 79 79 91 2 59 79
1 5 4 2 59 79 93
1 25 20 93 36 2 59 92 2 34 59 80 59 79 91 93 93 80 59 79 79 38 2 59 79 79 91
1 11 20 93 79 79 79 79 79 93 79 79 79
1 5 80 59 79 79 51
1 23 20 93 80 59 80 59 79 79 91 2 34 93 79 79 91 93 79 79 93 80 59 79 79
1 14 2 59 80 93 93 79 79 79 91 2 34 59 80 59
1 25 20 59 80 37 79 79 79 79 91 2 34 59 93 79 91 2 59 79 79 37 79 79 91 2 59
1 13 20 51 93 79 93 79 79 91 2 93 79 91 2
1 6 2 59 79 79 93 79
1 23 20 93 79 91 93 79 91 2 93 80 59 80 59 79 91 2 34 59 93 79 35 59 35
1 9 20 59 80 59 79 79 93 79 79
1 5 2 59 37 79 93
1 23 20 59 80 59 80 59 80 59 79 91 93 80 59 79 79 91 34 59 79 93 79 79 37
1 10 20 93 79 79 91 2 59 79 91 93
1 7 80 59 79 79 91 93 51
1 29 20 59 37 34 59 79 93 80 59 79 79 91 2 36 2 59 80 93 79 91 2 59 80 59 79 79 91 2 59
1 10 20 59 80 59 79 79 79 79 79 93
1 10 121 4 2 47 47 2 92 2 47 34
1 20 20 59 80 59 79 93 79 79 79 93 93 80 92 2 38 2 34 59 79 79
1 9 20 93 79 79 91 2 34 59 80
1 6 2 59 80 59 79 51
1 23 20 34 59 79 91 2 59 80 59 92 2 59 93 80 91 93 80 59 79 79 79 79 79
1 12 20 59 93 79 79 36 34 59 79 93 79 93
1 4 2 59 93 79
1 25 20 59 79 91 4 2 34 59 80 59 79 91 93 80 59 79 91 2 34 59 79 91 2 59 79
1 19 2 34 34 59 93 79 79 35 59 93 80 93 79 79 91 34 34 93 79
1 6 11 47 35 70 70 35
1 5 11 47 70 2 34
1 6 7 18 4 2 34 35
1 5 3 105 39 62 35
1 5 11 47 71 2 34
1 3 2 38 34
1 10 3 39 62 34 59 80 59 35 4 35
1 3 3 39 62
1 5 2 34 59 80 35
1 4 3 39 62 35
1 7 3 2 35 61 2 34 61
1 4 2 36 61 39
1 4 2 34 59 80
1 8 3 3 105 39 62 2 34 4
1 4 3 3 105 39
1 4 2 34 4 47
1 4 2 34 59 80
1 3 2 35 34
1 8 3 39 121 4 2 34 59 80
1 4 2 34 59 80
1 4 2 34 59 35
1 5 23 35 5 2 34
1 3 35 59 80
1 4 2 34 59 80
1 4 2 34 59 80
1 4 2 35 59 80
1 3 35 59 80
1 9 4 2 4 2 34 42 79 91 4
1 8 3 39 62 4 35 59 80 4
1 3 2 34 4
1 4 2 34 4 51
1 4 2 34 35 35
1 17 44 67 3 94 105 114 118 121 62 2 34 59 80 4 35 4 35
1 3 8 82 1
1 3 35 35 35
1 3 35 35 35
1 4 2 34 35 35
1 7 80 35 4 121 35 35 35
1 6 3 39 62 2 34 4
1 11 14 17 28 55 77 89 98 15 40 63 81
1 3 2 34 4
1 4 35 5 2 34
1 5 35 59 35 4 35
1 6 3 39 62 2 34 61
1 10 8 44 67 82 94 100 105 110 114 121
1 16 3 8 44 67 82 94 100 105 110 114 118 121 62 4 2 34
1 13 8 44 67 82 3 94 100 105 110 114 118 121 62
1 12 8 44 67 82 94 100 105 110 114 118 79 62
1 3 80 59 80
1 8 26 53 76 93 5 41 2 34
1 7 25 52 75 88 54 42 65
1 3 7 35 4
1 3 44 67 121
1 3 3 39 62
1 3 1 35 4
1 4 2 34 59 80
1 3 16 16 16
