441 120
1 3 1 35 35
1 13 2 35 63 3 4 37 42 66 5 4 37 65 86
1 8 86 5 42 72 37 66 42 66
1 6 4 37 65 86 65 86
1 6 4 37 65 86 65 86
1 8 6 43 4 37 65 86 65 86
1 6 4 37 65 86 65 86
1 9 2 35 63 4 37 65 86 65 86
1 8 4 37 65 86 65 86 65 86
1 8 4 37 65 86 65 86 65 86
1 3 4 37 3
1 5 7 44 4 37 67
1 4 8 4 37 3
1 3 4 37 3
1 6 2 36 64 4 37 68
1 4 63 4 37 68
1 4 4 37 65 86
1 3 4 37 69
1 6 2 35 63 4 37 70
1 13 9 45 75 89 96 100 105 109 112 114 72 37 63
1 15 9 45 75 89 96 100 105 109 112 114 116 63 4 37 37
1 14 9 45 75 89 96 100 105 109 112 114 119 63 4 37
1 4 4 37 65 86
1 4 4 37 65 86
1 10 10 11 12 46 13 7 76 44 4 37
1 6 4 37 65 86 65 86
1 6 4 37 65 86 65 86
1 6 4 37 65 86 65 86
1 6 4 37 65 86 65 86
1 6 4 37 65 86 65 86
1 20 9 45 75 89 96 105 109 112 114 63 3 53 86 65 86 3 4 48 4 37
1 8 4 37 65 86 65 86 65 86
1 6 4 37 65 86 65 86
1 8 4 37 65 86 65 86 65 86
1 7 3 4 37 5 42 72 37
1 4 4 37 65 86
1 4 4 37 65 86
1 4 4 37 65 86
1 5 14 49 4 37 67
1 4 4 37 65 86
1 4 8 4 37 3
1 3 3 4 37
1 3 4 37 69
1 4 4 37 65 86
1 4 4 37 65 86
1 3 4 65 86
1 4 4 37 65 86
1 3 68 37 65
1 3 3 4 37
1 3 4 37 37
1 3 4 37 37
1 3 4 37 3
1 3 4 37 3
1 3 3 4 37
1 3 4 65 86
1 5 75 96 105 110 38
1 6 75 96 105 112 116 38
1 11 9 45 75 105 110 35 116 38 63 38 38
1 7 13 47 76 4 38 4 37
1 3 15 10 7
1 3 12 46 76
1 14 45 89 112 115 118 119 63 38 116 38 42 3 4 37
1 6 16 75 96 101 110 38
1 9 45 75 90 96 105 113 109 38 116
1 13 17 75 96 102 105 113 112 114 117 38 38 38 38
1 10 18 19 35 116 64 116 38 68 4 37
1 5 75 96 105 18 116
1 12 9 45 75 59 105 110 113 35 116 38 38 38
1 3 38 38 38
1 3 4 65 86
1 9 8 116 37 42 72 42 72 37 3
1 7 75 90 96 105 110 113 109
1 6 20 52 42 72 37 5
1 6 20 52 42 72 38 73
1 6 20 52 42 72 38 73
1 6 20 52 42 72 38 73
1 6 20 52 42 72 38 73
1 6 20 52 42 72 38 73
1 6 20 52 42 72 38 73
1 6 20 52 42 72 38 73
1 6 20 52 42 73 4 37
1 6 20 52 42 73 4 37
1 4 45 90 100 112
1 3 19 19 38
1 5 20 52 42 73 4
1 5 20 52 42 73 4
1 3 1 35 35
1 7 3 3 4 37 65 86 3
1 6 22 4 37 68 4 37
1 9 2 35 63 69 4 37 69 4 37
1 4 4 37 65 86
1 5 14 49 4 37 67
1 4 14 67 4 37
1 3 8 4 37
1 4 8 4 37 3
1 5 23 4 37 3 3
1 6 5 42 42 73 4 37
1 6 5 42 42 73 4 37
1 6 5 42 42 73 4 37
1 5 2 35 63 4 37
1 4 2 35 37 63
1 7 2 35 63 5 42 42 73
1 5 2 35 63 4 37
1 6 5 42 42 73 4 37
1 6 5 42 42 73 4 37
1 6 5 42 42 73 4 37
1 6 5 42 42 73 4 37
1 10 3 116 37 3 4 37 65 86 65 86
1 8 4 37 65 86 65 86 65 86
1 8 4 37 65 86 65 86 65 86
1 8 4 37 65 86 65 86 65 86
1 8 4 37 65 86 65 86 65 86
1 11 3 4 37 3 4 37 3 4 37 65 86
1 8 4 37 65 86 65 86 65 86
1 8 4 37 65 86 65 86 65 86
1 8 4 37 65 86 65 86 65 86
1 10 3 116 37 3 4 37 65 86 65 86
1 14 3 4 37 3 49 4 37 65 86 3 4 37 65 86
1 4 19 4 37 3
1 4 2 19 35 63
1 3 19 19 19
1 5 14 49 67 4 38
1 3 2 35 63
1 5 2 35 63 4 37
1 3 2 35 63
1 5 2 35 63 4 37
1 10 4 38 4 37 53 65 4 37 65 86
1 13 3 4 38 3 4 37 65 86 65 4 37 65 86
1 10 4 38 4 37 53 65 4 37 65 86
1 10 4 38 4 37 53 65 4 37 65 86
1 11 4 38 4 37 65 4 37 43 6 4 37
1 12 4 65 4 38 37 65 53 65 4 37 65 86
1 6 2 35 63 4 38 3
1 4 38 4 38 68
1 4 24 4 37 3
1 8 4 37 49 4 37 3 4 37
1 4 4 37 65 86
1 8 4 37 65 86 65 38 4 37
1 8 4 37 65 86 65 38 4 37
1 10 4 37 65 86 65 86 65 86 65 86
1 4 4 37 65 86
1 8 4 38 73 4 37 3 4 37
1 4 4 38 4 37
1 6 4 38 3 3 4 37
1 6 3 4 37 65 86 3
1 3 1 1 1
1 3 14 14 49
1 4 14 49 4 37
1 3 19 4 37
1 14 49 4 37 65 86 35 5 4 37 65 86 53 39 35
1 5 35 35 65 86 35
1 7 4 37 65 86 65 86 49
1 6 4 37 65 86 65 86
1 6 4 37 65 86 65 86
1 11 4 37 49 4 37 65 86 65 86 65 86
1 6 4 37 65 86 65 86
1 6 4 37 65 86 65 86
1 6 4 37 65 86 65 86
1 12 49 4 37 49 4 37 65 86 65 86 65 86
1 6 4 37 65 86 65 86
1 3 4 37 49
1 4 5 25 4 37
1 3 1 35 35
1 3 4 37 67
1 4 19 4 37 3
1 3 4 37 68
1 3 4 37 69
1 4 24 4 37 3
1 11 3 116 37 5 42 72 37 65 86 65 86
1 11 3 4 37 5 42 72 37 65 86 65 86
1 10 4 37 5 42 72 37 65 86 65 86
1 14 3 4 48 5 42 3 48 4 37 65 86 65 86 3
1 10 4 37 5 42 72 37 65 86 65 86
1 8 5 42 72 37 65 86 65 86
1 4 8 4 37 3
1 4 26 42 73 3
1 10 5 42 69 4 37 65 86 65 86 69
1 10 5 42 3 4 37 65 86 65 86 3
1 9 5 42 67 4 37 65 4 37 67
1 10 4 37 5 42 72 37 65 86 65 86
1 11 4 65 86 5 42 72 37 65 86 65 86
1 10 4 37 5 42 72 37 65 86 65 86
1 10 5 42 68 4 37 65 86 65 86 68
1 13 3 4 37 5 42 3 4 37 65 86 65 86 3
1 8 5 42 72 37 65 86 65 86
1 14 9 45 75 89 96 100 105 109 112 114 72 37 3 63
1 12 27 28 57 56 82 83 94 58 42 53 66 5
1 6 4 37 65 86 65 86
1 6 4 37 65 86 65 86
1 4 4 37 65 86
1 4 4 37 65 86
1 6 4 37 65 86 65 86
1 8 4 37 65 86 65 86 65 86
1 6 4 37 65 86 65 86
1 7 35 65 86 65 86 65 86
1 4 4 37 65 86
1 6 45 96 35 65 86 3
1 14 9 45 75 89 96 100 105 109 112 114 72 37 3 63
1 12 29 14 50 79 92 97 103 107 49 78 91 69
1 14 9 45 75 89 96 100 105 109 112 114 72 37 3 63
1 14 9 45 75 89 96 100 105 109 112 114 72 37 3 63
1 3 38 38 38
1 13 30 10 11 12 46 77 13 7 76 44 67 4 37
1 12 9 45 75 89 96 105 109 112 114 72 3 63
1 11 45 75 89 96 100 105 109 112 114 3 63
1 14 9 45 75 89 96 100 105 109 112 114 72 37 3 63
1 14 9 45 75 89 96 100 105 109 112 114 72 37 3 63
1 12 9 45 75 89 96 105 109 112 114 72 3 63
1 6 45 96 35 65 86 3
1 12 16 51 80 93 98 104 108 111 118 119 120 70
1 11 45 75 96 105 109 112 114 72 37 3 63
1 5 31 59 18 36 68
1 8 10 12 13 7 76 67 4 37
1 4 11 30 46 77
1 4 4 37 65 86
1 4 4 37 65 86
1 4 4 37 65 86
1 4 4 37 65 86
1 16 9 45 75 89 96 100 105 109 112 114 37 3 63 116 4 37
1 4 4 37 65 86
1 16 9 45 75 89 96 100 105 109 112 114 37 3 63 116 4 37
1 4 4 37 65 86
1 3 4 65 4
1 3 1 35 35
1 25 4 40 71 88 3 4 38 3 4 37 38 3 4 37 38 3 4 37 65 86 3 37 65 38 3
1 5 8 38 4 38 3
1 4 24 4 37 3
1 3 8 38 3
1 5 23 38 3 4 37
1 9 38 69 4 37 69 38 4 38 3
1 11 14 49 38 70 4 37 70 37 65 38 3
1 4 14 70 4 37
1 13 38 68 4 37 38 68 4 37 68 38 4 38 3
1 13 3 4 37 3 4 37 65 86 3 37 65 38 3
1 28 53 65 86 65 40 25 38 3 4 3 4 37 25 38 73 4 37 25 38 73 48 4 37 5 37 65 38 3
1 9 14 49 67 4 37 67 4 38 38
1 20 4 40 71 88 4 40 38 4 37 65 86 38 4 37 38 4 37 65 38 38
1 17 4 40 71 88 4 38 4 37 38 4 37 38 4 37 65 38 38
1 19 4 40 71 88 4 38 4 39 4 37 38 4 37 38 4 37 65 86 38
1 20 4 40 71 88 4 40 38 4 37 65 86 38 4 37 38 4 37 65 38 38
1 22 4 40 71 88 4 40 38 38 4 37 65 86 65 38 4 37 38 4 37 65 38 38
1 9 38 4 37 38 4 37 65 86 38
1 20 4 40 71 88 4 40 38 4 37 65 86 38 4 37 38 4 37 65 38 38
1 20 4 40 71 88 4 40 38 4 37 65 86 38 4 37 38 4 37 65 38 38
1 5 4 37 68 4 37
1 6 14 49 4 37 65 86
1 4 4 37 65 86
1 4 4 37 65 86
1 4 4 37 65 86
1 4 4 65 4 37
1 3 32 4 37
1 13 9 45 75 89 2 96 100 105 109 112 114 116 63
1 3 89 2 35
1 11 89 2 35 25 48 25 37 3 4 37 66
1 6 3 4 37 3 4 37
1 6 89 2 35 65 38 68
1 7 89 2 35 68 4 37 37
1 3 89 2 35
1 4 4 37 65 86
1 4 4 37 65 86
1 6 21 54 54 81 4 37
1 3 21 65 86
1 4 4 37 65 86
1 3 21 65 86
1 3 4 37 21
1 3 4 37 21
1 3 4 37 21
1 3 4 37 21
1 3 4 37 21
1 4 4 37 65 86
1 4 4 37 65 86
1 4 4 39 4 40
1 3 4 37 21
1 5 14 19 49 4 37
1 6 4 37 65 86 65 86
1 16 32 61 32 62 85 95 99 21 33 43 74 6 4 37 65 86
1 7 86 37 65 4 37 65 86
1 4 4 37 65 86
1 4 49 49 4 37
1 9 34 34 34 34 34 34 34 34 49
1 4 4 37 65 86
1 3 86 1 37
1 13 9 45 75 89 96 100 105 109 112 114 72 37 63
1 4 4 37 65 86
1 3 1 35 35
1 6 14 49 42 72 39 67
1 5 49 49 49 49 49
1 4 49 4 37 3
1 3 4 65 86
1 4 4 37 65 86
1 3 4 65 86
1 6 4 37 65 86 65 86
1 4 4 37 65 86
1 4 8 4 37 3
1 5 45 112 4 37 68
1 7 42 72 37 42 72 38 73
1 6 42 72 37 5 4 37
1 9 5 42 42 72 37 42 72 38 73
1 5 45 96 112 4 37
1 4 42 73 4 37
1 4 4 37 42 73
1 6 2 35 63 4 37 69
1 8 2 35 63 42 73 4 37 68
1 5 3 3 4 65 86
1 8 2 35 63 4 37 65 86 3
1 10 45 75 89 96 105 109 112 114 116 63
1 4 75 89 109 116
1 3 45 96 112
1 3 45 96 112
1 4 4 37 65 86
1 7 33 43 6 4 37 65 86
1 4 86 65 4 37
1 4 4 37 65 86
1 7 2 35 63 4 37 65 86
1 10 9 45 75 89 96 100 105 109 112 116
1 12 9 45 75 89 96 100 105 109 112 114 116 63
1 4 45 96 112 49
1 5 96 100 112 49 63
1 6 96 100 112 49 63 35
1 3 1 63 35
1 3 96 112 49
1 3 1 63 35
1 3 96 112 49
1 6 96 100 112 49 63 35
1 4 28 58 63 35
1 12 9 45 75 89 96 100 105 109 112 114 116 63
1 12 9 45 75 89 96 100 105 109 112 114 116 63
1 4 96 112 1 63
1 6 96 112 1 116 63 35
1 5 96 100 112 63 35
1 5 96 112 1 63 35
1 5 96 100 112 63 35
1 6 96 100 112 49 63 35
1 3 2 35 63
1 12 9 45 75 89 96 100 105 109 112 114 116 63
1 3 23 4 37
1 14 9 45 75 89 96 100 105 109 112 114 116 37 3 63
1 15 9 45 75 89 2 96 100 105 109 112 114 116 63 4 37
1 5 28 57 83 53 86
1 3 53 65 86
1 6 2 63 4 37 65 86
1 3 89 96 112
1 3 4 65 86
1 6 89 2 35 63 4 37
1 5 35 35 35 35 35
1 5 45 116 3 4 37
1 5 45 116 3 4 37
1 3 32 4 37
1 3 14 4 37
1 3 14 48 3
1 6 14 4 37 65 4 65
1 5 14 4 37 65 4
1 15 21 65 86 53 65 87 37 65 4 65 4 37 65 86 53
1 14 4 65 86 37 65 4 37 65 4 37 65 4 65 4
1 25 21 65 86 53 86 65 38 4 65 86 53 65 86 65 4 37 37 65 4 65 4 65 86 53 65
1 10 21 65 4 53 65 53 65 4 37 37
1 7 3 116 4 37 65 4 55
1 28 21 65 86 65 86 65 53 86 40 71 53 86 65 86 53 65 86 65 86 65 4 41 4 65 53 65 86 65
1 3 4 65 4
1 22 21 65 86 65 86 65 39 4 53 65 4 65 4 53 86 65 4 37 65 4 65 4
1 15 4 65 53 65 4 65 53 86 65 86 53 86 65 53 86
1 23 21 88 4 37 37 65 4 87 4 65 4 38 53 86 65 53 65 86 65 53 65 4 65
1 21 21 65 86 65 4 53 65 86 65 4 65 53 86 65 86 65 4 37 65 4 65
1 11 21 55 4 65 86 65 4 65 4 65 4
1 4 4 65 86 53
1 7 14 49 38 70 4 65 4
1 3 14 4 65
1 14 21 65 86 53 40 71 53 65 86 65 4 65 87 4
1 15 87 4 37 65 53 65 86 65 4 37 65 86 65 4 53
1 22 21 53 65 86 65 86 65 53 65 39 4 65 4 37 65 86 65 4 65 4 65 4
1 11 21 55 53 65 86 65 38 4 37 65 4
1 6 3 4 65 4 53 65
1 26 21 88 4 65 87 53 65 4 65 4 65 86 65 4 65 86 65 4 25 38 73 48 48 53 65 87
1 9 21 65 4 65 4 37 65 4 65
1 5 3 4 65 4 53
1 25 21 53 39 4 65 87 4 37 65 86 65 4 37 53 53 86 65 4 65 41 4 65 4 65 86
1 11 21 53 65 4 65 4 65 53 65 4 65
1 23 21 53 86 65 86 65 4 65 86 65 86 53 65 4 37 53 65 4 53 86 65 4 65
1 14 4 65 86 53 53 65 4 65 86 65 86 65 86 65
1 25 21 65 86 40 71 4 65 4 37 65 86 65 53 65 86 65 4 65 4 40 71 4 37 65 4
1 13 21 55 53 65 53 65 4 37 65 53 65 86 65
1 6 4 65 4 65 53 65
1 9 21 65 86 65 4 65 53 65 4
1 5 4 65 40 71 53
1 23 21 65 86 65 86 65 86 65 4 37 53 86 65 4 65 86 37 65 4 53 65 4 40
1 10 21 53 65 4 37 65 4 65 86 53
1 29 21 65 40 37 65 4 53 86 65 4 65 86 65 39 4 65 86 53 65 86 65 4 37 65 4 65 86 65 4
1 10 21 65 86 65 4 65 4 65 4 53
1 10 116 3 4 49 49 4 87 4 49 37
1 9 21 53 65 4 37 65 86 65 86
1 6 4 65 86 65 4 55
1 23 21 88 4 65 86 65 4 37 65 87 4 65 53 86 37 53 86 65 4 65 4 65 4
1 12 21 65 53 65 4 39 37 65 4 53 65 53
1 25 21 65 4 37 3 4 37 65 86 65 4 37 53 86 65 4 37 65 86 65 4 37 65 4 65
1 19 4 37 37 65 53 65 4 38 4 53 86 53 65 4 37 37 37 53 65
1 6 14 49 38 67 67 38
1 5 14 49 67 4 37
1 6 8 24 3 4 37 38
1 5 14 49 70 4 37
1 3 4 41 37
1 10 2 35 63 37 65 86 65 38 3 38
1 3 2 35 63
1 5 4 37 65 86 38
1 4 2 35 63 38
1 7 2 4 38 68 4 37 68
1 4 4 39 68 35
1 8 2 2 105 35 63 4 37 3
1 4 4 37 65 86
1 3 4 38 37
1 8 2 35 116 3 4 37 65 86
1 4 4 37 65 86
1 4 4 37 65 38
1 5 25 38 73 4 37
1 3 38 4 37
1 4 4 37 65 86
1 4 4 38 4 37
1 3 38 4 37
1 9 3 4 3 4 37 42 72 37 3
1 8 2 35 63 3 38 4 37 3
1 3 4 37 3
1 4 4 37 3 55
1 3 9 89 1
1 3 38 38 38
1 7 86 38 3 116 38 38 38
1 6 2 35 63 4 37 3
1 11 17 31 60 84 59 101 106 18 36 117 64
1 3 4 37 3
1 4 38 73 4 37
1 5 38 4 38 3 38
1 6 2 35 63 4 37 68
1 10 9 45 75 89 96 100 105 109 112 116
1 16 2 9 45 75 89 96 100 105 109 112 114 116 63 3 4 37
1 13 9 45 75 89 2 96 100 105 109 112 114 116 63
1 12 9 45 75 89 96 100 105 109 112 114 72 63
1 8 28 57 83 53 5 48 4 37
1 7 27 56 82 94 58 42 66
1 3 8 38 3
1 3 45 75 116
1 3 2 35 63
1 3 1 38 3
1 3 19 19 19
