420 117
1 3 1 37 37
1 6 2 31 57 76 57 76
1 13 3 37 61 4 2 31 41 63 5 2 31 57 76
1 8 31 5 41 2 31 63 41 63
1 6 2 31 57 76 57 76
1 6 2 31 57 76 57 76
1 8 6 43 2 31 57 76 57 76
1 6 2 31 57 76 57 76
1 9 3 37 61 2 31 57 76 57 76
1 8 2 31 57 76 57 76 57 76
1 6 2 31 57 76 57 76
1 11 3 37 61 4 2 31 4 2 31 57 76
1 3 3 37 61
1 3 2 31 4
1 5 99 108 2 31 67
1 4 7 2 31 4
1 3 2 31 4
1 6 3 38 77 2 31 60
1 4 2 31 57 76
1 3 2 31 58
1 6 3 37 61 2 31 68
1 13 8 44 65 78 87 93 98 102 107 110 114 116 61
1 15 8 44 65 78 87 93 98 102 107 110 39 61 2 31 31
1 4 2 31 57 76
1 4 2 31 57 76
1 10 9 45 66 80 95 99 105 108 2 31
1 6 2 31 57 76 57 76
1 6 2 31 57 76 57 76
1 6 2 31 57 76 57 76
1 6 2 31 57 76 57 76
1 6 2 31 57 76 57 76
1 8 2 31 57 76 57 76 57 76
1 7 4 2 31 5 41 2 31
1 4 2 31 57 76
1 4 2 31 57 76
1 6 4 2 31 57 76 4
1 4 2 31 57 76
1 5 10 46 67 31 57
1 8 4 40 2 31 4 40 2 31
1 3 2 31 58
1 4 2 31 57 76
1 4 2 31 57 76
1 3 2 2 31
1 4 2 31 57 76
1 5 44 65 98 107 39
1 3 60 31 57
1 3 4 2 31
1 3 2 31 31
1 3 2 31 4
1 3 2 31 4
1 3 4 2 31
1 3 5 2 31
1 11 8 44 107 111 110 39 39 32 4 2 31
1 5 65 87 98 103 32
1 6 65 87 98 107 39 32
1 11 8 44 65 98 103 110 39 32 61 32 32
1 14 44 78 107 112 109 113 61 32 39 32 41 4 2 31
1 9 44 65 79 87 98 104 102 32 39
1 13 11 65 87 94 98 104 107 110 62 32 32 32 32
1 10 12 13 110 39 77 39 32 60 2 31
1 7 8 14 65 87 98 103 32
1 5 65 87 98 12 39
1 12 8 44 65 74 98 103 104 110 39 32 32 32
1 3 32 32 32
1 3 2 2 31
1 3 15 2 31
1 9 7 39 31 41 2 41 2 31 4
1 7 44 78 107 110 39 32 61
1 6 16 48 41 2 31 5
1 6 16 48 41 2 32 5
1 6 16 48 41 2 32 5
1 6 16 48 41 2 32 5
1 5 16 48 41 2 5
1 6 16 48 41 2 32 5
1 6 16 48 41 2 32 5
1 6 16 48 41 5 2 31
1 7 16 48 7 37 5 2 31
1 6 16 48 41 5 2 31
1 3 13 13 32
1 5 16 48 41 5 2
1 5 16 48 41 5 2
1 5 16 48 41 5 2
1 3 1 37 37
1 6 18 2 31 60 2 31
1 4 2 31 57 76
1 5 10 46 68 2 31
1 5 10 46 68 2 31
1 9 3 37 61 58 2 31 58 2 31
1 4 2 31 57 76
1 5 10 46 2 31 67
1 4 10 67 2 31
1 6 5 41 41 5 2 31
1 6 5 41 41 5 2 31
1 5 3 37 61 2 31
1 5 3 37 61 2 31
1 6 5 41 41 5 41 63
1 6 5 41 41 5 2 31
1 6 5 41 41 5 2 31
1 6 5 41 41 5 2 31
1 6 5 41 41 5 2 31
1 6 5 41 41 5 2 31
1 6 5 41 41 5 2 31
1 10 4 39 31 4 2 31 57 76 57 76
1 8 2 31 57 76 57 76 57 76
1 8 2 31 57 76 57 76 57 76
1 8 2 31 57 76 57 76 57 76
1 8 2 31 57 76 57 76 57 76
1 11 4 2 31 4 2 31 4 2 31 57 76
1 8 2 31 57 76 57 76 57 76
1 8 2 31 57 76 57 76 57 76
1 10 4 39 31 4 2 31 57 76 57 76
1 4 13 2 31 4
1 4 1 2 31 60
1 4 3 13 110 61
1 5 10 46 68 2 32
1 3 13 13 13
1 5 10 46 67 2 32
1 3 3 37 61
1 5 3 37 61 2 31
1 10 4 2 32 4 2 31 57 76 57 76
1 3 3 37 61
1 5 3 37 61 2 31
1 10 4 2 32 4 2 31 59 2 2 31
1 10 2 32 2 31 59 2 2 31 57 76
1 13 4 2 32 4 2 31 57 76 57 2 31 57 76
1 12 2 32 2 31 59 2 2 31 57 76 57 76
1 10 2 32 2 31 59 2 2 31 57 76
1 10 2 32 2 31 59 2 2 31 57 76
1 10 2 32 2 31 59 2 2 31 57 76
1 11 2 32 2 31 57 2 31 43 6 2 31
1 12 2 2 2 32 31 57 59 2 2 31 57 76
1 13 4 2 32 4 2 31 57 76 57 2 31 57 76
1 4 15 2 31 4
1 6 2 31 57 76 57 76
1 8 2 31 46 2 31 4 2 31
1 4 2 31 57 76
1 8 2 31 57 76 57 32 2 31
1 8 2 31 57 76 57 32 2 31
1 10 2 31 57 76 57 76 57 76 57 76
1 4 2 31 57 76
1 4 2 31 57 76
1 8 2 32 5 2 31 4 2 31
1 6 4 2 31 57 76 4
1 3 1 1 1
1 3 10 10 46
1 4 10 46 2 31
1 5 37 37 2 31 37
1 6 2 31 57 76 57 76
1 6 2 31 57 76 57 76
1 11 2 31 46 2 31 57 76 57 76 57 76
1 6 2 31 57 76 57 76
1 6 2 31 57 76 57 76
1 6 2 31 57 76 57 76
1 12 46 2 31 46 2 31 57 76 57 76 57 76
1 6 2 31 57 76 57 76
1 3 2 31 46
1 4 5 42 2 31
1 3 1 37 37
1 3 2 31 4
1 3 2 31 67
1 3 2 31 58
1 4 15 2 31 4
1 8 5 41 4 2 31 57 76 4
1 11 4 39 31 5 41 2 31 57 76 57 76
1 11 4 2 31 5 41 2 31 57 76 57 76
1 14 4 2 40 5 41 4 40 2 31 57 76 57 76 4
1 10 2 31 5 41 2 31 57 76 57 76
1 10 2 31 5 41 2 31 57 76 57 76
1 4 7 2 31 4
1 5 15 2 31 57 76
1 4 19 41 5 4
1 10 5 41 58 2 31 57 76 57 76 58
1 9 5 41 67 2 31 57 2 31 67
1 10 2 31 5 41 2 31 57 76 57 76
1 10 2 31 5 41 2 31 57 76 57 76
1 11 2 2 31 5 41 2 31 57 76 57 76
1 10 5 41 60 2 31 57 76 57 76 60
1 8 5 41 2 31 57 76 57 76
1 14 8 44 65 78 87 93 98 102 107 110 114 116 117 61
1 14 8 44 65 78 87 93 98 102 107 110 114 116 117 61
1 12 20 21 51 50 71 72 83 52 41 59 63 5
1 6 2 31 57 76 57 76
1 6 2 31 57 76 57 76
1 8 2 31 57 76 57 76 57 76
1 4 2 31 57 76
1 4 2 31 57 76
1 6 2 31 57 76 57 76
1 8 2 31 57 76 57 76 57 76
1 6 2 31 57 76 57 76
1 7 37 2 31 57 76 57 76
1 4 2 31 57 76
1 6 44 87 37 2 31 4
1 12 22 53 73 84 90 97 101 106 109 113 115 68
1 14 8 44 65 78 87 93 98 102 107 110 114 116 117 61
1 14 8 44 65 78 87 93 98 102 107 110 114 116 117 61
1 12 23 10 47 70 82 89 96 100 46 69 81 58
1 14 8 44 65 78 87 93 98 102 107 110 114 116 117 61
1 11 14 24 54 74 85 91 12 38 62 77 60
1 3 32 32 32
1 13 25 9 45 66 80 88 95 99 105 108 67 2 31
1 14 8 44 65 78 87 93 98 102 107 110 114 116 117 61
1 11 44 65 78 87 93 98 102 107 110 117 61
1 14 8 44 65 78 87 93 98 102 107 110 114 116 117 61
1 12 8 44 65 78 87 98 102 107 110 114 117 61
1 6 44 87 37 2 31 4
1 12 22 53 73 84 90 97 101 106 109 113 115 68
1 11 44 65 87 98 102 107 110 114 116 117 61
1 5 14 74 12 38 60
1 5 24 54 85 91 77
1 8 9 66 95 99 105 67 2 31
1 4 45 25 80 88
1 4 2 31 57 76
1 4 2 31 57 76
1 4 2 31 57 76
1 16 8 44 65 78 87 93 98 102 107 110 116 117 61 39 2 31
1 4 2 31 57 76
1 16 8 44 65 78 87 93 98 102 107 110 116 117 61 39 2 31
1 4 2 31 57 76
1 3 2 2 2
1 3 1 37 37
1 25 2 33 2 31 4 2 32 4 2 31 32 4 2 31 32 4 2 31 57 76 4 31 57 32 4
1 5 7 32 2 32 4
1 3 7 32 4
1 5 26 32 4 2 31
1 9 32 58 2 31 58 32 2 32 4
1 11 10 46 32 68 2 31 68 31 57 32 4
1 4 10 68 2 31
1 13 32 60 2 31 32 60 2 31 60 32 2 32 4
1 28 59 2 31 57 33 42 32 4 2 4 2 31 42 32 5 2 31 42 32 5 40 2 31 5 31 57 32 4
1 9 10 46 67 2 31 67 2 32 32
1 5 10 46 67 2 31
1 19 2 33 2 31 57 32 2 31 57 76 32 2 31 32 2 31 57 76 32
1 17 2 33 2 31 57 32 2 31 32 2 31 32 2 31 57 32 32
1 19 2 33 2 31 57 32 2 34 2 31 32 2 31 32 2 31 57 76 32
1 22 2 33 2 31 57 33 32 32 2 31 57 76 57 32 2 31 32 2 31 57 32 32
1 9 32 2 31 32 2 31 57 32 32
1 9 32 2 31 32 2 31 57 76 32
1 20 2 33 2 31 57 33 32 2 31 57 76 32 2 31 32 2 31 57 32 32
1 20 2 33 2 31 57 33 32 2 31 57 76 32 2 31 32 2 31 57 32 32
1 5 2 31 60 2 31
1 6 10 46 2 31 57 76
1 4 27 46 46 46
1 4 2 31 57 76
1 6 4 2 31 57 76 4
1 4 2 2 2 31
1 3 28 2 31
1 13 8 44 65 78 3 87 93 98 102 107 110 39 61
1 6 78 3 37 2 32 4
1 11 78 3 37 42 40 42 31 4 2 31 63
1 6 4 2 31 4 2 31
1 6 78 3 37 2 32 60
1 7 78 3 37 60 2 31 31
1 3 78 3 37
1 4 2 31 57 76
1 4 2 31 57 76
1 3 17 2 31
1 5 78 3 37 2 31
1 3 2 31 17
1 3 2 31 17
1 3 2 31 17
1 3 2 31 17
1 4 2 31 57 76
1 4 2 31 57 76
1 3 2 31 17
1 5 10 13 46 2 31
1 3 27 27 27
1 6 2 31 57 76 57 76
1 6 2 31 57 76 57 76
1 16 28 55 28 56 75 86 92 17 29 43 64 6 2 31 57 76
1 8 2 2 2 31 57 76 57 32
1 7 31 31 57 2 31 57 76
1 4 2 31 57 76
1 4 46 46 2 31
1 5 15 31 57 2 31
1 13 44 65 78 87 93 98 102 107 110 61 31 4 2
1 9 30 30 30 30 30 30 30 30 46
1 4 2 31 57 76
1 3 31 1 31
1 4 2 31 57 76
1 3 1 37 37
1 5 41 41 5 2 31
1 6 10 46 41 2 34 67
1 5 46 46 46 46 46
1 3 2 2 31
1 4 2 31 57 76
1 3 2 2 31
1 6 2 31 57 76 57 76
1 4 2 31 57 76
1 5 2 31 57 76 4
1 4 7 2 31 4
1 7 41 2 31 41 2 32 5
1 6 41 2 31 5 2 31
1 9 5 41 41 2 31 41 2 32 5
1 7 41 41 5 2 31 57 76
1 6 3 37 61 2 31 58
1 8 3 37 61 41 5 2 31 60
1 12 8 44 65 78 87 93 98 102 107 110 39 61
1 5 4 4 2 2 31
1 8 3 37 61 2 31 57 76 4
1 4 65 78 102 39
1 3 44 87 107
1 4 2 31 57 76
1 4 2 31 57 76
1 7 29 43 6 2 31 57 76
1 4 31 57 2 31
1 4 2 31 57 76
1 12 8 44 65 78 87 93 98 102 107 110 39 61
1 4 44 87 107 46
1 6 87 93 107 46 61 37
1 6 87 107 1 46 61 37
1 3 1 61 37
1 3 87 107 46
1 4 21 52 61 37
1 4 44 87 107 46
1 4 87 107 1 61
1 6 87 107 1 39 61 37
1 5 87 107 1 61 37
1 5 87 93 107 61 37
1 6 87 93 107 46 61 37
1 3 26 2 31
1 10 25 9 45 66 80 88 95 99 105 108
1 15 8 44 65 78 3 87 93 98 102 107 110 39 61 2 31
1 8 2 31 57 76 57 76 57 76
1 6 3 61 2 31 57 76
1 3 78 87 107
1 3 2 2 31
1 6 78 3 37 61 2 31
1 5 37 37 37 37 37
1 3 21 2 31
1 3 2 31 21
1 5 44 39 4 2 31
1 5 44 39 4 2 31
1 3 4 2 34
1 3 2 2 31
1 3 10 2 31
1 3 1 37 37
1 6 10 2 31 57 2 2
1 5 10 2 31 57 2
1 15 17 2 31 59 2 35 31 57 2 2 2 31 57 76 59
1 14 2 2 31 31 57 2 31 57 2 31 57 2 2 2
1 25 17 2 31 59 31 57 32 2 2 31 59 2 31 57 2 31 31 57 2 2 2 2 31 59 2
1 10 17 2 2 59 2 59 2 2 31 31
1 7 4 39 2 31 57 2 49
1 28 17 2 31 57 76 57 59 31 33 2 59 31 57 76 59 2 31 57 76 57 2 36 2 2 59 2 31 57
1 14 2 2 31 32 2 2 31 31 57 2 2 2 2 31
1 22 17 2 31 57 76 57 34 2 59 2 2 2 2 59 31 57 2 31 57 2 2 2
1 15 2 2 59 2 2 2 59 31 57 76 59 31 57 59 31
1 23 17 31 57 76 31 57 2 35 2 2 2 32 59 31 57 59 2 31 57 59 2 2 2
1 15 2 2 2 2 2 2 59 2 31 57 34 2 31 59 2
1 11 17 49 2 2 31 57 2 2 2 2 2
1 3 10 2 2
1 14 17 2 31 59 33 2 59 2 31 57 2 2 35 2
1 15 35 2 31 57 59 2 31 57 2 31 57 76 57 2 59
1 22 17 59 2 31 57 76 57 59 2 34 2 2 2 31 57 76 57 2 2 2 2 2
1 11 17 49 59 2 31 57 32 2 31 57 2
1 6 4 2 2 2 59 2
1 26 17 31 57 2 35 59 2 2 2 2 2 31 57 2 2 31 57 2 42 32 5 40 40 59 2 35
1 9 17 2 2 2 2 31 57 2 2
1 5 4 2 2 2 59
1 11 17 59 2 2 2 2 2 59 2 2 2
1 5 31 57 2 2 49
1 25 17 2 31 33 2 2 2 2 31 57 76 57 59 2 31 57 2 2 2 33 2 2 31 57 2
1 13 17 49 59 2 59 2 2 31 57 59 2 31 57
1 23 17 59 2 31 59 2 31 57 59 31 57 76 57 2 31 57 76 57 59 2 32 2 32
1 10 17 59 2 2 31 57 2 2 31 59
1 7 31 57 2 2 31 59 49
1 29 17 2 33 31 57 2 59 31 57 2 2 31 57 34 2 2 31 59 2 31 57 2 31 57 2 2 31 57 2
1 10 17 2 31 57 2 2 2 2 2 59
1 10 39 4 2 46 46 2 35 2 46 31
1 20 17 2 31 57 2 59 2 2 2 59 59 31 35 2 36 2 31 57 2 2
1 9 17 59 2 2 31 57 76 57 76
1 12 17 2 59 2 2 34 31 57 2 59 2 59
1 4 2 2 59 2
1 25 17 2 2 31 4 2 31 57 76 57 2 31 59 31 57 2 31 57 76 57 2 31 57 2 2
1 19 2 31 31 57 59 2 2 32 2 59 31 59 2 2 31 31 31 59 2
1 5 10 46 67 2 31
1 5 3 98 37 61 32
1 5 10 46 68 2 31
1 3 2 36 31
1 10 3 37 61 31 57 76 57 32 4 32
1 3 3 37 61
1 7 3 2 32 60 2 31 60
1 4 2 34 60 37
1 4 2 31 57 76
1 8 3 3 98 37 61 2 31 4
1 4 3 3 98 37
1 4 2 31 4 46
1 3 2 32 31
1 4 2 31 57 76
1 4 2 31 57 32
1 3 32 2 31
1 4 2 31 57 76
1 4 2 31 57 76
1 4 2 32 2 31
1 8 3 37 61 4 32 2 31 4
1 3 2 31 4
1 4 2 31 4 49
1 4 2 31 32 32
1 17 44 65 3 87 98 107 110 39 61 2 31 57 76 4 32 4 32
1 3 32 32 32
1 4 2 31 32 32
1 7 31 32 4 39 32 32 32
1 11 11 14 24 54 74 85 91 12 38 62 77
1 3 2 31 4
1 4 32 5 2 31
1 5 32 2 32 4 32
1 6 3 37 61 2 31 60
1 10 8 44 65 78 87 93 98 102 107 39
1 16 3 8 44 65 78 87 93 98 102 107 110 39 61 4 2 31
1 13 8 44 65 78 3 87 93 98 102 107 110 39 61
1 12 8 44 65 78 87 93 98 102 107 110 114 61
1 3 31 57 76
1 8 21 51 72 59 5 40 2 31
1 7 20 50 71 83 52 41 63
1 3 7 32 4
1 3 44 65 39
1 3 3 37 61
1 3 1 32 4
1 4 2 31 57 76
1 3 13 13 13
