439 120
1 3 1 36 36
1 6 2 31 54 75 54 75
1 13 3 36 58 4 2 31 39 62 5 2 31 54 75
1 8 31 5 39 60 31 62 39 62
1 6 2 31 54 75 54 75
1 8 6 40 2 31 54 75 54 75
1 8 2 31 54 75 54 75 54 75
1 8 2 31 54 75 54 75 54 75
1 6 2 31 54 75 54 75
1 11 3 36 58 4 2 31 4 2 31 54 75
1 3 3 36 58
1 3 2 31 4
1 5 106 115 2 31 65
1 4 7 2 31 4
1 6 3 37 76 2 31 55
1 4 58 2 31 55
1 4 2 31 54 75
1 3 2 31 56
1 14 8 41 64 77 87 93 99 103 108 112 114 58 2 31
1 4 2 31 54 75
1 4 2 31 54 75
1 4 2 31 54 75
1 6 2 31 54 75 54 75
1 6 2 31 54 75 54 75
1 6 2 31 54 75 54 75
1 6 2 31 54 75 54 75
1 6 2 31 54 75 54 75
1 20 8 41 64 77 87 99 103 108 112 58 4 57 31 54 75 4 2 38 2 31
1 8 2 31 54 75 54 75 54 75
1 6 2 31 54 75 54 75
1 8 2 31 54 75 54 75 54 75
1 7 4 2 31 5 39 60 31
1 6 4 2 31 54 75 4
1 4 2 31 54 75
1 4 2 31 54 75
1 5 9 42 2 31 65
1 5 9 42 65 31 54
1 4 2 31 54 75
1 8 4 38 2 31 4 38 2 31
1 4 7 2 31 4
1 3 4 2 31
1 3 2 31 56
1 4 2 31 54 75
1 4 2 31 54 75
1 4 2 31 54 75
1 5 41 64 99 108 117
1 3 4 2 31
1 3 2 31 31
1 3 2 31 4
1 3 4 2 31
1 3 5 2 31
1 3 2 2 31
1 11 8 41 108 113 36 117 117 32 4 2 31
1 6 64 87 99 108 117 32
1 11 8 41 64 99 104 36 117 32 58 32 32
1 7 102 107 111 2 32 2 31
1 3 10 50 106
1 3 85 91 111
1 6 11 64 87 84 104 32
1 9 41 64 78 87 99 109 103 32 117
1 13 12 64 87 94 99 109 108 112 59 32 32 32 32
1 7 8 13 64 87 99 104 32
1 5 64 87 99 97 117
1 12 8 41 64 72 99 104 109 36 117 32 32 32
1 3 32 32 32
1 3 14 2 31
1 9 7 117 31 39 60 39 60 31 4
1 7 41 77 108 112 117 32 58
1 7 64 78 87 99 104 109 103
1 6 15 45 39 60 32 5
1 6 15 45 39 60 32 5
1 6 15 45 39 60 32 5
1 6 15 45 39 60 32 5
1 6 15 45 39 60 32 5
1 6 15 45 39 60 32 5
1 5 15 45 39 60 5
1 6 15 45 39 60 32 5
1 6 15 45 39 60 32 5
1 6 15 45 39 5 2 31
1 6 15 45 39 5 2 31
1 7 15 45 7 36 5 2 31
1 4 41 78 93 108
1 6 15 45 39 5 2 31
1 5 15 45 39 5 2
1 5 15 45 39 5 2
1 5 15 45 39 5 2
1 3 1 36 36
1 7 4 4 2 31 54 75 4
1 6 17 2 31 55 2 31
1 4 2 31 54 75
1 5 9 42 66 2 31
1 5 9 42 66 2 31
1 9 3 36 58 56 2 31 56 2 31
1 4 2 31 54 75
1 4 9 65 2 31
1 3 7 2 31
1 4 7 2 31 4
1 5 18 2 31 4 4
1 6 5 39 61 5 2 31
1 6 5 39 61 5 2 31
1 5 3 36 58 2 31
1 4 3 36 119 58
1 7 3 36 58 5 39 61 5
1 6 5 39 61 5 39 62
1 6 5 39 61 5 2 31
1 6 5 39 61 5 2 31
1 6 5 39 61 5 2 31
1 6 5 39 61 5 2 31
1 6 5 39 61 5 2 31
1 6 5 39 61 5 2 31
1 8 2 31 54 75 54 75 54 75
1 8 2 31 54 75 54 75 54 75
1 11 4 2 31 4 2 31 4 2 31 54 75
1 8 2 31 54 75 54 75 54 75
1 8 2 31 54 75 54 75 54 75
1 8 2 31 54 75 54 75 54 75
1 10 4 117 31 4 2 31 54 75 54 75
1 14 4 2 31 4 42 2 31 54 75 4 2 31 54 75
1 4 19 2 31 4
1 4 1 2 31 55
1 4 3 19 36 58
1 5 9 42 66 2 32
1 3 19 19 19
1 5 9 42 65 2 32
1 3 3 36 58
1 5 3 36 58 2 31
1 10 4 2 32 4 2 31 54 75 54 75
1 5 3 36 58 2 31
1 10 4 2 32 4 2 31 57 2 2 31
1 13 4 2 32 4 2 31 54 75 54 2 31 54 75
1 12 2 32 2 31 57 2 2 31 54 75 54 75
1 10 2 32 2 31 57 2 2 31 54 75
1 10 2 32 2 31 57 2 2 31 54 75
1 10 2 32 2 31 57 2 2 31 54 75
1 12 2 2 2 32 31 54 57 2 2 31 54 75
1 13 4 2 32 4 2 31 54 75 54 2 31 54 75
1 6 3 36 58 2 32 4
1 4 32 2 32 55
1 4 14 2 31 4
1 6 2 31 54 75 54 75
1 8 2 31 42 2 31 4 2 31
1 4 2 31 54 75
1 8 2 31 54 75 54 32 2 31
1 8 2 31 54 75 54 32 2 31
1 10 2 31 54 75 54 75 54 75 54 75
1 4 2 31 54 75
1 4 2 31 54 75
1 8 2 32 5 2 31 4 2 31
1 4 2 32 2 31
1 6 2 32 4 4 2 31
1 6 4 2 31 54 75 4
1 3 1 1 1
1 4 9 42 2 31
1 3 19 2 31
1 14 42 2 31 54 75 36 5 2 31 54 75 57 33 36
1 7 2 31 54 75 54 75 42
1 6 2 31 54 75 54 75
1 6 2 31 54 75 54 75
1 6 2 31 54 75 54 75
1 6 2 31 54 75 54 75
1 3 2 31 42
1 4 5 20 2 31
1 3 1 36 36
1 3 2 31 4
1 3 2 31 65
1 4 19 2 31 4
1 3 2 31 55
1 3 2 31 56
1 8 5 39 4 2 31 54 75 4
1 11 4 117 31 5 39 60 31 54 75 54 75
1 11 4 2 31 5 39 60 31 54 75 54 75
1 10 2 31 5 39 60 31 54 75 54 75
1 14 4 2 38 5 39 4 38 2 31 54 75 54 75 4
1 10 2 31 5 39 60 31 54 75 54 75
1 10 2 31 5 39 60 31 54 75 54 75
1 8 5 39 60 31 54 75 54 75
1 4 7 2 31 4
1 5 14 2 31 54 75
1 4 21 39 5 4
1 10 5 39 56 2 31 54 75 54 75 56
1 10 5 39 4 2 31 54 75 54 75 4
1 10 2 31 5 39 60 31 54 75 54 75
1 10 2 31 5 39 60 31 54 75 54 75
1 10 2 31 5 39 60 31 54 75 54 75
1 10 5 39 55 2 31 54 75 54 75 55
1 13 4 2 31 5 39 4 2 31 54 75 54 75 4
1 8 5 39 60 31 54 75 54 75
1 14 8 41 64 77 87 93 99 103 108 112 116 119 120 58
1 14 8 41 64 77 87 93 99 103 108 112 116 119 120 58
1 12 22 23 47 70 82 71 83 48 39 57 62 5
1 6 2 31 54 75 54 75
1 6 2 31 54 75 54 75
1 8 2 31 54 75 54 75 54 75
1 4 2 31 54 75
1 4 2 31 54 75
1 6 2 31 54 75 54 75
1 8 2 31 54 75 54 75 54 75
1 7 36 2 31 54 75 54 75
1 6 41 87 36 2 31 4
1 12 11 44 69 81 89 96 101 105 110 114 118 66
1 14 8 41 64 77 87 93 99 103 108 112 116 119 120 58
1 14 8 41 64 77 87 93 99 103 108 112 116 119 120 58
1 12 24 9 43 68 80 88 95 100 42 67 79 56
1 14 8 41 64 77 87 93 99 103 108 112 116 119 120 58
1 11 13 25 49 72 84 90 97 37 59 76 55
1 3 32 32 32
1 13 26 50 73 85 91 98 102 106 111 115 65 2 31
1 14 8 41 64 77 87 93 99 103 108 112 116 119 120 58
1 12 8 41 64 77 87 99 103 108 112 116 4 58
1 14 8 41 64 77 87 93 99 103 108 112 116 119 120 58
1 14 8 41 64 77 87 93 99 103 108 112 116 119 120 58
1 6 41 87 36 2 31 4
1 11 41 64 87 99 103 108 112 116 119 120 58
1 5 25 49 84 90 76
1 8 50 85 102 106 111 65 2 31
1 4 73 26 91 98
1 4 2 31 54 75
1 4 2 31 54 75
1 4 2 31 54 75
1 4 2 31 54 75
1 4 2 31 54 75
1 16 8 41 64 77 87 93 99 103 108 112 31 4 58 117 2 31
1 4 2 31 54 75
1 16 8 41 64 77 87 93 99 103 108 112 31 4 58 117 2 31
1 4 2 31 54 75
1 3 2 2 2
1 3 1 36 36
1 5 7 32 2 32 4
1 4 14 2 31 4
1 5 18 32 4 2 31
1 9 32 56 2 31 56 32 2 32 4
1 11 9 42 32 66 2 31 66 31 54 32 4
1 4 9 66 2 31
1 13 32 55 2 31 32 55 2 31 55 32 2 32 4
1 13 4 2 31 4 2 31 54 75 4 31 54 32 4
1 9 9 42 65 2 31 65 2 32 32
1 5 9 42 65 2 31
1 19 2 34 2 31 54 32 2 31 54 75 32 2 31 32 2 31 54 75 32
1 20 2 34 2 31 54 34 32 2 31 54 75 32 2 31 32 2 31 54 32 32
1 20 2 34 2 31 54 34 32 2 31 54 75 32 2 31 32 2 31 54 32 32
1 9 32 2 31 32 2 31 54 32 32
1 20 2 34 2 31 54 34 32 2 31 54 75 32 2 31 32 2 31 54 32 32
1 5 2 31 55 2 31
1 6 9 42 2 31 54 75
1 4 27 42 42 42
1 4 2 31 54 75
1 4 2 31 54 75
1 6 4 2 31 54 75 4
1 4 2 31 54 75
1 4 2 2 2 31
1 3 28 2 31
1 13 8 41 64 77 3 87 93 99 103 108 112 117 58
1 6 77 3 36 2 32 4
1 3 77 3 36
1 11 77 3 36 20 38 20 31 4 2 31 62
1 6 4 2 31 4 2 31
1 3 77 3 36
1 4 2 31 54 75
1 4 2 31 54 75
1 6 16 27 27 51 2 31
1 3 16 2 31
1 4 2 31 54 75
1 3 16 2 31
1 5 77 3 36 2 31
1 3 2 31 16
1 3 2 31 16
1 3 2 31 16
1 3 2 31 16
1 4 2 31 54 75
1 4 2 31 54 75
1 4 2 33 2 34
1 3 27 27 27
1 6 2 31 54 75 54 75
1 6 2 31 54 75 54 75
1 16 28 52 28 53 74 86 92 16 29 40 63 6 2 31 54 75
1 8 2 2 2 31 54 75 54 32
1 7 31 31 54 2 31 54 75
1 4 2 31 54 75
1 5 14 31 54 2 31
1 13 41 64 77 87 93 99 103 108 112 58 31 4 2
1 4 2 31 54 75
1 3 31 1 31
1 13 8 41 64 77 87 93 99 103 108 112 116 119 58
1 3 1 36 36
1 5 39 61 5 2 31
1 6 9 42 39 60 33 65
1 5 42 42 42 42 42
1 4 42 2 31 4
1 4 2 31 54 75
1 3 2 2 31
1 6 2 31 54 75 54 75
1 4 2 31 54 75
1 5 2 31 54 75 4
1 4 7 2 31 4
1 5 41 108 2 31 55
1 7 39 60 31 39 60 32 5
1 6 39 60 31 5 2 31
1 7 39 61 5 2 31 54 75
1 5 41 87 108 2 31
1 4 39 5 2 31
1 4 2 31 39 5
1 8 3 36 58 39 5 2 31 55
1 12 8 41 64 77 87 93 99 103 108 112 117 58
1 5 4 4 2 2 31
1 8 3 36 58 2 31 54 75 4
1 10 41 64 77 87 99 103 108 112 117 58
1 3 41 87 108
1 3 41 87 108
1 4 2 31 54 75
1 7 29 40 6 2 31 54 75
1 4 2 31 54 75
1 7 3 36 58 2 31 54 75
1 10 8 41 64 77 87 93 99 103 108 117
1 12 8 41 64 77 87 93 99 103 108 112 117 58
1 4 41 87 108 42
1 5 87 93 108 42 58
1 6 87 93 108 42 58 36
1 6 87 108 1 42 58 36
1 3 1 58 36
1 3 87 108 42
1 3 1 58 36
1 6 87 93 108 42 58 36
1 4 23 48 58 36
1 12 8 41 64 77 87 93 99 103 108 112 117 58
1 12 8 41 64 77 87 93 99 103 108 112 117 58
1 4 41 87 108 42
1 4 87 108 1 58
1 6 87 108 1 117 58 36
1 5 87 93 108 58 36
1 5 87 108 1 58 36
1 6 87 93 108 42 58 36
1 3 3 36 58
1 12 8 41 64 77 87 93 99 103 108 112 117 58
1 3 18 2 31
1 14 8 41 64 77 87 93 99 103 108 112 117 31 4 58
1 10 26 50 73 85 91 98 102 106 111 115
1 15 8 41 64 77 3 87 93 99 103 108 112 117 58 2 31
1 5 23 47 71 57 31
1 8 2 31 54 75 54 75 54 75
1 3 57 2 31
1 6 3 58 2 31 54 75
1 3 2 2 31
1 6 77 3 36 58 2 31
1 5 36 36 36 36 36
1 3 23 2 31
1 3 2 31 23
1 5 41 117 4 2 31
1 5 41 117 4 2 31
1 3 28 2 31
1 3 4 2 33
1 3 2 2 31
1 3 9 38 4
1 3 1 36 36
1 6 9 2 31 54 2 2
1 5 9 2 31 54 2
1 14 2 2 31 31 54 2 31 54 2 31 54 2 2 2
1 25 16 2 31 57 31 54 32 2 2 31 57 2 31 54 2 31 31 54 2 2 2 2 31 57 2
1 10 16 2 2 57 2 57 2 2 31 31
1 14 2 2 31 32 2 2 31 31 54 2 2 2 2 31
1 3 2 2 2
1 15 2 2 57 2 2 2 57 31 54 75 57 31 54 57 31
1 23 16 31 54 75 31 54 2 30 2 2 2 32 57 31 54 57 2 31 54 57 2 2 2
1 15 2 2 2 2 2 2 57 2 31 54 33 2 31 57 2
1 21 16 2 31 54 2 57 2 31 54 2 2 57 31 54 75 54 2 31 54 2 2
1 11 16 46 2 2 31 54 2 2 2 2 2
1 4 2 2 31 57
1 7 9 42 32 66 2 2 2
1 3 9 2 2
1 14 16 2 31 57 34 2 57 2 31 54 2 2 30 2
1 15 30 2 31 54 57 2 31 54 2 31 54 75 54 2 57
1 11 16 46 57 2 31 54 32 2 31 54 2
1 26 16 31 54 2 30 57 2 2 2 2 2 31 54 2 2 31 54 2 20 32 5 38 38 57 2 30
1 25 16 57 33 2 2 30 2 31 54 75 54 2 31 57 57 31 54 2 2 35 2 2 2 2 31
1 11 16 57 2 2 2 2 2 57 2 2 2
1 5 31 54 2 2 46
1 23 16 57 31 54 75 54 2 2 31 54 75 57 2 2 31 57 2 2 57 31 54 2 2
1 14 2 2 31 57 57 2 2 2 31 54 75 54 75 54
1 6 2 2 2 2 57 2
1 23 16 57 2 31 57 2 31 54 57 31 54 75 54 2 31 54 75 54 57 2 32 2 32
1 9 16 2 31 54 2 2 57 2 2
1 5 2 2 34 2 57
1 23 16 2 31 54 75 54 75 54 2 31 57 31 54 2 2 31 31 54 2 57 2 2 34
1 10 16 57 2 2 31 54 2 2 31 57
1 7 31 54 2 2 31 57 46
1 29 16 2 34 31 54 2 57 31 54 2 2 31 54 33 2 2 31 57 2 31 54 2 31 54 2 2 31 54 2
1 10 16 2 31 54 2 2 2 2 2 57
1 10 117 4 2 42 42 2 30 2 42 31
1 20 16 2 31 54 2 57 2 2 2 57 57 31 30 2 35 2 31 54 2 2
1 6 2 2 31 54 2 46
1 23 16 31 54 2 31 54 2 31 54 30 2 2 57 31 31 57 31 54 2 2 2 2 2
1 12 16 2 57 2 2 33 31 54 2 57 2 57
1 4 2 2 57 2
1 6 9 42 32 65 65 32
1 6 7 14 4 2 31 32
1 5 3 99 36 58 32
1 5 9 42 66 2 31
1 3 2 35 31
1 10 3 36 58 31 54 75 54 32 4 32
1 3 3 36 58
1 5 2 31 54 75 32
1 4 3 36 58 32
1 7 3 2 32 55 2 31 55
1 4 2 33 55 36
1 4 2 31 54 75
1 8 3 3 99 36 58 2 31 4
1 4 3 3 99 36
1 4 2 31 4 42
1 4 2 31 54 75
1 3 2 32 31
1 8 3 36 117 4 2 31 54 75
1 4 2 31 54 75
1 5 20 32 5 2 31
1 3 32 2 31
1 4 2 31 54 75
1 4 2 32 2 31
1 3 32 2 31
1 9 4 2 4 2 31 39 60 31 4
1 3 2 31 4
1 4 2 31 4 46
1 4 2 31 32 32
1 17 41 64 3 87 99 108 112 117 58 2 31 54 75 4 32 4 32
1 3 8 77 1
1 3 32 32 32
1 3 32 32 32
1 4 2 31 32 32
1 7 31 32 4 117 32 32 32
1 6 3 36 58 2 31 4
1 11 12 13 25 49 72 84 90 97 37 59 76
1 3 2 31 4
1 4 32 5 2 31
1 6 3 36 58 2 31 55
1 10 8 41 64 77 87 93 99 103 108 117
1 3 31 54 75
1 8 23 47 71 57 5 38 2 31
1 3 41 64 117
1 3 3 36 58
1 3 1 32 4
1 4 2 31 54 75
1 3 19 19 19
