438 117
1 3 1 38 38
1 6 2 34 60 81 60 81
1 13 3 38 63 4 2 34 41 65 5 2 34 60 81
1 8 34 5 41 80 94 65 41 65
1 6 2 34 60 81 60 81
1 6 2 34 60 81 60 81
1 6 2 34 60 81 60 81
1 9 3 38 63 2 34 60 81 60 81
1 8 2 34 60 81 60 81 60 81
1 8 2 34 60 81 60 81 60 81
1 6 2 34 60 81 60 81
1 11 3 38 63 4 2 34 4 2 34 60 81
1 3 3 38 63
1 3 2 34 4
1 6 3 39 84 2 34 61
1 4 63 2 34 61
1 3 2 34 62
1 6 3 38 63 2 34 69
1 13 6 42 66 85 95 100 103 106 109 112 80 94 63
1 15 6 42 66 85 95 100 103 106 109 112 116 63 2 34 34
1 14 6 42 66 85 95 100 103 106 109 112 115 63 2 34
1 4 2 34 60 81
1 4 2 34 60 81
1 10 7 8 9 44 10 43 67 87 2 34
1 6 2 34 60 81 60 81
1 6 2 34 60 81 60 81
1 6 2 34 60 81 60 81
1 6 2 34 60 81 60 81
1 6 2 34 60 81 60 81
1 6 2 34 60 81 60 81
1 20 6 42 66 85 95 103 106 109 112 63 4 51 81 60 81 4 2 40 2 34
1 8 2 34 60 81 60 81 60 81
1 6 2 34 60 81 60 81
1 7 4 2 34 5 41 80 94
1 4 2 34 60 81
1 4 2 34 60 81
1 6 4 2 34 60 81 4
1 4 2 34 60 81
1 4 2 34 60 81
1 5 11 46 2 34 70
1 5 11 46 70 34 60
1 4 2 34 60 81
1 8 4 40 2 34 4 40 2 34
1 4 12 2 34 4
1 3 4 2 34
1 4 2 34 60 81
1 3 2 60 81
1 4 2 34 60 81
1 5 42 66 103 109 116
1 3 61 34 60
1 3 4 2 34
1 3 2 34 34
1 3 2 34 34
1 3 2 34 4
1 3 5 2 34
1 3 2 60 81
1 11 6 42 109 113 38 116 116 35 4 2 34
1 5 66 95 103 107 35
1 6 66 95 103 109 116 35
1 11 6 42 66 103 107 38 116 35 63 35 35
1 7 10 45 67 2 35 60 81
1 3 13 7 43
1 3 9 44 67
1 14 42 85 109 114 111 115 63 35 116 35 41 4 2 34
1 6 14 66 95 74 107 35
1 9 42 66 86 95 103 110 106 35 116
1 10 15 16 38 116 84 116 35 61 2 34
1 7 6 17 66 95 103 107 35
1 5 66 95 103 15 116
1 12 6 42 66 49 103 107 110 38 116 35 35 35
1 3 2 60 81
1 3 18 2 34
1 9 12 116 34 41 80 41 80 94 4
1 7 42 85 109 112 116 35 63
1 7 66 86 95 103 107 110 106
1 6 19 50 41 80 94 5
1 6 19 50 41 80 35 5
1 6 19 50 41 80 35 5
1 6 19 50 41 80 35 5
1 6 19 50 41 80 35 5
1 6 19 50 41 80 35 5
1 6 19 50 41 80 35 5
1 5 19 50 41 80 5
1 6 19 50 41 80 35 5
1 6 19 50 41 80 35 5
1 6 19 50 41 5 2 34
1 7 19 50 12 38 5 2 34
1 4 42 86 100 109
1 6 19 50 41 5 2 34
1 3 16 16 35
1 5 19 50 41 5 2
1 5 19 50 41 5 2
1 3 1 38 38
1 7 4 4 2 34 60 81 4
1 6 21 2 34 61 2 34
1 4 2 34 60 81
1 5 11 46 69 2 34
1 5 11 46 69 2 34
1 9 3 38 63 62 2 34 62 2 34
1 5 11 46 2 34 70
1 3 12 2 34
1 4 12 2 34 4
1 5 22 2 34 4 4
1 6 5 41 41 5 2 34
1 6 5 41 41 5 2 34
1 6 5 41 41 5 2 34
1 4 3 38 94 63
1 7 3 38 63 5 41 41 5
1 5 3 38 63 2 34
1 6 5 41 41 5 41 65
1 6 5 41 41 5 2 34
1 6 5 41 41 5 2 34
1 10 4 116 34 4 2 34 60 81 60 81
1 8 2 34 60 81 60 81 60 81
1 8 2 34 60 81 60 81 60 81
1 8 2 34 60 81 60 81 60 81
1 11 4 2 34 4 2 34 4 2 34 60 81
1 8 2 34 60 81 60 81 60 81
1 8 2 34 60 81 60 81 60 81
1 14 4 2 34 4 46 2 34 60 81 4 2 34 60 81
1 4 1 2 34 61
1 4 3 16 38 63
1 5 11 46 69 2 35
1 3 3 38 63
1 10 4 2 35 4 2 34 60 81 60 81
1 3 3 38 63
1 10 4 2 35 4 2 34 51 60 80 94
1 10 2 35 60 81 51 60 80 94 2 34
1 12 2 35 60 81 51 60 80 94 2 34 60 81
1 10 2 35 60 81 51 60 80 94 2 34
1 11 2 35 60 81 60 80 94 57 76 2 34
1 12 2 60 80 35 34 60 51 60 80 94 2 34
1 13 4 2 35 4 2 34 60 81 60 80 94 2 34
1 6 3 38 63 2 35 4
1 4 35 60 35 61
1 4 18 2 34 4
1 6 2 34 60 81 60 81
1 4 2 34 60 81
1 8 2 34 60 81 60 35 60 81
1 10 2 34 60 81 60 81 60 81 60 81
1 4 2 34 60 81
1 8 2 35 5 2 34 4 2 34
1 4 2 35 60 81
1 6 2 35 4 4 2 34
1 3 11 11 46
1 4 11 46 2 34
1 3 16 2 34
1 14 46 2 34 60 81 38 5 2 34 60 81 51 82 38
1 5 38 38 2 34 38
1 7 2 34 60 81 60 81 46
1 6 2 34 60 81 60 81
1 6 2 34 60 81 60 81
1 6 2 34 60 81 60 81
1 11 2 34 46 2 34 60 81 60 81 60 81
1 6 2 34 60 81 60 81
1 6 2 34 60 81 60 81
1 12 46 2 34 46 2 34 60 81 60 81 60 81
1 6 2 34 60 81 60 81
1 3 2 34 46
1 4 5 23 2 34
1 3 1 38 38
1 3 2 34 4
1 4 16 2 34 4
1 3 2 34 61
1 3 2 34 62
1 4 18 2 34 4
1 8 5 41 4 2 34 60 81 4
1 11 4 2 34 5 41 80 94 2 34 60 81
1 10 2 34 5 41 80 94 2 34 60 81
1 14 4 2 40 5 41 4 40 2 34 60 81 60 81 4
1 10 2 34 5 41 80 94 2 34 60 81
1 8 5 41 80 94 2 34 60 81
1 4 12 2 34 4
1 5 18 2 34 60 81
1 10 5 41 62 2 34 60 81 60 81 62
1 10 5 41 4 2 34 60 81 60 81 4
1 9 5 41 70 2 34 60 80 94 70
1 10 2 34 5 41 80 94 2 34 60 81
1 11 2 60 81 5 41 80 94 2 34 60 81
1 10 2 34 5 41 80 94 2 34 60 81
1 10 5 41 61 2 34 60 81 60 81 61
1 13 4 2 34 5 41 4 2 34 60 81 60 81 4
1 8 5 41 80 94 2 34 60 81
1 14 6 42 66 85 95 100 103 106 109 112 80 94 4 63
1 14 6 42 66 85 95 100 103 106 109 112 80 94 4 63
1 6 2 34 60 81 60 81
1 6 2 34 60 81 60 81
1 8 2 34 60 81 60 81 60 81
1 4 2 34 60 81
1 6 2 34 60 81 60 81
1 6 2 34 60 81 60 81
1 4 2 34 60 81
1 12 14 48 73 90 97 102 105 108 111 115 117 69
1 14 6 42 66 85 95 100 103 106 109 112 80 94 4 63
1 12 24 11 47 72 89 96 101 104 46 71 88 62
1 14 6 42 66 85 95 100 103 106 109 112 80 94 4 63
1 14 6 42 66 85 95 100 103 106 109 112 80 94 4 63
1 11 17 25 53 49 74 91 15 39 64 84 61
1 14 6 42 66 85 95 100 103 106 109 112 80 94 4 63
1 12 6 42 66 85 95 103 106 109 112 80 4 63
1 11 42 66 85 95 100 103 106 109 112 4 63
1 14 6 42 66 85 95 100 103 106 109 112 80 94 4 63
1 14 6 42 66 85 95 100 103 106 109 112 80 94 4 63
1 12 6 42 66 85 95 103 106 109 112 80 4 63
1 12 14 48 73 90 97 102 105 108 111 115 117 69
1 11 42 66 95 103 106 109 112 80 94 4 63
1 5 17 49 15 39 61
1 5 25 53 74 91 84
1 4 8 26 44 68
1 4 2 34 60 81
1 4 2 34 60 81
1 4 2 34 60 81
1 4 2 34 60 81
1 16 6 42 66 85 95 100 103 106 109 112 34 4 63 116 2 34
1 4 2 34 60 81
1 3 2 60 80
1 3 1 38 38
1 25 2 36 80 94 4 2 35 4 2 34 35 4 2 34 35 4 2 34 60 81 4 34 60 35 4
1 5 12 35 60 35 4
1 4 18 2 34 4
1 3 12 35 4
1 5 22 35 4 2 34
1 9 35 62 2 34 62 35 60 35 4
1 13 35 61 2 34 35 61 2 34 61 35 60 35 4
1 13 4 2 34 4 2 34 60 81 4 34 60 35 4
1 28 51 60 81 60 36 23 35 4 2 4 2 34 23 35 5 2 34 23 35 5 40 2 34 5 34 60 35 4
1 9 11 46 70 2 34 70 2 35 35
1 5 11 46 70 2 34
1 19 2 36 80 94 2 35 60 81 60 81 35 60 81 35 60 81 60 81 35
1 20 2 36 80 94 2 36 35 60 81 60 81 35 60 81 35 60 81 60 35 35
1 17 2 36 80 94 2 35 60 81 35 60 81 35 60 81 60 35 35
1 19 2 36 80 94 2 35 60 82 60 81 35 60 81 35 60 81 60 81 35
1 20 2 36 80 94 2 36 35 60 81 60 81 35 60 81 35 60 81 60 35 35
1 22 2 36 80 94 2 36 35 35 60 81 60 81 60 35 60 81 35 60 81 60 35 35
1 9 35 60 81 35 60 81 60 35 35
1 9 35 60 81 35 60 81 60 81 35
1 20 2 36 80 94 2 36 35 60 81 60 81 35 60 81 35 60 81 60 35 35
1 20 2 36 80 94 2 36 35 60 81 60 81 35 60 81 35 60 81 60 35 35
1 5 2 34 61 2 34
1 6 11 46 2 34 60 81
1 4 27 46 46 46
1 4 2 34 60 81
1 4 2 34 60 81
1 6 4 2 34 60 81 4
1 4 2 34 60 81
1 3 28 2 34
1 13 6 42 66 85 3 95 100 103 106 109 112 116 63
1 6 85 3 38 2 35 4
1 3 85 3 38
1 11 85 3 38 23 40 23 34 4 2 34 65
1 6 4 2 34 4 2 34
1 6 85 3 38 2 35 61
1 7 85 3 38 61 2 34 34
1 3 85 3 38
1 6 20 27 27 54 2 34
1 3 20 60 81
1 4 2 34 60 81
1 3 20 60 81
1 5 85 3 38 2 34
1 3 2 34 20
1 3 2 34 20
1 3 2 34 20
1 4 2 82 60 36
1 3 2 34 20
1 5 11 16 46 2 34
1 3 27 27 27
1 6 2 34 60 81 60 81
1 6 2 34 60 81 60 81
1 16 28 55 28 56 75 92 98 20 29 57 77 76 2 34 60 81
1 8 2 60 80 94 2 34 60 35
1 4 46 46 2 34
1 5 18 34 60 80 94
1 13 42 66 85 95 100 103 106 109 112 63 34 4 2
1 9 30 30 30 30 30 30 30 30 46
1 4 2 34 60 81
1 3 34 1 34
1 13 6 42 66 85 95 100 103 106 109 112 80 94 63
1 4 2 34 60 81
1 5 41 41 5 2 34
1 6 11 46 41 80 82 70
1 4 46 2 34 4
1 3 2 60 81
1 4 2 34 60 81
1 3 2 60 81
1 4 2 34 60 81
1 5 2 34 60 81 4
1 4 12 2 34 4
1 5 42 109 2 34 61
1 9 5 41 41 80 94 41 80 35 5
1 7 41 41 5 2 34 60 81
1 5 42 95 109 2 34
1 4 41 5 2 34
1 4 2 34 41 5
1 6 3 38 63 2 34 62
1 8 3 38 63 41 5 2 34 61
1 12 6 42 66 85 95 100 103 106 109 112 116 63
1 10 42 66 85 95 103 106 109 112 116 63
1 4 66 85 106 116
1 3 42 95 109
1 3 42 95 109
1 4 2 34 60 81
1 4 2 34 60 81
1 7 29 57 76 2 34 60 81
1 4 34 60 80 94
1 4 2 34 60 81
1 7 3 38 63 2 34 60 81
1 10 6 42 66 85 95 100 103 106 109 116
1 12 6 42 66 85 95 100 103 106 109 112 116 63
1 4 42 95 109 46
1 5 95 100 109 46 63
1 6 95 100 109 46 63 38
1 6 95 109 1 46 63 38
1 3 1 63 38
1 3 95 109 46
1 3 1 63 38
1 3 95 109 46
1 6 95 100 109 46 63 38
1 12 6 42 66 85 95 100 103 106 109 112 116 63
1 12 6 42 66 85 95 100 103 106 109 112 116 63
1 4 42 95 109 46
1 4 95 109 1 63
1 5 95 100 109 63 38
1 5 95 109 1 63 38
1 5 95 100 109 63 38
1 6 95 100 109 46 63 38
1 3 3 38 63
1 12 6 42 66 85 95 100 103 106 109 112 116 63
1 3 22 2 34
1 14 6 42 66 85 95 100 103 106 109 112 116 34 4 63
1 10 26 7 8 9 44 68 10 43 67 87
1 15 6 42 66 85 3 95 100 103 106 109 112 116 63 2 34
1 5 31 58 78 51 81
1 8 2 34 60 81 60 81 60 81
1 3 51 60 81
1 6 3 63 2 34 60 81
1 3 85 95 109
1 5 38 38 38 38 38
1 3 31 2 34
1 3 2 34 31
1 5 42 116 4 2 34
1 3 28 2 34
1 3 4 2 82
1 3 2 60 81
1 3 11 2 34
1 3 11 40 4
1 3 1 38 38
1 6 11 2 34 60 80 80
1 15 20 60 81 51 60 83 34 60 80 80 80 94 2 34 51
1 10 20 60 80 51 60 51 60 80 94 34
1 7 4 116 2 34 60 80 52
1 28 20 60 81 60 81 60 51 81 36 80 51 81 60 81 51 60 81 60 81 60 80 37 2 60 51 60 81 60
1 14 2 60 81 35 60 80 94 34 60 80 80 80 80 94
1 3 2 60 80
1 22 20 60 81 60 81 60 82 60 51 60 80 80 80 51 81 60 80 94 2 60 80 80
1 23 20 94 2 34 34 60 80 83 2 60 80 35 51 81 60 51 60 81 60 51 60 80 80
1 15 2 60 80 80 80 80 51 60 81 60 82 60 81 51 60
1 21 20 60 81 60 80 51 60 81 60 80 80 51 81 60 81 60 80 94 2 60 80
1 4 2 60 81 51
1 7 11 46 35 69 2 60 80
1 14 20 60 81 51 36 80 51 60 81 60 80 80 83 2
1 15 83 2 34 60 51 60 81 60 80 94 2 34 60 80 51
1 22 20 51 60 81 60 81 60 51 60 82 60 80 80 94 2 34 60 80 80 80 80 80
1 11 20 52 51 60 81 60 35 60 81 60 80
1 6 4 2 60 80 51 60
1 26 20 94 2 60 83 51 60 80 80 80 80 94 2 60 80 94 2 60 23 35 5 40 40 51 60 83
1 9 20 60 80 80 80 94 2 60 80
1 5 4 2 60 80 51
1 25 20 51 82 60 80 83 2 34 60 81 60 80 94 51 51 81 60 80 80 37 2 60 80 80 94
1 11 20 51 60 80 80 80 80 51 60 80 80
1 5 34 60 80 80 52
1 23 20 51 81 60 81 60 80 80 94 2 34 51 60 80 94 51 60 80 51 81 60 80 80
1 14 2 60 81 51 51 60 80 80 94 2 34 60 81 60
1 25 20 60 81 36 80 80 80 80 94 2 34 60 51 60 81 60 80 80 80 36 80 80 94 2 60
1 13 20 52 51 60 51 60 80 94 2 51 60 81 60
1 6 2 60 80 80 51 60
1 23 20 51 60 81 51 60 81 60 51 81 60 81 60 80 94 2 34 60 51 60 35 60 35
1 9 20 60 81 60 80 80 51 60 80
1 5 2 60 36 80 51
1 23 20 60 81 60 81 60 81 60 80 94 51 81 60 80 80 94 34 60 80 51 60 80 36
1 10 20 51 60 80 94 2 60 80 94 51
1 7 34 60 80 80 94 51 52
1 10 20 60 81 60 80 80 80 80 80 51
1 20 20 60 81 60 80 51 60 80 80 51 51 81 83 2 37 2 34 60 80 80
1 9 20 51 60 80 94 2 34 60 81
1 6 2 60 81 60 80 52
1 23 20 94 2 60 81 60 80 94 2 83 2 60 51 81 34 51 81 60 80 80 80 80 80
1 12 20 60 51 60 80 82 34 60 80 51 60 51
1 4 2 60 51 60
1 25 20 60 80 94 4 2 34 60 81 60 80 94 51 81 60 80 94 2 34 60 80 94 2 60 80
1 19 2 34 34 60 51 60 80 35 60 51 81 51 60 80 94 34 34 51 60
1 6 11 46 35 70 70 35
1 5 11 46 70 2 34
1 6 12 18 4 2 34 35
1 5 3 103 38 63 35
1 5 11 46 69 2 34
1 3 2 37 34
1 10 3 38 63 34 60 81 60 35 4 35
1 3 3 38 63
1 5 2 34 60 81 35
1 4 3 38 63 35
1 4 2 82 61 38
1 4 2 34 60 81
1 4 3 3 103 38
1 4 2 34 4 46
1 4 2 34 60 81
1 3 2 35 34
1 8 3 38 116 4 2 34 60 81
1 4 2 34 60 35
1 5 23 35 5 2 34
1 3 35 60 81
1 4 2 34 60 81
1 4 2 34 60 81
1 4 2 35 60 81
1 3 35 60 81
1 9 4 2 4 2 34 41 80 94 4
1 8 3 38 63 4 35 60 81 4
1 4 2 34 35 35
1 17 42 66 3 95 103 109 112 116 63 2 34 60 81 4 35 4 35
1 3 6 85 1
1 3 35 35 35
1 3 35 35 35
1 4 2 34 35 35
1 7 34 35 4 116 35 35 35
1 6 3 38 63 2 34 4
1 11 32 17 25 53 49 74 91 15 39 64 84
1 3 2 34 4
1 4 35 5 2 34
1 5 35 60 35 4 35
1 6 3 38 63 2 34 61
1 16 3 6 42 66 85 95 100 103 106 109 112 116 63 4 2 34
1 13 6 42 66 85 3 95 100 103 106 109 112 116 63
1 12 6 42 66 85 95 100 103 106 109 112 80 63
1 3 34 60 81
1 7 33 59 79 93 99 41 65
1 3 12 35 4
1 3 42 66 116
1 3 3 38 63
1 4 2 34 60 81
