406 104
1 6 1 29 50 66 50 66
1 6 1 29 50 66 50 66
1 8 2 33 1 29 50 66 50 66
1 6 1 29 50 66 50 66
1 9 3 34 54 1 29 50 66 50 66
1 8 1 29 50 66 50 66 50 66
1 6 1 29 50 66 50 66
1 11 3 34 54 4 1 29 4 1 29 50 66
1 3 3 34 54
1 3 1 29 4
1 5 86 95 1 29 58
1 4 5 1 29 4
1 3 1 29 4
1 4 54 1 29 51
1 4 1 29 50 66
1 6 3 34 54 1 29 59
1 13 6 36 55 70 77 81 85 89 93 97 73 80 54
1 15 6 36 55 70 77 81 85 89 93 97 101 54 1 29 29
1 14 6 36 55 70 77 81 85 89 93 97 100 54 1 29
1 4 1 29 50 66
1 4 1 29 50 66
1 4 1 29 50 66
1 10 7 37 57 71 83 86 91 95 1 29
1 6 1 29 50 66 50 66
1 6 1 29 50 66 50 66
1 6 1 29 50 66 50 66
1 6 1 29 50 66 50 66
1 20 6 36 55 70 77 85 89 93 97 54 4 52 29 50 66 4 1 35 1 29
1 8 1 29 50 66 50 66 50 66
1 8 1 29 50 66 50 66 50 66
1 4 1 29 50 66
1 4 1 29 50 66
1 6 4 1 29 50 66 4
1 4 1 29 50 66
1 4 1 29 50 66
1 5 8 38 1 29 58
1 5 8 38 58 29 50
1 4 1 29 50 66
1 8 4 35 1 29 4 35 1 29
1 4 5 1 29 4
1 3 4 1 29
1 3 1 29 53
1 4 1 29 50 66
1 3 1 50 66
1 5 36 55 85 93 101
1 3 51 29 50
1 3 1 29 29
1 3 1 29 29
1 3 1 29 4
1 3 1 29 4
1 3 4 1 29
1 3 9 1 29
1 3 1 50 66
1 11 6 36 93 98 34 101 101 30 4 1 29
1 5 55 77 85 90 30
1 7 83 87 91 1 30 1 29
1 3 10 7 86
1 3 57 71 91
1 14 36 70 93 99 96 100 54 30 101 30 39 4 1 29
1 6 11 55 77 65 90 30
1 13 12 55 77 82 85 94 93 97 102 30 30 30 30
1 10 13 14 34 101 104 101 30 51 1 29
1 7 6 15 55 77 85 90 30
1 3 30 30 30
1 3 1 50 66
1 3 16 1 29
1 7 36 70 93 97 101 30 54
1 7 55 56 77 85 90 94 89
1 6 17 43 62 73 80 9
1 6 17 43 62 73 30 9
1 6 17 43 62 73 30 9
1 6 17 43 62 73 30 9
1 6 17 43 62 73 30 9
1 6 17 43 62 73 30 9
1 6 17 43 62 73 30 9
1 6 17 43 62 73 30 9
1 5 17 43 62 73 9
1 6 17 43 62 73 30 9
1 6 17 43 62 74 1 29
1 6 17 43 62 74 1 29
1 7 17 43 5 34 9 1 29
1 4 36 56 81 93
1 6 17 43 62 74 1 29
1 3 14 14 30
1 5 17 43 62 74 1
1 5 17 43 62 74 1
1 7 4 4 1 29 50 66 4
1 4 1 29 50 66
1 5 8 38 59 1 29
1 5 8 38 59 1 29
1 4 1 29 50 66
1 5 8 38 1 29 58
1 4 8 58 1 29
1 3 5 1 29
1 4 5 1 29 4
1 5 19 1 29 4 4
1 6 9 39 62 74 1 29
1 6 9 39 62 74 1 29
1 5 3 34 54 1 29
1 4 3 34 80 54
1 7 3 34 54 9 39 62 74
1 5 3 34 54 1 29
1 6 9 39 62 74 39 60
1 6 9 39 62 74 1 29
1 6 9 39 62 74 1 29
1 6 9 39 62 74 1 29
1 6 9 39 62 74 1 29
1 6 9 39 62 74 1 29
1 6 9 39 62 74 1 29
1 10 4 101 29 4 1 29 50 66 50 66
1 8 1 29 50 66 50 66 50 66
1 8 1 29 50 66 50 66 50 66
1 8 1 29 50 66 50 66 50 66
1 8 1 29 50 66 50 66 50 66
1 8 1 29 50 66 50 66 50 66
1 10 4 101 29 4 1 29 50 66 50 66
1 14 4 1 29 4 38 1 29 50 66 4 1 29 50 66
1 4 14 1 29 4
1 4 81 1 29 51
1 5 8 38 59 1 30
1 3 14 14 14
1 5 8 38 58 1 30
1 5 3 34 54 1 29
1 10 4 1 30 4 1 29 50 66 50 66
1 3 3 34 54
1 5 3 34 54 1 29
1 10 4 1 30 4 1 29 52 73 1 29
1 10 1 30 1 29 52 73 1 29 50 66
1 13 4 1 30 4 1 29 50 66 50 50 66 50 66
1 12 1 30 1 29 52 73 1 29 50 66 50 66
1 10 1 30 1 29 52 73 1 29 50 66
1 10 1 30 1 29 52 73 1 29 50 66
1 10 1 30 1 29 52 73 1 29 50 66
1 11 1 30 1 29 50 50 66 33 2 1 29
1 13 4 1 30 4 1 29 50 66 50 50 66 50 66
1 6 3 34 54 1 30 4
1 4 30 1 30 51
1 6 1 29 50 66 50 66
1 8 1 29 38 1 29 4 1 29
1 8 1 29 50 66 50 30 1 29
1 4 1 29 50 66
1 4 1 29 50 66
1 4 1 30 1 29
1 6 1 30 4 4 1 29
1 6 4 1 29 50 66 4
1 3 81 81 81
1 3 8 8 38
1 3 14 1 29
1 14 38 1 29 50 66 34 9 1 29 50 66 67 31 34
1 5 34 34 1 29 34
1 7 1 29 50 66 50 66 38
1 6 1 29 50 66 50 66
1 6 1 29 50 66 50 66
1 6 1 29 50 66 50 66
1 11 1 29 38 1 29 50 66 50 66 50 66
1 6 1 29 50 66 50 66
1 6 1 29 50 66 50 66
1 6 1 29 50 66 50 66
1 12 38 1 29 38 1 29 50 66 50 66 50 66
1 3 1 29 4
1 3 1 29 58
1 4 14 1 29 4
1 3 1 29 51
1 4 16 1 29 4
1 8 9 39 4 1 29 50 66 4
1 11 4 101 29 9 39 1 29 50 66 50 66
1 10 1 29 9 39 1 29 50 66 50 66
1 10 1 29 9 39 1 29 50 66 50 66
1 10 1 29 9 39 1 29 50 66 50 66
1 8 9 39 1 29 50 66 50 66
1 5 16 1 29 50 66
1 4 20 39 9 4
1 10 9 39 4 1 29 50 66 50 66 4
1 9 9 39 58 1 29 50 50 66 58
1 10 1 29 9 39 1 29 50 66 50 66
1 10 1 29 9 39 1 29 50 66 50 66
1 11 1 50 66 9 39 1 29 50 66 50 66
1 10 1 29 9 39 1 29 50 66 50 66
1 13 4 1 29 9 39 4 1 29 50 66 50 66 4
1 14 6 36 55 70 77 81 85 89 93 97 73 80 4 54
1 12 21 22 46 45 63 64 75 47 39 52 60 9
1 8 1 29 50 66 50 66 50 66
1 4 1 29 50 66
1 8 1 29 50 66 50 66 50 66
1 6 1 29 50 66 50 66
1 7 34 1 29 50 66 50 66
1 4 1 29 50 66
1 6 36 77 34 1 29 4
1 12 11 40 61 72 79 84 88 92 96 100 103 59
1 14 6 36 55 70 77 81 85 89 93 97 73 80 4 54
1 14 6 36 55 70 77 81 85 89 93 97 73 80 4 54
1 14 6 36 55 70 77 81 85 89 93 97 73 80 4 54
1 14 6 36 55 70 77 81 85 89 93 97 73 80 4 54
1 11 15 23 48 42 65 76 13 41 102 104 51
1 3 30 30 30
1 13 24 7 37 57 71 78 83 86 91 95 58 1 29
1 14 6 36 55 70 77 81 85 89 93 97 73 80 4 54
1 12 6 36 55 70 77 85 89 93 97 73 4 54
1 11 36 55 70 77 81 85 89 93 97 4 54
1 14 6 36 55 70 77 81 85 89 93 97 73 80 4 54
1 12 6 36 55 70 77 85 89 93 97 73 4 54
1 6 36 77 34 1 29 4
1 12 11 40 61 72 79 84 88 92 96 100 103 59
1 5 15 42 13 41 51
1 5 23 48 65 76 104
1 8 7 57 83 86 91 58 1 29
1 4 1 29 50 66
1 4 1 29 50 66
1 4 1 29 50 66
1 4 1 29 50 66
1 4 1 29 50 66
1 16 6 36 55 70 77 81 85 89 93 97 29 4 54 101 1 29
1 25 1 32 1 29 4 1 30 4 1 29 30 4 1 29 30 4 1 29 50 66 4 29 50 30 4
1 4 16 1 29 4
1 3 5 30 4
1 11 8 38 30 59 1 29 59 29 50 30 4
1 4 8 59 1 29
1 13 4 1 29 4 1 29 50 66 4 29 50 30 4
1 28 67 1 29 50 32 25 30 4 1 4 1 29 25 30 9 1 29 25 30 9 35 1 29 9 29 50 30 4
1 5 8 38 58 1 29
1 19 1 32 1 29 50 30 1 29 50 66 30 1 29 30 1 29 50 66 30
1 20 1 32 1 29 50 32 30 1 29 50 66 30 1 29 30 1 29 50 30 30
1 17 1 32 1 29 50 30 1 29 30 1 29 30 1 29 50 30 30
1 19 1 32 1 29 50 30 1 31 1 29 30 1 29 30 1 29 50 66 30
1 20 1 32 1 29 50 32 30 1 29 50 66 30 1 29 30 1 29 50 30 30
1 22 1 32 1 29 50 32 30 30 1 29 50 66 50 30 1 29 30 1 29 50 30 30
1 9 30 1 29 30 1 29 50 30 30
1 9 30 1 29 30 1 29 50 66 30
1 20 1 32 1 29 50 32 30 1 29 50 66 30 1 29 30 1 29 50 30 30
1 4 26 38 38 38
1 4 1 29 50 66
1 6 4 1 29 50 66 4
1 4 1 29 50 66
1 4 1 50 50 66
1 6 70 3 34 1 30 4
1 3 70 3 34
1 6 70 3 34 1 30 51
1 7 70 3 34 51 1 29 29
1 4 1 29 50 66
1 4 1 29 50 66
1 6 18 26 26 49 1 29
1 4 1 29 50 66
1 3 18 1 29
1 5 70 3 34 1 29
1 3 1 29 18
1 3 1 29 18
1 3 1 29 18
1 3 1 29 18
1 4 1 29 50 66
1 4 1 29 50 66
1 4 1 31 1 32
1 3 1 29 18
1 5 8 14 38 1 29
1 3 26 26 26
1 6 1 29 50 66 50 66
1 8 1 50 50 66 50 66 50 30
1 7 66 29 50 50 66 50 66
1 4 1 29 50 66
1 4 38 38 1 29
1 5 16 29 50 50 66
1 13 36 55 70 77 81 85 89 93 97 54 29 4 1
1 9 27 27 27 27 27 27 27 27 38
1 13 6 36 55 70 77 81 85 89 93 97 73 80 54
1 4 1 29 50 66
1 3 81 34 34
1 5 39 62 74 1 29
1 5 38 38 38 38 38
1 4 38 1 29 4
1 3 1 50 66
1 6 1 29 50 66 50 66
1 5 1 29 50 66 4
1 5 36 93 1 29 51
1 7 39 1 29 39 1 30 9
1 6 39 1 29 9 1 29
1 9 9 39 62 73 80 39 1 30 9
1 7 39 62 74 1 29 50 66
1 5 36 77 93 1 29
1 4 39 9 1 29
1 4 1 29 39 9
1 6 3 34 54 1 29 53
1 12 6 36 55 70 77 81 85 89 93 97 101 54
1 5 4 4 1 50 66
1 8 3 34 54 1 29 50 66 4
1 10 36 55 70 77 85 89 93 97 101 54
1 4 55 70 89 101
1 3 36 77 93
1 4 1 29 50 66
1 4 1 29 50 66
1 4 66 50 50 66
1 7 3 34 54 1 29 50 66
1 10 6 36 55 70 77 81 85 89 93 101
1 5 77 81 93 38 54
1 6 77 93 81 38 54 34
1 3 81 54 34
1 3 77 93 38
1 3 77 93 38
1 6 77 81 93 38 54 34
1 4 22 47 54 34
1 12 6 36 55 70 77 81 85 89 93 97 101 54
1 12 6 36 55 70 77 81 85 89 93 97 101 54
1 4 36 77 93 38
1 6 77 93 81 101 54 34
1 5 77 81 93 54 34
1 5 77 81 93 54 34
1 3 3 34 54
1 12 6 36 55 70 77 81 85 89 93 97 101 54
1 14 6 36 55 70 77 81 85 89 93 97 101 29 4 54
1 10 24 7 37 57 71 78 83 86 91 95
1 5 22 46 64 52 29
1 8 1 29 50 66 50 66 50 66
1 3 67 1 29
1 3 70 77 93
1 3 1 50 66
1 6 70 3 34 54 1 29
1 3 22 1 29
1 3 1 29 22
1 5 36 101 4 1 29
1 3 28 1 29
1 3 4 1 31
1 3 1 50 66
1 3 8 1 29
1 3 8 35 4
1 3 81 34 34
1 5 8 1 29 50 50
1 15 18 1 29 52 73 68 29 50 50 50 50 66 50 66 67
1 14 1 50 66 29 50 50 66 50 50 66 50 50 50 50
1 25 18 1 29 52 29 50 30 1 50 66 67 1 29 50 50 66 29 50 50 50 50 50 66 67 1
1 7 4 101 1 29 50 50 44
1 28 18 1 29 50 66 50 67 29 32 1 67 29 50 66 67 1 29 50 66 50 50 69 1 50 67 1 29 50
1 14 1 50 66 30 1 50 66 29 50 50 50 50 50 66
1 3 1 50 50
1 22 18 1 29 50 66 50 31 1 67 1 50 50 50 67 29 50 50 66 50 50 50 50
1 15 1 50 67 1 50 50 67 29 50 66 67 29 50 67 29
1 15 1 50 50 50 50 50 67 1 29 50 31 1 29 52 73
1 21 18 1 29 50 50 67 1 29 50 50 50 67 29 50 66 50 50 66 50 50 50
1 11 18 44 1 50 66 50 50 50 50 50 50
1 4 1 50 66 67
1 7 8 38 30 59 1 50 50
1 3 8 1 50
1 22 18 67 1 29 50 66 50 67 1 31 1 50 50 66 50 66 50 50 50 50 50 50
1 6 4 1 50 50 67 1
1 9 18 1 50 50 50 66 50 50 50
1 5 4 1 50 50 67
1 25 18 67 31 1 50 68 1 29 50 66 50 50 66 67 52 29 50 50 50 69 1 50 50 50 66
1 5 66 50 50 50 44
1 23 18 67 29 50 66 50 50 50 66 50 66 67 1 50 66 67 1 50 67 29 50 50 50
1 14 1 50 66 67 52 73 1 50 66 50 66 50 66 50
1 25 18 1 29 32 1 50 50 50 66 50 66 50 67 1 29 50 50 50 50 32 1 50 66 50 50
1 13 18 44 67 1 67 1 50 66 50 67 1 29 50
1 6 1 50 50 50 67 1
1 23 18 67 1 29 52 73 80 1 67 29 50 66 50 50 66 50 66 50 67 1 30 1 30
1 9 18 1 29 50 50 50 67 1 50
1 5 1 50 32 1 67
1 23 18 1 29 50 66 50 66 50 50 66 67 29 50 50 50 66 29 50 50 67 1 50 32
1 7 66 50 50 50 66 67 44
1 29 18 1 32 29 50 50 67 29 50 50 50 66 50 31 1 50 66 67 1 29 50 50 66 50 50 50 66 50 50
1 10 101 4 1 38 38 1 68 1 38 29
1 20 18 1 29 50 50 67 1 50 50 67 52 29 68 1 69 1 29 50 50 50
1 9 18 67 1 50 66 50 66 50 66
1 6 1 50 66 50 50 44
1 23 18 29 50 50 66 50 50 66 50 68 1 50 67 29 29 52 29 50 50 50 50 50 50
1 4 1 50 67 1
1 25 18 1 50 66 4 1 29 50 66 50 50 66 67 29 50 50 66 50 66 50 50 66 50 50 50
1 19 1 29 29 50 67 1 50 30 1 67 29 52 73 1 29 29 29 52 73
1 6 8 38 30 58 58 30
1 5 8 38 58 1 29
1 6 5 16 4 1 29 30
1 5 3 85 34 54 30
1 5 1 29 50 66 30
1 4 3 34 54 30
1 7 3 1 30 51 1 29 51
1 4 1 29 50 66
1 8 3 3 85 34 54 1 29 4
1 4 3 3 85 34
1 4 1 29 4 38
1 4 1 29 50 66
1 8 3 34 101 4 1 29 50 66
1 4 1 29 50 66
1 4 1 29 50 30
1 5 25 30 9 1 29
1 4 1 29 50 66
1 4 1 29 50 66
1 3 30 1 29
1 9 4 1 4 1 29 39 1 29 4
1 8 3 34 54 4 30 1 29 4
1 3 1 29 4
1 4 1 29 4 44
1 4 1 29 30 30
1 17 36 55 3 77 85 93 97 101 54 1 29 50 66 4 30 4 30
1 3 6 70 81
1 3 30 30 30
1 3 30 30 30
1 4 1 29 30 30
1 6 3 34 54 1 29 4
1 5 30 1 30 4 30
1 10 6 36 55 70 77 81 85 89 93 101
1 16 3 6 36 55 70 77 81 85 89 93 97 101 54 4 1 29
1 13 6 36 55 70 3 77 81 85 89 93 97 101 54
1 12 6 36 55 70 77 81 85 89 93 97 73 54
1 3 66 50 66
1 8 22 46 64 52 9 35 1 29
1 7 21 45 63 75 47 39 60
1 3 5 30 4
1 3 81 30 4
1 4 1 29 50 66
1 3 14 14 14
