443 172
1 3 1 1 740
1 6 3 34 122 249 122 249
1 5 3 34 122 249 376
1 2 5 54
1 6 3 34 122 249 122 249
1 7 3 34 122 249 122 249 378
1 6 3 34 122 249 122 249
1 8 3 34 122 249 122 249 122 249
1 8 3 34 122 249 122 249 122 249
1 6 3 34 122 249 122 249
1 9 3 34 122 249 6 3 34 6 58
1 3 7 1 28
1 4 8 3 34 127
1 4 6 3 34 128
1 3 6 3 34
1 4 11 3 34 130
1 4 11 3 34 7
1 4 3 34 122 249
1 3 13 3 34
1 1 14
1 2 7 63
1 15 3 3 34 7 67 438 545 626 689 740 786 830 861 887 904
1 4 3 34 7 68
1 4 3 34 122 249
1 3 3 34 127
1 6 3 34 122 249 122 249
1 6 3 34 122 249 122 249
1 6 3 34 122 249 122 249
1 6 3 34 122 249 122 249
1 6 3 34 122 249 122 249
1 3 3 34 135
1 8 3 34 122 249 122 249 122 249
1 6 3 34 122 249 122 249
1 3 3 34 124
1 4 3 34 122 249
1 4 3 34 122 249
1 6 6 3 34 122 249 6
1 4 3 34 122 249
1 4 3 34 122 249
1 5 8 3 34 19 93
1 3 4 3 35
1 4 3 34 122 249
1 3 3 34 135
1 4 6 3 34 128
1 3 3 34 6
1 3 13 3 34
1 4 3 34 122 249
1 4 3 34 122 249
1 3 3 34 4
1 4 3 34 122 249
1 3 4 3 36
1 3 3 34 6
1 3 3 3 34
1 3 6 3 34
1 3 6 3 34
1 3 3 34 6
1 3 3 34 123
1 3 3 34 4
1 5 3 34 6 20 101
1 2 20 102
1 2 20 101
1 3 20 20 99
1 5 3 34 20 97 221
1 1 10
1 1 18
1 4 3 34 6 56
1 2 20 102
1 5 20 20 20 20 103
1 2 20 102
1 3 20 20 20
1 3 3 34 4
1 3 3 34 138
1 4 6 3 34 124
1 2 7 70
1 1 16
1 6 123 20 97 252 389 506
1 6 123 20 97 252 389 506
1 6 123 20 97 252 389 506
1 6 123 20 97 252 389 506
1 6 123 20 97 252 389 506
1 6 123 20 97 252 389 506
1 6 123 20 97 252 389 506
1 6 123 20 97 252 389 506
1 6 3 34 123 252 389 506
1 6 3 34 123 252 389 506
1 1 15
1 6 3 34 123 252 389 506
1 2 20 104
1 2 4 43
1 2 4 43
1 3 1 1 740
1 7 6 3 34 122 249 6 57
1 3 3 34 129
1 4 3 34 122 249
1 3 3 34 132
1 3 3 34 132
1 3 3 34 131
1 4 3 34 122 249
1 5 8 3 34 19 93
1 3 3 34 128
1 4 6 3 34 128
1 2 6 57
1 6 3 34 123 252 252 123
1 6 3 34 123 252 252 123
1 6 3 34 123 252 252 123
1 2 7 63
1 5 123 252 252 123 253
1 5 3 34 7 1 28
1 2 5 54
1 6 3 34 123 252 252 123
1 6 3 34 123 252 252 123
1 6 3 34 123 252 252 123
1 6 3 34 123 252 252 123
1 6 3 34 123 252 252 123
1 6 3 34 123 252 252 123
1 9 3 34 122 249 122 249 6 3 37
1 8 3 34 122 249 122 249 122 249
1 8 3 34 122 249 122 249 122 249
1 8 3 34 122 249 122 249 122 249
1 11 3 34 122 249 6 3 34 6 3 34 6
1 8 3 34 122 249 122 249 122 249
1 8 3 34 122 249 122 249 122 249
1 8 3 34 122 249 122 249 122 249
1 9 3 34 122 249 122 249 6 3 37
1 10 3 34 122 249 6 3 34 122 249 383
1 4 6 3 34 140
1 4 11 3 34 121
1 3 7 1 30
1 3 20 97 220
1 1 22
1 3 20 97 219
1 3 7 1 28
1 5 3 34 7 1 28
1 10 3 34 122 249 122 249 6 20 97 6
1 3 7 1 28
1 5 3 34 7 1 28
1 10 3 34 4 46 3 34 6 20 97 6
1 10 3 34 122 249 4 46 3 34 20 97
1 13 3 34 122 249 4 3 34 122 249 6 20 97 6
1 12 3 34 122 249 122 249 4 46 3 34 20 97
1 10 3 34 122 249 4 46 3 34 20 97
1 10 3 34 122 249 4 46 3 34 20 97
1 3 3 34 125
1 9 3 34 122 249 4 46 4 3 38
1 13 3 34 122 249 4 3 34 122 249 6 20 97 6
1 4 6 20 97 218
1 2 11 77
1 4 6 3 34 138
1 6 3 34 122 249 122 249
1 7 3 34 6 3 34 19 89
1 8 3 34 20 97 216 97 216 97
1 8 3 34 20 97 216 97 216 97
1 10 3 34 122 249 122 249 122 249 122 249
1 4 3 34 122 249
1 8 3 34 6 3 34 123 20 97
1 4 3 34 20 97
1 4 3 34 6 57
1 1 2
1 2 19 93
1 4 3 34 19 93
1 3 3 34 140
1 2 1 31
1 2 1 27
1 2 19 89
1 6 3 34 122 249 122 249
1 6 3 34 122 249 122 249
1 9 3 34 122 249 122 249 122 249 383
1 6 3 34 122 249 122 249
1 6 3 34 122 249 122 249
1 6 3 34 122 249 122 249
1 2 19 89
1 3 6 3 34
1 3 8 3 34
1 4 6 3 34 140
1 3 11 3 34
1 3 13 3 34
1 4 6 3 34 138
1 10 3 34 122 249 122 249 252 123 3 37
1 11 3 34 122 249 122 249 252 123 3 34 6
1 10 3 34 122 249 122 249 252 123 3 34
1 8 6 3 34 122 249 122 249 382
1 10 3 34 122 249 122 249 252 123 3 34
1 10 3 34 122 249 122 249 252 123 3 34
1 8 3 34 122 249 122 249 252 123
1 5 3 34 122 249 384
1 2 6 55
1 8 13 3 34 122 249 122 249 381
1 9 6 3 34 122 249 122 249 6 56
1 7 8 3 34 4 3 34 126
1 10 3 34 122 249 122 249 252 123 3 34
1 11 3 34 122 249 122 249 252 123 3 34 4
1 10 3 34 122 249 122 249 252 123 3 34
1 8 11 3 34 122 249 122 249 380
1 9 6 3 34 122 249 122 249 6 56
1 8 3 34 122 249 122 249 252 123
1 14 7 65 181 309 438 545 626 689 740 786 830 861 887 904
1 14 7 65 181 309 438 545 626 689 740 786 830 861 887 904
1 2 123 251
1 6 3 34 122 249 122 249
1 6 3 34 122 249 122 249
1 4 3 34 122 249
1 4 3 34 122 249
1 6 3 34 122 249 122 249
1 8 3 34 122 249 122 249 122 249
1 6 3 34 122 249 122 249
1 7 3 34 122 249 122 249 375
1 4 6 3 34 120
1 1 14
1 14 7 65 181 309 438 545 626 689 740 786 830 861 887 904
1 14 7 65 181 309 438 545 626 689 740 786 830 861 887 904
1 14 7 65 181 309 438 545 626 689 740 786 830 861 887 904
1 2 11 75
1 3 20 20 20
1 14 7 65 181 309 438 545 626 689 740 786 830 861 887 904
1 3 7 65 182
1 14 7 65 181 309 438 545 626 689 740 786 830 861 887 904
1 14 7 65 181 309 438 545 626 689 740 786 830 861 887 904
1 3 7 65 182
1 4 6 3 34 120
1 1 14
1 2 11 76
1 1 12
1 3 3 34 126
1 1 24
1 4 3 34 122 249
1 4 3 34 122 249
1 4 3 34 122 249
1 4 3 34 122 249
1 4 3 34 122 249
1 3 3 34 134
1 4 3 34 122 249
1 4 3 34 122 249
1 3 4 4 4
1 3 1 1 740
1 5 6 20 97 216 338
1 5 6 20 97 223 348
1 4 6 3 34 138
1 5 3 34 6 20 105
1 5 6 20 97 216 339
1 3 3 34 132
1 5 6 20 97 223 349
1 5 6 20 97 216 338
1 4 20 20 97 219
1 3 3 34 126
1 15 20 216 97 216 97 223 181 309 20 216 97 216 97 223 347
1 15 20 20 97 216 97 223 181 309 20 216 97 216 97 223 351
1 13 20 20 97 216 97 223 181 309 20 216 97 223 347
1 12 20 216 97 216 97 223 181 309 20 216 97 224
1 15 20 20 97 216 97 223 181 309 20 216 97 216 97 223 351
1 16 20 20 97 216 97 223 181 309 20 97 216 97 216 97 223 350
1 9 20 20 97 216 97 223 181 309 20
1 15 20 20 97 216 97 223 181 309 20 216 97 216 97 223 351
1 15 20 20 97 216 97 223 181 309 20 216 97 216 97 223 351
1 5 3 34 122 249 383
1 2 19 92
1 4 3 34 122 249
1 4 3 34 122 249
1 6 6 3 34 122 249 6
1 4 3 34 122 249
1 4 3 34 4 4
1 3 3 34 144
1 9 7 67 438 545 626 689 740 786 829
1 4 6 20 97 215
1 3 1 28 114
1 2 5 53
1 6 3 34 6 3 34 6
1 2 11 77
1 4 3 3 34 129
1 3 1 28 114
1 4 3 34 122 249
1 4 3 34 122 249
1 3 3 34 145
1 3 3 34 139
1 4 3 34 122 249
1 3 3 34 139
1 3 3 34 120
1 1 21
1 1 21
1 1 21
1 4 3 34 122 249
1 4 3 34 122 249
1 1 25
1 1 21
1 4 3 34 19 94
1 6 3 34 122 249 122 249
1 5 3 34 122 249 379
1 7 20 97 216 97 216 97 217
1 7 3 34 122 249 4 3 3
1 4 3 34 122 249
1 4 3 34 19 92
1 5 3 34 4 3 39
1 2 19 95
1 3 1 1 740
1 5 3 34 123 252 252
1 2 8 72
1 2 19 92
1 4 6 3 34 19
1 3 3 34 4
1 4 3 34 122 249
1 3 3 34 4
1 6 3 34 122 249 122 249
1 4 3 34 122 249
1 5 6 3 34 122 249
1 4 6 3 34 128
1 4 11 3 34 133
1 5 123 20 97 252 387
1 6 3 34 123 3 34 124
1 5 3 34 122 249 376
1 3 3 34 133
1 4 3 34 123 252
1 3 123 252 387
1 6 13 3 34 7 1 28
1 6 11 3 34 123 252 388
1 12 7 67 438 545 626 689 740 786 830 861 887 904
1 4 3 34 4 44
1 6 6 3 34 122 249 377
1 7 7 67 438 545 626 689 741
1 1 17
1 1 15
1 4 3 34 122 249
1 4 3 34 122 249
1 5 3 34 122 249 379
1 4 3 34 4 3
1 4 3 34 122 249
1 1 17
1 12 7 67 438 545 626 689 740 786 830 861 887 904
1 2 19 91
1 3 1 7 69
1 3 1 7 62
1 3 1 7 62
1 2 19 91
1 3 1 7 69
1 3 1 7 71
1 12 7 67 438 545 626 689 740 786 830 861 887 904
1 12 7 67 438 545 626 689 740 786 830 861 887 904
1 2 7 62
1 4 1 7 67 184
1 3 1 7 62
1 3 1 7 66
1 3 1 7 69
1 3 7 1 28
1 3 3 34 141
1 1 9
1 3 3 46 157
1 8 3 34 122 249 122 249 122 249
1 5 3 34 122 249 377
1 1 15
1 3 3 34 4
1 6 3 34 7 1 28 114
1 5 1 1 1 1 1
1 3 3 34 143
1 4 3 34 6 59
1 4 3 34 6 59
1 3 3 34 144
1 1 23
1 3 3 34 4
1 3 3 34 137
1 2 6 60
1 3 1 1 740
1 6 4 4 4 3 34 137
1 5 4 4 3 34 137
1 10 46 3 34 122 249 4 4 4 3 41
1 14 4 4 4 4 3 34 4 3 34 4 3 3 34 4
1 1 26
1 4 4 3 34 136
1 11 3 34 4 4 4 4 3 3 34 4 48
1 3 4 4 4
1 16 4 4 4 4 3 34 4 3 46 4 4 4 4 46 4 50
1 9 3 46 4 3 46 3 34 122 250
1 8 4 4 4 46 4 3 34 136
1 5 4 46 3 34 142
1 10 4 4 4 3 34 4 3 34 122 250
1 4 46 3 34 4
1 4 4 4 4 45
1 3 4 4 47
1 13 4 4 4 4 4 4 3 34 122 249 4 4 50
1 9 4 4 3 34 20 97 216 97 222
1 6 4 46 4 4 4 44
1 6 3 34 4 4 4 52
1 1 26
1 4 4 3 34 136
1 6 4 46 4 4 4 4
1 4 20 97 223 347
1 9 4 4 46 4 4 4 3 34 139
1 10 46 3 34 4 4 3 34 4 46 156
1 12 4 4 3 34 4 4 3 34 4 3 34 136
1 10 46 4 4 4 4 4 4 3 34 139
1 6 4 4 4 3 34 146
1 9 3 34 122 249 122 249 4 46 156
1 1 26
1 14 4 4 4 4 4 4 3 46 3 3 46 4 4 51
1 7 46 4 46 4 4 3 40
1 4 4 46 4 4
1 25 4 4 4 3 34 4 3 34 122 249 4 3 46 3 34 4 3 34 122 249 6 3 34 4 49
1 12 4 46 3 3 3 34 4 46 3 46 4 48
1 2 20 100
1 3 3 34 126
1 5 20 216 97 6 61
1 2 20 99
1 3 3 34 132
1 2 3 42
1 2 20 98
1 3 7 1 28
1 5 20 216 97 216 97
1 2 20 99
1 4 11 3 34 129
1 2 1 29
1 4 3 34 122 249
1 2 19 90
1 4 3 34 122 249
1 2 3 38
1 4 3 34 122 249
1 4 20 97 216 97
1 3 3 34 20
1 4 3 34 122 249
1 4 3 34 122 249
1 4 3 34 20 97
1 4 6 3 34 124
1 5 6 3 34 20 98
1 3 6 3 34
1 1 26
1 4 20 20 216 97
1 2 20 98
1 1 2
1 3 20 20 20
1 3 20 20 20
1 4 20 20 216 97
1 4 20 20 20 101
1 6 6 3 34 7 1 28
1 1 12
1 3 6 3 34
1 4 3 34 123 20
1 6 11 3 34 7 1 28
1 4 3 34 6 58
1 9 7 67 438 545 626 689 740 786 829
1 2 7 64
1 3 3 34 122
1 3 3 34 135
1 2 5 54
1 1 17
1 3 6 20 96
1 4 3 34 122 249
1 1 22
