421 164
1 3 1 1 348
1 6 3 33 3 33 3 33
1 6 3 33 3 33 113 235
1 6 3 33 3 33 3 33
1 6 3 33 3 33 3 33
1 7 3 33 3 33 3 33 114
1 6 3 33 3 33 3 33
1 9 3 33 3 33 3 33 7 55 162
1 8 3 33 3 33 3 33 3 33
1 8 3 33 3 33 3 33 3 33
1 6 3 33 3 33 3 33
1 9 3 33 3 33 6 3 33 6 52
1 3 7 55 162
1 3 6 3 33
1 2 8 66
1 4 6 3 33 118
1 3 6 3 33
1 4 10 3 33 119
1 4 3 33 3 33
1 1 12
1 1 13
1 15 3 3 33 7 61 1 27 106 227 348 455 540 611 671 723
1 4 3 33 7 63
1 4 3 33 3 33
1 4 3 33 3 33
1 4 3 33 3 33
1 3 3 33 117
1 6 3 33 3 33 3 33
1 6 3 33 3 33 3 33
1 6 3 33 3 33 3 33
1 6 3 33 3 33 3 33
1 3 3 33 124
1 8 3 33 3 33 3 33 3 33
1 6 3 33 3 33 3 33
1 8 3 33 3 33 3 33 3 33
1 4 3 33 3 33
1 2 8 66
1 3 3 33 124
1 3 3 33 6
1 4 3 33 3 33
1 4 3 33 3 33
1 3 3 33 33
1 4 3 33 3 33
1 2 61 172
1 3 4 3 36
1 3 3 33 6
1 3 3 3 33
1 3 3 3 33
1 3 6 3 33
1 3 6 3 33
1 3 3 33 6
1 2 17 90
1 1 16
1 4 3 33 6 50
1 2 17 92
1 2 61 175
1 5 17 91 17 91 210
1 4 3 33 10 72
1 2 17 92
1 2 61 176
1 4 17 91 17 90
1 3 3 33 129
1 5 6 3 33 236 359
1 1 15
1 2 113 233
1 6 113 91 293 236 130 262
1 6 113 91 293 236 130 262
1 6 113 91 293 236 130 262
1 6 113 91 293 236 130 262
1 2 113 234
1 6 113 91 293 236 130 262
1 6 3 33 113 236 130 262
1 4 3 33 113 232
1 1 14
1 2 17 93
1 2 4 44
1 2 4 44
1 3 1 1 348
1 7 6 3 33 3 33 6 51
1 6 3 33 10 3 33 131
1 3 3 33 121
1 3 3 33 120
1 4 3 33 3 33
1 4 3 33 116 243
1 3 3 33 118
1 4 6 3 33 118
1 6 3 33 113 236 236 360
1 6 3 33 113 236 236 360
1 6 3 33 113 236 236 360
1 5 3 33 7 55 162
1 2 7 57
1 5 113 236 236 360 466
1 5 3 33 7 55 162
1 6 3 33 113 236 236 360
1 6 3 33 113 236 236 360
1 6 3 33 113 236 236 360
1 6 3 33 113 236 236 360
1 6 3 33 113 236 236 360
1 6 3 33 113 236 236 360
1 9 3 33 3 33 3 33 6 3 38
1 8 3 33 3 33 3 33 3 33
1 8 3 33 3 33 3 33 3 33
1 11 3 33 3 33 6 3 33 6 3 33 6
1 8 3 33 3 33 3 33 3 33
1 8 3 33 3 33 3 33 3 33
1 11 3 33 3 33 6 3 33 3 33 126 256
1 1 18
1 4 17 33 116 242
1 3 7 55 162
1 5 3 33 7 55 162
1 10 3 33 3 33 3 33 6 17 33 6
1 3 7 55 162
1 5 3 33 7 55 162
1 10 3 33 33 125 3 33 6 17 33 6
1 10 3 33 3 33 33 125 3 33 17 33
1 13 3 33 3 33 33 3 33 3 33 6 17 33 6
1 12 3 33 3 33 3 33 33 125 3 33 17 33
1 10 3 33 3 33 33 125 3 33 17 33
1 10 3 33 3 33 33 125 3 33 17 33
1 3 3 33 115
1 9 3 33 3 33 33 125 33 3 40
1 13 3 33 3 33 33 3 33 3 33 6 17 33 6
1 6 6 17 33 7 55 162
1 2 10 72
1 4 6 3 33 129
1 6 3 33 3 33 3 33
1 7 3 33 6 3 33 126 255
1 4 3 33 3 33
1 8 3 33 17 33 3 33 3 33
1 8 3 33 17 33 3 33 3 33
1 10 3 33 3 33 3 33 3 33 3 33
1 4 3 33 3 33
1 4 3 33 3 33
1 8 3 33 6 3 33 113 91 293
1 4 3 33 17 33
1 4 3 33 6 51
1 6 6 3 33 3 33 6
1 1 2
1 4 3 33 126 259
1 3 3 33 128
1 2 1 29
1 2 1 25
1 2 126 255
1 6 3 33 3 33 3 33
1 6 3 33 3 33 3 33
1 10 3 33 3 33 3 33 3 33 126 255
1 6 3 33 3 33 3 33
1 10 3 33 3 33 3 33 3 33 126 255
1 6 3 33 3 33 3 33
1 3 3 33 133
1 3 1 1 348
1 3 6 3 33
1 2 8 66
1 4 6 3 33 128
1 3 10 3 33
1 1 12
1 7 6 3 33 3 33 6 50
1 10 3 33 3 33 3 33 236 360 3 38
1 11 3 33 3 33 3 33 236 360 3 33 6
1 10 3 33 3 33 3 33 236 360 3 33
1 8 6 3 33 3 33 3 33 124
1 10 3 33 3 33 3 33 236 360 3 33
1 10 3 33 3 33 3 33 236 360 3 33
1 8 3 33 3 33 3 33 236 360
1 4 6 3 33 118
1 5 3 33 3 33 129
1 2 6 49
1 1 12
1 9 6 3 33 3 33 3 33 6 50
1 10 3 33 3 33 3 33 236 360 3 33
1 10 3 33 3 33 3 33 236 360 3 33
1 11 3 33 3 33 3 33 236 360 3 33 33
1 10 3 33 3 33 3 33 236 360 3 33
1 9 10 3 33 3 33 3 33 10 70
1 8 3 33 3 33 3 33 236 360
1 14 7 59 169 293 1 27 106 227 348 455 540 611 671 723
1 2 113 235
1 6 3 33 3 33 3 33
1 8 3 33 3 33 3 33 3 33
1 4 3 33 3 33
1 6 3 33 3 33 3 33
1 8 3 33 3 33 3 33 3 33
1 7 3 33 3 33 3 33 112
1 4 3 33 3 33
1 14 7 59 169 293 1 27 106 227 348 455 540 611 671 723
1 14 7 59 169 293 1 27 106 227 348 455 540 611 671 723
1 1 12
1 14 7 59 169 293 1 27 106 227 348 455 540 611 671 723
1 14 7 59 169 293 1 27 106 227 348 455 540 611 671 723
1 3 17 91 17
1 4 3 33 116 240
1 14 7 59 169 293 1 27 106 227 348 455 540 611 671 723
1 3 7 59 170
1 3 7 59 168
1 14 7 59 169 293 1 27 106 227 348 455 540 611 671 723
1 14 7 59 169 293 1 27 106 227 348 455 540 611 671 723
1 4 6 3 33 112
1 1 13
1 9 7 59 169 293 1 27 106 227 349
1 2 10 71
1 1 11
1 4 3 33 116 241
1 1 20
1 4 3 33 3 33
1 4 3 33 3 33
1 3 3 33 122
1 4 3 33 3 33
1 3 3 33 122
1 4 3 33 3 33
1 3 1 1 348
1 5 6 17 33 3 35
1 5 6 17 33 17 87
1 3 6 17 87
1 5 3 33 6 17 95
1 5 6 17 33 17 89
1 5 6 17 33 3 37
1 5 6 17 33 17 88
1 5 6 17 33 3 35
1 5 6 17 33 3 34
1 4 17 91 293 409
1 4 3 33 116 242
1 18 17 3 33 3 33 17 3 33 17 3 33 3 33 17 33 3 33 134
1 15 17 91 293 169 293 91 169 293 91 169 293 169 293 91 212
1 16 17 91 293 169 293 91 169 293 91 169 293 91 293 169 293 410
1 12 17 3 33 3 33 17 3 33 17 3 33 132
1 17 17 91 293 169 293 91 169 293 91 293 169 293 169 293 91 17 94
1 9 17 3 33 3 33 17 3 33 17
1 15 17 91 293 169 293 91 169 293 91 169 293 169 293 91 212
1 15 17 91 293 169 293 91 169 293 91 169 293 169 293 91 212
1 5 3 33 10 3 33
1 6 3 33 3 33 126 259
1 4 3 33 3 33
1 4 3 33 3 33
1 6 6 3 33 3 33 6
1 4 3 33 3 33
1 4 3 33 33 33
1 3 3 33 136
1 9 7 61 1 27 106 227 348 455 539
1 2 1 26
1 1 5
1 6 3 33 6 3 33 6
1 2 10 72
1 5 3 3 33 10 69
1 2 1 26
1 4 3 33 3 33
1 4 3 33 3 33
1 3 3 33 137
1 3 3 33 130
1 4 3 33 3 33
1 3 3 33 112
1 3 130 3 33
1 3 130 3 33
1 3 130 3 33
1 3 130 3 33
1 3 130 3 33
1 4 3 33 3 33
1 4 3 33 3 33
1 1 21
1 4 3 33 126 260
1 1 22
1 6 3 33 3 33 3 33
1 6 3 33 3 33 3 33
1 5 3 33 3 33 115
1 8 17 33 3 33 3 33 33 33
1 7 3 33 3 33 33 3 3
1 4 3 33 3 33
1 4 3 33 126 258
1 5 3 33 33 3 41
1 2 4 45
1 2 126 261
1 4 3 33 3 33
1 2 3 32
1 2 7 57
1 4 3 33 3 33
1 3 1 1 348
1 5 3 33 113 236 236
1 2 8 67
1 2 126 258
1 4 6 3 33 126
1 3 3 33 33
1 4 3 33 3 33
1 3 3 33 33
1 6 3 33 3 33 3 33
1 4 3 33 3 33
1 5 6 3 33 3 33
1 4 6 3 33 118
1 4 3 33 113 233
1 5 113 91 293 236 358
1 7 3 33 3 33 113 236 236
1 3 3 33 123
1 4 3 33 113 236
1 6 10 3 33 113 236 361
1 8 6 3 33 3 33 7 55 162
1 7 7 61 1 27 106 227 349
1 2 61 173
1 1 14
1 1 14
1 4 3 33 3 33
1 5 3 33 3 33 115
1 4 3 33 33 3
1 4 3 33 3 33
1 7 3 33 3 33 7 55 162
1 2 61 172
1 2 126 257
1 2 7 64
1 3 1 7 64
1 3 1 7 64
1 3 1 7 56
1 2 126 257
1 3 1 7 56
1 2 126 257
1 3 1 7 65
1 12 7 61 1 27 106 227 348 455 540 611 671 723
1 12 7 61 1 27 106 227 348 455 540 611 671 723
1 2 126 257
1 4 1 7 61 171
1 3 1 7 62
1 3 1 7 56
1 3 1 7 64
1 12 7 61 1 27 106 227 348 455 540 611 671 723
1 3 3 33 135
1 4 7 59 169 294
1 1 9
1 11 3 33 7 61 1 27 106 227 348 455 539
1 3 3 125 253
1 8 3 33 3 33 3 33 3 33
1 3 3 33 125
1 6 3 33 3 33 7 60
1 1 14
1 3 3 33 33
1 6 3 33 7 55 162 286
1 5 1 1 1 1 1
1 1 19
1 3 3 33 136
1 3 3 33 127
1 2 6 54
1 3 1 1 348
1 5 4 4 3 33 127
1 14 4 4 4 4 3 33 33 3 33 33 3 3 33 33
1 25 4 125 3 33 33 33 33 33 3 3 33 33 3 33 125 3 33 33 17 33 3 125 3 33 130
1 10 3 3 33 33 125 33 125 33 33 130
1 7 4 3 33 125 33 33 138
1 14 3 33 33 33 33 33 3 3 33 33 17 3 33 33
1 15 3 125 33 3 125 3 33 3 125 33 33 33 125 33 33
1 21 4 4 4 3 33 33 3 33 3 125 33 33 33 3 33 125 33 33 3 33 130
1 10 4 4 4 4 4 4 3 33 33 139
1 4 125 3 33 33
1 4 4 4 4 46
1 2 4 47
1 15 125 33 33 3 33 3 33 33 3 33 125 33 3 33 140
1 10 4 4 3 33 17 33 3 33 125 254
1 6 4 125 33 33 33 6
1 1 24
1 9 4 4 4 3 33 33 33 33 130
1 5 125 33 33 33 6
1 11 4 4 4 125 33 33 33 33 33 125 130
1 1 23
1 23 4 4 4 3 125 33 33 125 3 33 33 125 3 33 3 33 33 33 3 33 3 125 130
1 11 4 3 33 3 33 3 33 33 33 125 252
1 6 4 4 3 33 33 134
1 12 4 3 33 125 33 3 33 33 125 33 125 254
1 6 4 125 33 33 33 33
1 23 17 33 17 33 125 33 3 33 3 33 33 3 33 3 125 33 3 33 125 3 33 125 130
1 9 4 4 125 33 33 33 3 33 130
1 3 125 33 134
1 1 21
1 10 125 3 33 33 33 3 33 33 125 130
1 1 23
1 16 4 4 3 33 33 33 3 33 33 3 33 125 3 33 33 132
1 10 125 33 33 33 33 33 33 3 33 130
1 2 3 39
1 6 4 4 4 3 33 138
1 9 3 33 3 33 3 33 33 125 130
1 1 23
1 7 125 33 125 33 33 3 42
1 4 4 125 33 33
1 19 4 125 3 3 3 33 33 125 3 125 33 17 33 33 125 33 3 3 33
1 2 17 86
1 4 3 33 116 242
1 3 3 33 121
1 2 3 43
1 3 7 55 162
1 5 17 3 33 3 33
1 2 17 85
1 5 10 3 33 10 72
1 4 3 33 3 33
1 6 6 3 33 7 55 163
1 2 1 28
1 2 126 256
1 4 3 33 3 33
1 2 3 40
1 6 3 33 3 33 6 53
1 4 3 33 3 33
1 5 3 33 113 91 211
1 3 3 33 17
1 4 3 33 3 33
1 4 3 33 17 33
1 3 3 33 17
1 5 6 3 33 236 358
1 5 6 3 33 17 84
1 3 6 3 33
1 4 17 91 169 293
1 2 17 84
1 1 2
1 3 17 91 17
1 3 17 91 17
1 4 17 91 17 90
1 6 6 3 33 7 55 162
1 1 11
1 3 6 3 33
1 2 17 84
1 2 61 172
1 4 3 33 6 52
1 9 7 61 1 27 106 227 348 455 539
1 2 7 58
1 3 6 17 87
1 2 61 174
1 3 7 55 162
1 3 6 17 83
1 4 3 33 3 33
1 1 18
