427 164
1 2 1 24
1 6 3 34 3 34 116 243
1 2 5 55
1 6 3 34 3 34 3 34
1 6 3 34 3 34 3 34
1 9 3 34 3 34 3 34 7 1 26
1 8 3 34 3 34 3 34 3 34
1 3 7 1 26
1 3 6 3 34
1 4 8 3 34 118
1 4 6 3 34 119
1 3 6 3 34
1 4 10 3 34 121
1 4 10 3 34 7
1 4 3 34 3 34
1 3 12 3 34
1 2 7 60
1 15 3 3 34 7 63 176 28 108 237 361 470 549 619 678 729
1 4 3 34 7 64
1 4 3 34 3 34
1 4 3 34 3 34
1 4 3 34 3 34
1 3 3 34 118
1 6 3 34 3 34 3 34
1 6 3 34 3 34 3 34
1 6 3 34 3 34 3 34
1 6 3 34 3 34 3 34
1 6 3 34 3 34 3 34
1 6 3 34 3 34 3 34
1 3 3 34 125
1 6 3 34 3 34 3 34
1 8 3 34 3 34 3 34 3 34
1 7 3 34 244 116 3 34 6
1 4 3 34 3 34
1 6 6 3 34 3 34 6
1 4 3 34 3 34
1 4 3 34 3 34
1 5 8 3 34 14 80
1 3 4 41 145
1 4 3 34 3 34
1 3 3 34 125
1 4 6 3 34 119
1 3 12 3 34
1 4 3 34 3 34
1 4 3 34 3 34
1 3 3 34 34
1 4 3 34 3 34
1 2 63 178
1 3 4 41 146
1 3 3 3 34
1 3 3 3 34
1 3 6 3 34
1 3 6 3 34
1 3 3 34 6
1 3 3 34 116
1 3 3 34 34
1 5 3 34 6 15 90
1 2 15 91
1 2 15 90
1 3 15 15 86
1 5 3 34 15 84 207
1 1 9
1 2 15 91
1 2 63 181
1 3 3 34 120
1 2 15 91
1 2 63 182
1 4 15 15 15 90
1 3 15 15 15
1 3 3 34 34
1 3 3 34 127
1 5 6 3 34 244 370
1 2 7 65
1 6 116 3 34 244 371 480
1 6 116 245 84 244 371 480
1 6 116 245 84 244 371 480
1 6 116 245 84 244 371 480
1 6 116 245 84 244 371 480
1 6 116 245 84 244 371 480
1 6 116 245 84 244 371 480
1 6 116 245 84 244 371 480
1 2 116 242
1 6 116 245 84 244 371 480
1 6 116 245 84 244 371 480
1 6 3 34 116 244 371 480
1 6 3 34 116 244 371 480
1 4 3 34 116 241
1 6 3 34 116 244 371 480
1 2 4 42
1 2 4 42
1 2 4 42
1 7 6 3 34 3 34 6 57
1 4 3 34 3 34
1 3 3 34 129
1 3 3 34 129
1 3 3 34 122
1 4 3 34 3 34
1 5 8 3 34 14 80
1 3 3 34 117
1 4 6 3 34 119
1 2 6 57
1 6 3 34 116 244 244 116
1 6 3 34 116 244 244 116
1 5 3 34 7 1 26
1 5 3 34 7 1 26
1 2 5 55
1 6 3 34 116 244 244 116
1 6 3 34 116 244 244 116
1 6 3 34 116 244 244 116
1 6 3 34 116 244 244 116
1 8 3 34 3 34 3 34 3 34
1 8 3 34 3 34 3 34 3 34
1 8 3 34 3 34 3 34 3 34
1 8 3 34 3 34 3 34 3 34
1 8 3 34 3 34 3 34 3 34
1 8 3 34 3 34 3 34 3 34
1 9 3 34 3 34 3 34 6 3 35
1 11 3 34 3 34 6 3 34 3 34 14 77
1 4 6 3 34 126
1 4 10 3 34 115
1 3 7 1 30
1 3 15 84 209
1 1 16
1 3 15 84 206
1 3 7 1 26
1 10 3 34 34 44 3 34 6 15 84 205
1 12 3 34 3 34 3 34 34 44 3 34 15 84
1 10 3 34 3 34 34 44 3 34 15 84
1 10 3 34 3 34 34 44 3 34 15 84
1 3 3 34 130
1 13 3 34 3 34 34 3 34 3 34 6 15 84 205
1 2 10 71
1 4 6 3 34 127
1 6 3 34 3 34 3 34
1 8 3 34 6 3 34 14 3 34
1 4 3 34 3 34
1 8 3 34 15 84 173 84 173 84
1 10 3 34 3 34 3 34 3 34 3 34
1 4 3 34 3 34
1 4 3 34 3 34
1 4 3 34 6 57
1 6 6 3 34 3 34 6
1 3 14 80 201
1 4 3 34 14 80
1 3 3 34 126
1 2 1 31
1 2 1 25
1 7 14 3 34 3 34 3 34
1 6 3 34 3 34 3 34
1 6 3 34 3 34 3 34
1 11 3 34 3 34 3 34 3 34 14 3 34
1 6 3 34 3 34 3 34
1 6 3 34 3 34 3 34
1 6 3 34 3 34 3 34
1 12 3 34 3 34 3 34 3 34 14 3 34 14
1 6 3 34 3 34 3 34
1 3 14 3 34
1 3 3 34 132
1 2 1 24
1 3 6 3 34
1 3 8 3 34
1 4 6 3 34 126
1 3 10 3 34
1 3 12 3 34
1 4 6 3 34 127
1 7 6 3 34 3 34 6 56
1 11 3 34 3 34 3 34 244 116 3 34 6
1 10 3 34 3 34 3 34 244 116 3 34
1 10 3 34 3 34 3 34 244 116 3 34
1 8 3 34 3 34 3 34 244 116
1 4 6 3 34 119
1 5 3 34 3 34 127
1 8 12 3 34 3 34 3 34 122
1 7 8 3 34 34 3 34 117
1 10 3 34 3 34 3 34 244 116 3 34
1 10 3 34 3 34 3 34 244 116 3 34
1 11 3 34 3 34 3 34 244 116 3 34 34
1 10 3 34 3 34 3 34 244 116 3 34
1 8 10 3 34 3 34 3 34 120
1 9 6 3 34 3 34 3 34 6 56
1 14 7 61 173 84 1 28 108 237 361 470 549 619 678 729
1 14 7 61 173 84 1 28 108 237 361 470 549 619 678 729
1 2 116 243
1 6 3 34 3 34 3 34
1 6 3 34 3 34 3 34
1 8 3 34 3 34 3 34 3 34
1 4 3 34 3 34
1 4 3 34 3 34
1 8 3 34 3 34 3 34 3 34
1 6 3 34 3 34 3 34
1 4 3 34 3 34
1 4 6 3 34 114
1 1 17
1 14 7 61 173 84 1 28 108 237 361 470 549 619 678 729
1 14 7 61 173 84 1 28 108 237 361 470 549 619 678 729
1 2 12 74
1 14 7 61 173 84 1 28 108 237 361 470 549 619 678 729
1 2 10 69
1 3 15 15 15
1 3 3 34 117
1 3 7 61 174
1 3 7 61 172
1 14 7 61 173 84 1 28 108 237 361 470 549 619 678 729
1 14 7 61 173 84 1 28 108 237 361 470 549 619 678 729
1 3 7 61 174
1 4 6 3 34 114
1 1 17
1 9 7 61 173 84 1 28 108 237 362
1 2 10 70
1 1 11
1 4 3 34 3 34
1 4 3 34 3 34
1 4 3 34 3 34
1 4 3 34 3 34
1 3 3 34 124
1 4 3 34 3 34
1 3 3 34 124
1 4 3 34 3 34
1 3 4 4 4
1 2 1 24
1 5 6 15 84 173 304
1 5 6 15 84 15 87
1 4 6 3 34 127
1 3 6 15 87
1 5 3 34 6 15 92
1 5 6 15 84 15 89
1 3 3 34 129
1 5 6 15 84 15 88
1 5 6 15 84 173 303
1 15 15 15 84 173 84 15 173 84 15 173 84 173 84 15 93
1 16 15 15 84 173 84 15 173 84 15 173 84 15 84 173 84 210
1 15 15 15 84 173 84 15 173 84 15 173 84 173 84 15 93
1 17 15 15 84 173 84 15 173 84 15 84 173 84 173 84 15 15 93
1 9 15 15 84 173 84 15 173 84 15
1 9 15 173 84 173 84 15 173 84 15
1 15 15 15 84 173 84 15 173 84 15 173 84 173 84 15 93
1 3 3 34 120
1 6 3 34 3 34 14 80
1 2 14 79
1 4 3 34 3 34
1 3 3 34 134
1 9 7 63 176 28 108 237 361 470 548
1 6 6 15 84 1 26 106
1 2 5 54
1 6 3 34 6 3 34 6
1 3 1 26 106
1 4 3 34 3 34
1 4 3 34 3 34
1 3 3 34 135
1 4 3 34 3 34
1 3 3 34 128
1 3 371 3 34
1 3 371 3 34
1 3 371 3 34
1 3 371 3 34
1 1 20
1 3 371 3 34
1 4 3 34 14 81
1 1 21
1 6 3 34 3 34 3 34
1 5 3 34 3 34 130
1 4 3 34 14 79
1 5 3 34 34 3 38
1 2 4 43
1 2 14 82
1 4 3 34 3 34
1 2 3 33
1 2 7 60
1 4 3 34 3 34
1 2 1 24
1 5 3 34 116 244 244
1 2 8 67
1 2 14 79
1 4 6 3 34 14
1 3 3 34 34
1 6 3 34 3 34 3 34
1 4 3 34 3 34
1 4 6 3 34 119
1 4 10 3 34 123
1 5 116 245 84 244 369
1 5 116 245 84 244 369
1 7 3 34 3 34 116 244 244
1 3 3 34 123
1 4 3 34 116 244
1 3 116 244 369
1 6 12 3 34 7 1 26
1 12 7 63 176 28 108 237 361 470 549 619 678 729
1 5 3 34 34 6 57
1 8 6 3 34 3 34 7 1 26
1 7 7 63 176 28 108 237 362
1 2 63 179
1 1 13
1 1 13
1 4 3 34 3 34
1 4 3 34 3 34
1 5 3 34 3 34 130
1 4 3 34 3 34
1 7 3 34 3 34 7 1 26
1 2 63 178
1 12 7 63 176 28 108 237 361 470 549 619 678 729
1 3 14 78 199
1 4 7 14 78 198
1 5 1 7 14 78 198
1 4 1 7 14 76
1 3 1 7 59
1 3 14 78 199
1 3 1 7 59
1 3 14 78 199
1 5 1 7 14 78 198
1 3 1 7 66
1 12 7 63 176 28 108 237 361 470 549 619 678 729
1 12 7 63 176 28 108 237 361 470 549 619 678 729
1 3 14 78 199
1 2 7 59
1 4 1 7 63 177
1 3 1 7 62
1 3 1 7 59
1 3 1 7 62
1 5 1 7 14 78 198
1 3 7 1 26
1 12 7 63 176 28 108 237 361 470 549 619 678 729
1 4 7 61 173 305
1 11 3 34 7 63 176 28 108 237 361 470 548
1 2 3 36
1 3 3 34 44
1 1 13
1 3 3 34 34
1 6 3 34 7 1 26 106
1 3 3 34 133
1 1 19
1 4 3 34 6 58
1 4 3 34 6 58
1 3 3 34 134
1 1 18
1 3 3 34 34
1 6 4 4 4 41 4 45
1 5 4 4 41 4 45
1 10 44 3 34 3 34 34 34 34 3 39
1 12 4 4 4 4 41 4 4 41 4 4 41 144
1 22 4 44 3 34 34 34 34 34 3 3 34 34 3 34 44 3 34 34 15 84 173 306
1 10 3 3 34 34 44 4 44 4 4 47
1 1 23
1 14 3 34 34 34 34 34 3 3 34 34 15 173 84 204
1 3 4 4 4
1 16 4 4 4 4 41 4 4 41 44 4 4 4 4 44 4 49
1 2 3 36
1 12 4 4 4 44 4 41 4 44 4 41 44 151
1 5 4 44 3 34 131
1 10 4 4 4 4 4 4 41 4 4 52
1 4 4 4 4 48
1 3 4 4 45
1 2 4 51
1 15 44 4 4 41 4 41 4 4 41 4 44 4 41 4 51
1 13 4 4 4 4 4 4 41 4 41 4 4 4 49
1 5 4 4 41 4 46
1 6 4 44 4 4 4 43
1 1 22
1 9 4 4 4 41 4 4 4 4 47
1 5 44 4 4 4 43
1 6 3 34 34 34 34 136
1 11 4 4 4 44 4 4 4 4 4 44 152
1 1 23
1 22 4 4 4 41 44 4 4 44 3 34 34 44 3 34 3 34 34 34 3 34 3 36
1 11 4 41 4 41 4 41 4 4 4 44 150
1 6 4 4 41 4 4 50
1 12 4 41 4 44 4 41 4 4 44 4 44 153
1 6 4 44 4 4 4 4
1 5 15 84 15 84 208
1 9 4 4 44 4 4 4 41 4 47
1 3 44 4 50
1 1 20
1 10 44 3 34 34 34 3 34 34 44 152
1 1 23
1 16 4 4 41 4 4 4 41 4 4 41 4 44 3 34 34 131
1 10 44 4 4 4 4 4 4 41 4 47
1 2 3 37
1 6 4 4 4 41 4 53
1 9 3 34 3 34 3 34 34 44 152
1 11 4 4 4 4 4 4 41 44 3 3 36
1 7 44 4 44 4 4 41 147
1 4 4 44 4 4
1 25 4 4 4 41 4 4 41 4 41 4 4 41 44 3 34 34 3 34 3 34 6 3 34 34 128
1 3 3 34 117
1 4 15 173 84 205
1 2 15 86
1 3 3 34 129
1 2 3 40
1 2 15 85
1 3 7 1 26
1 5 15 173 84 173 84
1 2 1 27
1 4 3 34 3 34
1 6 6 3 34 7 1 29
1 2 1 29
1 4 3 34 3 34
1 6 3 34 3 34 6 58
1 4 15 84 173 84
1 5 3 34 116 245 372
1 4 3 34 3 34
1 4 3 34 15 84
1 3 3 34 15
1 5 6 3 34 244 369
1 5 6 3 34 15 85
1 3 6 3 34
1 1 23
1 2 15 85
1 1 2
1 3 15 15 15
1 3 15 15 15
1 4 15 15 173 84
1 4 15 15 15 90
1 6 6 3 34 7 1 26
1 1 11
1 3 6 3 34
1 4 3 34 116 245
1 2 15 85
1 6 10 3 34 7 1 26
1 2 63 178
1 3 3 34 3
1 3 3 34 125
1 2 5 55
1 3 6 15 87
1 2 63 180
1 3 7 1 26
1 3 6 15 83
1 4 3 34 3 34
1 1 16
