536 207
1 3 1 1 422
1 6 3 37 134 282 134 282
1 5 3 37 134 282 427
1 2 5 54
1 6 3 37 134 282 134 282
1 6 3 37 134 282 134 282
1 7 3 37 134 282 134 282 428
1 6 3 37 134 282 134 282
1 9 3 37 134 282 134 282 7 62 195
1 8 3 37 134 282 134 282 134 282
1 8 3 37 134 282 134 282 134 282
1 6 3 37 134 282 134 282
1 9 3 37 134 282 6 134 282 6 58
1 3 7 62 195
1 3 6 134 282
1 4 8 3 37 138
1 4 6 134 282 430
1 3 6 134 282
1 4 11 3 37 140
1 4 11 3 37 7
1 4 3 37 134 282
1 3 13 3 37
1 1 14
1 2 7 64
1 15 3 3 37 7 69 1 31 126 278 422 553 664 759 834 896
1 4 3 37 7 70
1 4 3 37 134 282
1 4 3 37 134 282
1 4 3 37 134 282
1 3 3 37 138
1 6 3 37 134 282 134 282
1 6 3 37 134 282 134 282
1 6 3 37 134 282 134 282
1 6 3 37 134 282 134 282
1 6 3 37 134 282 134 282
1 6 3 37 134 282 134 282
1 3 3 37 145
1 8 3 37 134 282 134 282 134 282
1 6 3 37 134 282 134 282
1 8 3 37 134 282 134 282 134 282
1 3 3 37 136
1 4 3 37 134 282
1 4 3 37 134 282
1 6 6 134 282 134 282 6
1 4 3 37 134 282
1 4 3 37 134 282
1 5 8 3 37 18 97
1 3 4 42 162
1 4 3 37 134 282
1 3 3 37 145
1 4 6 134 282 430
1 3 3 37 6
1 3 13 3 37
1 4 3 37 134 282
1 4 3 37 134 282
1 3 3 37 4
1 4 3 37 134 282
1 2 69 206
1 3 4 42 163
1 3 3 37 6
1 3 3 3 37
1 3 3 3 37
1 3 6 134 282
1 3 6 134 282
1 3 3 37 6
1 3 3 37 135
1 3 3 37 4
1 5 3 37 6 19 106
1 2 19 107
1 2 19 106
1 3 19 19 103
1 5 3 37 19 101 250
1 1 10
1 1 17
1 4 3 37 6 56
1 2 19 107
1 2 69 209
1 5 19 19 19 19 108
1 4 3 37 11 83
1 2 19 107
1 2 69 210
1 4 19 19 19 106
1 3 19 19 19
1 3 3 37 4
1 3 3 37 149
1 5 6 134 282 289 444
1 2 7 71
1 1 16
1 2 135 286
1 6 135 19 101 289 447 578
1 6 135 19 101 289 447 578
1 6 135 19 101 289 447 578
1 6 135 19 101 289 447 578
1 6 135 19 101 289 447 578
1 6 135 19 101 289 447 578
1 6 135 19 101 289 447 578
1 2 135 287
1 6 135 19 101 289 447 578
1 6 135 19 101 289 447 578
1 6 3 37 135 289 447 578
1 6 3 37 135 289 447 578
1 4 3 37 135 285
1 1 15
1 6 3 37 135 289 447 578
1 2 19 109
1 2 4 43
1 2 4 43
1 2 4 43
1 3 1 1 422
1 7 6 134 282 134 282 6 57
1 6 3 37 11 3 37 151
1 4 3 37 134 282
1 3 3 37 142
1 3 3 37 142
1 3 3 37 141
1 4 3 37 134 282
1 5 8 3 37 18 97
1 4 3 37 8 76
1 3 3 37 139
1 4 6 134 282 430
1 2 6 57
1 6 3 37 135 289 289 445
1 6 3 37 135 289 289 445
1 6 3 37 135 289 289 445
1 5 3 37 7 62 195
1 2 7 64
1 5 135 289 289 445 576
1 5 3 37 7 62 195
1 2 5 54
1 6 3 37 135 289 289 445
1 6 3 37 135 289 289 445
1 6 3 37 135 289 289 445
1 6 3 37 135 289 289 445
1 6 3 37 135 289 289 445
1 6 3 37 135 289 289 445
1 9 3 37 134 282 134 282 6 134 284
1 8 3 37 134 282 134 282 134 282
1 8 3 37 134 282 134 282 134 282
1 8 3 37 134 282 134 282 134 282
1 8 3 37 134 282 134 282 134 282
1 11 3 37 134 282 6 134 282 6 134 282 6
1 8 3 37 134 282 134 282 134 282
1 8 3 37 134 282 134 282 134 282
1 8 3 37 134 282 134 282 134 282
1 9 3 37 134 282 134 282 6 134 284
1 11 3 37 134 282 6 134 282 134 282 18 94
1 4 6 134 282 435
1 4 11 3 37 133
1 3 7 62 197
1 3 19 101 249
1 1 20
1 3 19 101 248
1 3 7 62 195
1 5 3 37 7 62 195
1 10 3 37 134 282 134 282 6 19 101 246
1 3 7 62 195
1 5 3 37 7 62 195
1 10 3 37 4 46 42 4 6 19 101 246
1 10 3 37 134 282 4 46 42 4 19 101
1 13 3 37 134 282 4 42 4 42 4 6 19 101 246
1 12 3 37 134 282 134 282 4 46 42 4 19 101
1 10 3 37 134 282 4 46 42 4 19 101
1 10 3 37 134 282 4 46 42 4 19 101
1 10 3 37 134 282 4 46 42 4 19 101
1 3 3 37 137
1 9 3 37 134 282 4 46 4 42 164
1 13 3 37 134 282 4 42 4 42 4 6 19 101 246
1 4 6 19 101 247
1 2 11 83
1 4 6 134 282 436
1 6 3 37 134 282 134 282
1 8 3 37 6 134 282 18 3 37
1 4 3 37 134 282
1 8 3 37 19 101 244 383 3 37
1 8 3 37 19 101 244 383 3 37
1 10 3 37 134 282 134 282 134 282 134 282
1 4 3 37 134 282
1 4 3 37 134 282
1 6 3 37 6 134 282 427
1 4 3 37 19 101
1 4 3 37 6 57
1 6 6 134 282 134 282 6
1 1 2
1 3 18 97 240
1 4 3 37 18 97
1 3 3 37 148
1 2 1 33
1 2 1 28
1 7 18 3 37 134 282 134 282
1 6 3 37 134 282 134 282
1 6 3 37 134 282 134 282
1 6 3 37 134 282 134 282
1 11 3 37 134 282 134 282 134 282 18 3 37
1 6 3 37 134 282 134 282
1 6 3 37 134 282 134 282
1 6 3 37 134 282 134 282
1 12 3 37 134 282 134 282 134 282 18 3 37 18
1 6 3 37 134 282 134 282
1 3 18 3 37
1 3 3 37 153
1 3 1 1 422
1 3 6 134 282
1 3 8 3 37
1 4 6 134 282 435
1 3 11 3 37
1 3 13 3 37
1 4 6 134 282 436
1 7 6 134 282 134 282 6 56
1 10 3 37 134 282 134 282 289 445 134 284
1 11 3 37 134 282 134 282 289 445 134 282 6
1 10 3 37 134 282 134 282 289 445 134 282
1 8 6 134 282 134 282 134 282 433
1 10 3 37 134 282 134 282 289 445 134 282
1 10 3 37 134 282 134 282 289 445 134 282
1 8 3 37 134 282 134 282 289 445
1 4 6 134 282 430
1 5 3 37 134 282 436
1 2 6 55
1 8 13 3 37 134 282 134 282 432
1 9 6 134 282 134 282 134 282 6 56
1 7 8 3 37 4 42 4 44
1 10 3 37 134 282 134 282 289 445 134 282
1 10 3 37 134 282 134 282 289 445 134 282
1 11 3 37 134 282 134 282 289 445 134 282 4
1 10 3 37 134 282 134 282 289 445 134 282
1 8 11 3 37 134 282 134 282 431
1 9 6 134 282 134 282 134 282 6 56
1 8 3 37 134 282 134 282 289 445
1 14 7 66 244 383 1 31 126 278 422 553 664 759 834 896
1 14 7 66 244 383 1 31 126 278 422 553 664 759 834 896
1 2 135 288
1 6 3 37 134 282 134 282
1 6 3 37 134 282 134 282
1 8 3 37 134 282 134 282 134 282
1 4 3 37 134 282
1 4 3 37 134 282
1 6 3 37 134 282 134 282
1 8 3 37 134 282 134 282 134 282
1 6 3 37 134 282 134 282
1 7 3 37 134 282 134 282 426
1 4 3 37 134 282
1 4 6 134 282 426
1 1 14
1 14 7 66 244 383 1 31 126 278 422 553 664 759 834 896
1 14 7 66 244 383 1 31 126 278 422 553 664 759 834 896
1 2 13 86
1 14 7 66 244 383 1 31 126 278 422 553 664 759 834 896
1 14 7 66 244 383 1 31 126 278 422 553 664 759 834 896
1 2 11 81
1 3 19 19 19
1 4 3 37 8 73
1 14 7 66 244 383 1 31 126 278 422 553 664 759 834 896
1 3 7 66 203
1 3 7 66 202
1 14 7 66 244 383 1 31 126 278 422 553 664 759 834 896
1 14 7 66 244 383 1 31 126 278 422 553 664 759 834 896
1 3 7 66 203
1 4 6 134 282 426
1 1 14
1 9 7 66 244 383 1 31 126 278 423
1 2 11 82
1 1 12
1 4 3 37 8 74
1 1 23
1 4 3 37 134 282
1 4 3 37 134 282
1 4 3 37 134 282
1 4 3 37 134 282
1 4 3 37 134 282
1 3 3 37 144
1 4 3 37 134 282
1 3 3 37 144
1 4 3 37 134 282
1 3 4 4 4
1 3 1 1 422
1 5 6 19 101 244 385
1 4 6 19 101 251
1 4 6 134 282 436
1 3 6 19 105
1 5 3 37 6 19 110
1 4 6 19 101 251
1 5 6 19 101 244 386
1 3 3 37 142
1 4 6 19 101 251
1 5 6 19 101 244 385
1 5 6 19 101 244 384
1 4 19 19 101 248
1 4 3 37 8 75
1 6 19 3 37 134 282 434
1 15 19 19 101 244 383 519 244 383 519 244 383 3 37 19 112
1 13 19 19 101 244 383 519 244 383 519 244 383 519 636
1 6 19 3 37 134 282 434
1 15 19 19 101 244 383 519 244 383 519 244 383 3 37 19 112
1 10 19 19 101 244 383 519 244 383 519 636
1 9 19 19 101 244 383 519 244 383 519
1 6 19 3 37 134 282 434
1 15 19 19 101 244 383 519 244 383 519 244 383 3 37 19 112
1 15 19 19 101 244 383 519 244 383 519 244 383 3 37 19 112
1 5 3 37 11 3 37
1 6 3 37 134 282 18 97
1 2 18 96
1 4 3 37 134 282
1 4 3 37 134 282
1 6 6 134 282 134 282 6
1 4 3 37 134 282
1 4 3 37 4 4
1 3 3 37 155
1 9 7 69 1 31 126 278 422 553 663
1 4 6 19 101 243
1 2 1 29
1 2 5 53
1 6 3 37 6 134 282 6
1 2 11 83
1 5 3 3 37 11 80
1 2 1 29
1 4 3 37 134 282
1 4 3 37 134 282
1 3 3 37 156
1 3 3 37 150
1 4 3 37 134 282
1 3 3 37 150
1 3 3 37 132
1 3 447 3 37
1 3 447 3 37
1 3 447 3 37
1 3 447 3 37
1 3 447 3 37
1 4 3 37 134 282
1 4 3 37 134 282
1 1 24
1 3 447 3 37
1 4 3 37 18 98
1 1 25
1 6 3 37 134 282 134 282
1 6 3 37 134 282 134 282
1 5 3 37 134 282 429
1 8 19 101 244 383 3 37 4 4
1 7 3 37 134 282 4 42 42
1 4 3 37 134 282
1 4 3 37 18 96
1 5 3 37 4 42 165
1 4 4 6 134 283
1 2 18 99
1 4 3 37 134 282
1 2 3 36
1 2 7 64
1 4 3 37 134 282
1 3 1 1 422
1 5 3 37 135 289 289
1 2 8 77
1 2 18 96
1 4 6 134 282 18
1 3 3 37 4
1 4 3 37 134 282
1 3 3 37 4
1 6 3 37 134 282 134 282
1 4 3 37 134 282
1 5 6 134 282 134 282
1 4 6 134 282 430
1 4 11 3 37 143
1 5 135 19 101 289 443
1 4 3 37 135 286
1 5 135 19 101 289 443
1 5 3 37 134 282 427
1 3 3 37 143
1 4 3 37 135 289
1 3 135 289 443
1 6 13 3 37 7 62 195
1 6 11 3 37 135 289 446
1 12 7 69 1 31 126 278 422 553 664 759 834 896
1 5 3 37 4 6 57
1 8 6 134 282 134 282 7 62 195
1 7 7 69 1 31 126 278 423
1 2 69 207
1 1 15
1 1 15
1 4 3 37 134 282
1 4 3 37 134 282
1 5 3 37 134 282 429
1 4 3 37 4 42
1 4 3 37 134 282
1 7 3 37 134 282 7 62 195
1 2 69 206
1 12 7 69 1 31 126 278 422 553 664 759 834 896
1 3 18 95 238
1 4 7 18 95 237
1 5 1 7 18 95 237
1 4 1 7 18 93
1 3 1 7 63
1 3 18 95 238
1 3 1 7 63
1 3 18 95 238
1 5 1 7 18 95 237
1 3 1 7 72
1 12 7 69 1 31 126 278 422 553 664 759 834 896
1 12 7 69 1 31 126 278 422 553 664 759 834 896
1 3 18 95 238
1 2 7 63
1 4 1 7 69 205
1 3 1 7 68
1 3 1 7 63
1 3 1 7 68
1 5 1 7 18 95 237
1 3 7 62 195
1 12 7 69 1 31 126 278 422 553 664 759 834 896
1 3 3 37 152
1 4 7 66 244 387
1 1 9
1 11 3 37 7 69 1 31 126 278 422 553 663
1 2 3 38
1 8 3 37 134 282 134 282 134 282
1 3 3 37 146
1 6 3 37 134 282 7 67
1 1 15
1 3 3 37 4
1 6 3 37 7 62 195 338
1 5 1 1 1 1 1
1 3 3 37 154
1 1 22
1 4 3 37 6 59
1 4 3 37 6 59
1 3 3 37 155
1 1 21
1 3 3 37 4
1 3 3 37 147
1 2 6 60
1 3 1 1 422
1 6 4 4 4 42 4 47
1 5 4 4 42 4 47
1 10 46 42 4 42 4 4 4 4 42 167
1 14 4 4 4 4 42 4 4 42 4 4 42 42 4 4
1 22 4 46 42 4 4 4 4 4 42 42 4 4 42 4 46 42 4 4 19 101 244 388
1 10 3 3 37 4 46 4 46 4 4 447
1 2 27 120
1 7 4 42 4 46 4 4 52
1 14 3 37 4 4 4 4 42 42 4 4 19 3 37 4
1 3 4 4 4
1 16 4 4 4 4 42 4 4 42 46 4 4 4 4 46 4 48
1 2 3 38
1 12 4 4 4 46 4 42 4 46 4 42 46 172
1 5 4 46 42 4 48
1 21 4 4 4 42 4 4 42 4 42 46 4 4 4 42 4 46 4 4 42 4 447
1 10 4 4 4 4 4 4 42 4 4 51
1 4 46 42 4 4
1 4 4 4 4 45
1 3 4 4 47
1 2 4 50
1 15 46 4 4 42 4 42 4 4 42 4 46 4 42 4 50
1 13 4 4 4 4 4 4 42 4 42 4 4 4 48
1 9 4 4 42 4 19 101 244 383 518
1 6 4 46 4 4 4 6
1 1 26
1 9 4 4 4 42 4 4 4 4 447
1 5 46 4 4 4 6
1 6 3 37 4 4 4 52
1 11 4 4 4 46 4 4 4 4 4 46 173
1 2 27 120
1 23 4 4 4 42 46 4 4 46 42 4 4 46 42 4 42 4 4 4 42 4 42 46 173
1 11 4 42 4 42 4 42 4 4 4 46 171
1 6 4 4 42 4 4 49
1 12 4 42 4 46 4 42 4 4 46 4 46 174
1 6 4 46 4 4 4 4
1 3 19 101 251
1 9 4 4 46 4 4 4 42 4 447
1 3 46 4 49
1 1 24
1 10 46 42 4 4 4 42 4 4 46 173
1 2 27 122
1 16 4 4 42 4 4 4 42 4 4 42 4 46 42 4 4 48
1 10 46 4 4 4 4 4 4 42 4 447
1 2 3 39
1 6 4 4 4 42 4 52
1 9 3 37 134 282 134 282 4 46 173
1 2 27 120
1 14 4 4 4 4 4 4 42 46 42 42 46 4 4 50
1 7 46 4 46 4 4 42 166
1 4 4 46 4 4
1 25 4 4 4 42 4 4 42 4 42 4 4 42 46 42 4 4 42 4 42 4 6 134 282 4 447
1 14 4 46 42 42 42 4 4 46 42 46 4 19 101 245
1 2 19 104
1 4 3 37 8 75
1 5 19 3 37 6 61
1 2 19 103
1 3 3 37 142
1 2 3 41
1 2 19 102
1 3 7 62 195
1 5 19 3 37 134 282
1 2 19 103
1 5 11 3 37 11 83
1 2 1 30
1 4 3 37 134 282
1 6 6 134 282 7 62 196
1 2 1 32
1 2 18 94
1 4 3 37 134 282
1 2 3 40
1 6 3 37 134 282 6 59
1 4 3 37 134 282
1 4 19 101 244 383
1 5 3 37 135 19 111
1 3 3 37 19
1 4 3 37 134 282
1 4 3 37 134 282
1 4 3 37 19 101
1 3 3 37 19
1 5 6 134 282 289 443
1 4 6 134 282 434
1 3 6 134 282
1 2 27 121
1 4 19 19 3 37
1 2 19 102
1 1 2
1 3 19 19 19
1 3 19 19 19
1 4 19 19 3 37
1 4 19 19 19 106
1 6 6 134 282 7 62 195
1 1 12
1 3 6 134 282
1 4 3 37 135 19
1 2 19 102
1 6 11 3 37 7 62 195
1 2 69 206
1 4 3 37 6 58
1 9 7 69 1 31 126 278 422 553 663
1 2 7 65
1 3 3 37 134
1 3 3 37 145
1 2 5 54
1 3 6 19 105
1 2 69 208
1 3 7 62 195
1 3 6 19 100
1 4 3 37 134 282
1 1 20
