432 164
1 6 1 28 1 28 1 28
1 2 3 42
1 6 1 28 1 28 1 28
1 6 1 28 1 28 1 28
1 7 1 28 1 28 1 28 116
1 6 1 28 1 28 1 28
1 9 1 28 1 28 1 28 4 5 55
1 8 1 28 1 28 1 28 1 28
1 6 1 28 1 28 1 28
1 9 1 28 1 28 6 1 28 6 63
1 3 4 5 55
1 3 6 1 28
1 4 7 1 28 119
1 4 7 1 28 4
1 1 9
1 2 4 43
1 4 1 28 4 49
1 4 1 28 1 28
1 4 1 28 1 28
1 4 1 28 1 28
1 6 1 28 1 28 1 28
1 6 1 28 1 28 1 28
1 6 1 28 1 28 1 28
1 3 1 28 123
1 8 1 28 1 28 1 28 1 28
1 8 1 28 1 28 1 28 1 28
1 7 1 28 253 115 1 28 6
1 4 1 28 1 28
1 4 1 28 1 28
1 6 6 1 28 1 28 6
1 4 1 28 1 28
1 4 1 28 1 28
1 3 2 1 30
1 4 1 28 1 28
1 3 1 28 123
1 4 6 1 28 127
1 3 1 28 6
1 1 15
1 4 1 28 1 28
1 4 1 28 1 28
1 3 1 28 28
1 4 1 28 1 28
1 2 51 167
1 3 1 28 6
1 3 1 1 28
1 3 1 1 28
1 3 6 1 28
1 3 1 28 115
1 3 1 28 28
1 5 1 28 6 16 96
1 2 16 97
1 3 16 16 90
1 5 1 28 16 89 221
1 1 18
1 1 17
1 4 1 28 6 61
1 2 16 97
1 2 51 169
1 5 16 16 16 16 98
1 4 1 28 7 70
1 2 16 97
1 2 51 170
1 4 16 16 16 96
1 3 16 16 16
1 3 1 28 28
1 5 6 1 28 253 386
1 2 4 52
1 1 11
1 6 115 1 28 253 388 499
1 6 115 16 89 253 388 499
1 6 115 16 89 253 388 499
1 6 115 16 89 253 388 499
1 6 115 16 89 253 388 499
1 6 115 16 89 253 388 499
1 2 115 251
1 6 115 16 89 253 388 499
1 6 115 16 89 253 388 499
1 6 1 28 115 253 388 499
1 6 1 28 115 253 388 499
1 4 1 28 115 255
1 1 10
1 6 1 28 115 253 388 499
1 2 16 99
1 2 2 37
1 2 2 37
1 2 5 54
1 7 6 1 28 1 28 6 64
1 6 1 28 7 1 28 131
1 4 1 28 1 28
1 3 1 28 120
1 3 1 28 128
1 1 13
1 3 1 28 125
1 3 1 28 127
1 2 6 64
1 6 1 28 115 253 253 115
1 5 1 28 4 5 55
1 2 4 43
1 5 115 253 253 115 254
1 5 1 28 4 5 55
1 2 3 42
1 6 1 28 115 253 253 115
1 6 1 28 115 253 253 115
1 6 1 28 115 253 253 115
1 6 1 28 115 253 253 115
1 9 1 28 1 28 1 28 6 1 32
1 8 1 28 1 28 1 28 1 28
1 8 1 28 1 28 1 28 1 28
1 8 1 28 1 28 1 28 1 28
1 8 1 28 1 28 1 28 1 28
1 11 1 28 1 28 6 1 28 6 1 28 6
1 8 1 28 1 28 1 28 1 28
1 8 1 28 1 28 1 28 1 28
1 9 1 28 1 28 1 28 6 1 32
1 11 1 28 1 28 6 1 28 1 28 14 82
1 4 6 1 28 130
1 4 7 1 28 122
1 3 4 5 59
1 3 16 89 218
1 1 19
1 3 16 89 220
1 3 4 5 55
1 5 1 28 4 5 55
1 10 1 28 1 28 1 28 6 16 89 217
1 3 4 5 55
1 5 1 28 4 5 55
1 10 1 28 28 124 1 28 6 16 89 217
1 10 1 28 1 28 28 124 1 28 16 89
1 13 1 28 1 28 28 1 28 1 28 6 16 89 217
1 10 1 28 1 28 28 124 1 28 16 89
1 10 1 28 1 28 28 124 1 28 16 89
1 10 1 28 1 28 28 124 1 28 16 89
1 3 1 28 117
1 9 1 28 1 28 28 124 28 1 33
1 4 6 16 89 216
1 2 7 70
1 7 1 28 6 1 28 14 81
1 4 1 28 1 28
1 8 1 28 16 89 214 89 214 89
1 8 1 28 16 89 214 89 214 89
1 4 1 28 1 28
1 8 1 28 6 1 28 115 16 89
1 4 1 28 16 89
1 6 6 1 28 1 28 6
1 1 12
1 2 14 85
1 4 1 28 14 85
1 3 1 28 130
1 2 5 60
1 6 1 28 1 28 1 28
1 6 1 28 1 28 1 28
1 6 1 28 1 28 1 28
1 6 1 28 1 28 1 28
1 6 1 28 1 28 1 28
1 6 1 28 1 28 1 28
1 10 1 28 1 28 1 28 1 28 14 81
1 6 1 28 1 28 1 28
1 2 14 81
1 3 1 28 134
1 2 5 54
1 1 13
1 4 6 1 28 130
1 1 15
1 4 6 1 28 135
1 7 6 1 28 1 28 6 61
1 10 1 28 1 28 1 28 253 115 1 32
1 11 1 28 1 28 1 28 253 115 1 28 6
1 8 6 1 28 1 28 1 28 123
1 10 1 28 1 28 1 28 253 115 1 28
1 4 6 1 28 127
1 2 6 62
1 9 6 1 28 1 28 1 28 6 61
1 1 13
1 10 1 28 1 28 1 28 253 115 1 28
1 10 1 28 1 28 1 28 253 115 1 28
1 11 1 28 1 28 1 28 253 115 1 28 28
1 9 6 1 28 1 28 1 28 6 61
1 8 1 28 1 28 1 28 253 115
1 14 4 46 214 89 5 57 177 314 439 540 624 691 748 795
1 14 4 46 214 89 5 57 177 314 439 540 624 691 748 795
1 2 115 252
1 6 1 28 1 28 1 28
1 6 1 28 1 28 1 28
1 8 1 28 1 28 1 28 1 28
1 4 1 28 1 28
1 4 1 28 1 28
1 6 1 28 1 28 1 28
1 8 1 28 1 28 1 28 1 28
1 6 1 28 1 28 1 28
1 7 1 28 1 28 1 28 118
1 4 1 28 1 28
1 4 6 1 28 118
1 1 9
1 14 4 46 214 89 5 57 177 314 439 540 624 691 748 795
1 14 4 46 214 89 5 57 177 314 439 540 624 691 748 795
1 1 15
1 14 4 46 214 89 5 57 177 314 439 540 624 691 748 795
1 2 7 68
1 3 16 16 16
1 3 1 28 125
1 14 4 46 214 89 5 57 177 314 439 540 624 691 748 795
1 3 4 46 160
1 3 4 46 161
1 14 4 46 214 89 5 57 177 314 439 540 624 691 748 795
1 14 4 46 214 89 5 57 177 314 439 540 624 691 748 795
1 3 4 46 160
1 9 4 46 214 89 5 57 177 314 440
1 2 7 69
1 1 8
1 3 1 28 125
1 1 23
1 4 1 28 1 28
1 4 1 28 1 28
1 4 1 28 1 28
1 4 1 28 1 28
1 3 1 28 129
1 4 1 28 1 28
1 3 2 2 2
1 5 6 16 89 214 348
1 5 6 16 89 16 94
1 4 6 1 28 135
1 3 6 16 94
1 5 6 16 89 16 95
1 5 6 16 89 214 349
1 3 1 28 120
1 5 6 16 89 214 348
1 5 6 16 89 214 347
1 4 16 16 89 220
1 3 1 28 125
1 19 16 214 89 214 89 16 214 89 16 214 89 214 89 16 89 214 89 101 236
1 20 16 16 89 214 89 16 214 89 16 214 89 214 89 16 101 236 214 89 101 236
1 12 16 214 89 214 89 16 214 89 16 214 89 222
1 20 16 16 89 214 89 16 214 89 16 214 89 214 89 16 101 236 214 89 101 236
1 22 16 16 89 214 89 16 214 89 16 89 214 89 214 89 16 16 101 236 214 89 101 236
1 9 16 16 89 214 89 16 214 89 16
1 9 16 214 89 214 89 16 214 89 16
1 20 16 16 89 214 89 16 214 89 16 214 89 214 89 16 101 236 214 89 101 236
1 20 16 16 89 214 89 16 214 89 16 214 89 214 89 16 101 236 214 89 101 236
1 5 1 28 7 1 28
1 6 1 28 1 28 14 85
1 2 14 84
1 4 1 28 1 28
1 4 1 28 1 28
1 6 6 1 28 1 28 6
1 4 1 28 28 28
1 3 1 28 138
1 9 4 51 166 57 177 314 439 540 623
1 6 6 16 89 5 55 175
1 3 5 55 175
1 2 3 41
1 2 7 70
1 5 1 1 28 7 67
1 3 5 55 175
1 4 1 28 1 28
1 3 1 28 139
1 3 1 28 388
1 4 1 28 1 28
1 3 1 28 388
1 3 1 28 118
1 3 388 1 28
1 3 388 1 28
1 3 388 1 28
1 3 388 1 28
1 4 1 28 1 28
1 4 1 28 1 28
1 1 24
1 3 388 1 28
1 1 25
1 6 1 28 1 28 1 28
1 6 1 28 1 28 1 28
1 7 16 89 214 89 214 89 215
1 7 1 28 1 28 28 1 1
1 4 1 28 1 28
1 4 1 28 14 84
1 5 1 28 28 1 35
1 2 2 38
1 2 14 86
1 4 1 28 1 28
1 2 1 29
1 2 4 43
1 4 1 28 1 28
1 1 13
1 3 1 28 28
1 4 1 28 1 28
1 3 1 28 28
1 5 6 1 28 1 28
1 4 6 1 28 127
1 4 7 1 28 121
1 5 115 16 89 253 385
1 6 1 28 115 1 28 253
1 5 115 16 89 253 385
1 3 1 28 121
1 4 1 28 115 253
1 3 115 253 385
1 1 15
1 6 7 1 28 115 253 387
1 12 4 51 166 57 177 314 439 540 624 691 748 795
1 5 1 28 28 6 64
1 7 4 51 166 57 177 314 440
1 1 10
1 1 10
1 4 1 28 1 28
1 4 1 28 1 28
1 4 1 28 28 1
1 4 1 28 1 28
1 7 1 28 1 28 4 5 55
1 2 51 167
1 12 4 51 166 57 177 314 439 540 624 691 748 795
1 2 4 50
1 3 5 4 50
1 2 14 83
1 3 5 4 48
1 3 5 4 50
1 3 5 4 53
1 12 4 51 166 57 177 314 439 540 624 691 748 795
1 2 14 83
1 2 4 48
1 4 5 4 51 168
1 3 5 4 47
1 3 5 4 48
1 3 5 4 47
1 3 4 5 55
1 12 4 51 166 57 177 314 439 540 624 691 748 795
1 3 1 28 132
1 4 4 46 214 351
1 1 22
1 11 1 28 4 51 166 57 177 314 439 540 623
1 3 1 124 271
1 8 1 28 1 28 1 28 1 28
1 3 1 28 124
1 6 1 28 1 28 4 45
1 1 10
1 3 1 28 28
1 6 1 28 4 5 55 175
1 2 5 54
1 3 1 28 136
1 1 21
1 4 1 28 6 66
1 4 1 28 6 66
1 3 1 28 138
1 1 20
1 3 1 28 28
1 3 1 28 126
1 2 6 65
1 2 5 54
1 6 2 2 2 1 28 126
1 10 124 1 28 1 28 28 28 28 1 36
1 22 2 124 1 28 28 28 28 28 1 1 28 28 1 28 124 1 28 28 16 89 214 350
1 10 1 1 28 28 124 28 124 28 28 388
1 1 27
1 7 2 1 28 124 28 28 142
1 14 1 28 28 28 28 28 1 1 28 28 16 214 89 215
1 3 2 2 2
1 16 2 2 2 2 1 28 28 1 124 28 28 28 28 124 28 133
1 15 1 124 28 1 124 1 28 1 124 28 28 28 124 28 28
1 12 2 2 2 124 28 1 28 124 28 1 124 269
1 5 2 124 1 28 133
1 21 2 2 2 1 28 28 1 28 1 124 28 28 28 1 28 124 28 28 1 28 388
1 10 2 2 2 2 2 2 1 28 28 141
1 4 124 1 28 28
1 3 2 2 39
1 2 2 40
1 15 124 28 28 1 28 1 28 28 1 28 124 28 1 28 140
1 13 2 2 2 2 2 2 1 28 1 28 28 28 133
1 6 2 124 28 28 28 6
1 1 26
1 9 2 2 2 1 28 28 28 28 388
1 5 124 28 28 28 6
1 6 1 28 28 28 28 142
1 11 2 2 2 124 28 28 28 28 28 124 270
1 23 2 2 2 1 124 28 28 124 1 28 28 124 1 28 1 28 28 28 1 28 1 124 270
1 11 2 1 28 1 28 1 28 28 28 124 268
1 6 2 2 1 28 28 137
1 6 2 124 28 28 28 28
1 5 16 89 16 89 219
1 3 124 28 137
1 1 24
1 10 124 1 28 28 28 1 28 28 124 270
1 1 27
1 2 1 31
1 1 27
1 14 2 2 2 2 2 2 1 124 1 1 124 28 28 140
1 7 124 28 124 28 28 1 34
1 4 2 124 28 28
1 25 2 2 2 1 28 28 1 28 1 28 28 1 124 1 28 28 1 28 1 28 6 1 28 28 388
1 14 2 124 1 1 1 28 28 124 1 124 28 16 89 215
1 2 16 93
1 4 16 214 89 217
1 2 16 90
1 2 16 91
1 3 4 5 55
1 5 16 214 89 214 89
1 2 16 90
1 5 7 1 28 7 70
1 2 5 56
1 4 1 28 1 28
1 6 6 1 28 4 5 58
1 2 5 58
1 2 14 82
1 4 1 28 1 28
1 2 1 33
1 6 1 28 1 28 6 66
1 4 1 28 1 28
1 4 16 89 214 89
1 5 1 28 115 16 100
1 3 1 28 16
1 4 1 28 1 28
1 4 1 28 1 28
1 4 1 28 16 89
1 3 1 28 16
1 5 6 1 28 16 91
1 1 27
1 4 16 16 214 89
1 3 16 16 16
1 3 16 16 16
1 4 16 16 214 89
1 4 16 16 16 96
1 1 8
1 3 6 1 28
1 4 1 28 115 16
1 2 16 91
1 6 7 1 28 4 5 55
1 2 51 167
1 4 1 28 6 63
1 9 4 51 166 57 177 314 439 540 623
1 2 4 44
1 3 1 28 1
1 3 1 28 123
1 2 3 42
1 3 6 16 94
1 3 4 5 55
1 3 6 16 92
