421 179
1 3 1 1 28
1 6 3 39 130 253 130 253
1 5 3 39 130 253 370
1 1 5
1 6 3 39 130 253 130 253
1 6 3 39 130 253 130 253
1 7 3 39 130 253 130 253 372
1 7 3 39 130 253 130 253 371
1 8 3 39 130 253 130 253 130 253
1 8 3 39 130 253 130 253 130 253
1 6 3 39 130 253 130 253
1 9 3 39 130 253 6 3 39 6 60
1 3 6 3 39
1 2 8 70
1 4 6 3 39 134
1 3 6 3 39
1 4 11 3 39 7
1 4 3 39 130 253
1 2 12 75
1 1 13
1 2 7 65
1 2 3 38
1 4 3 39 130 253
1 4 3 39 130 253
1 3 3 39 133
1 6 3 39 130 253 130 253
1 6 3 39 130 253 130 253
1 6 3 39 130 253 130 253
1 6 3 39 130 253 130 253
1 6 3 39 130 253 130 253
1 6 3 39 130 253 130 253
1 8 3 39 130 253 130 253 130 253
1 6 3 39 130 253 130 253
1 8 3 39 130 253 130 253 130 253
1 7 3 39 260 131 3 39 6
1 4 3 39 130 253
1 4 3 39 130 253
1 6 6 3 39 130 253 6
1 4 3 39 130 253
1 4 3 39 130 253
1 2 8 70
1 3 4 45 156
1 4 3 39 130 253
1 4 6 3 39 134
1 3 3 39 6
1 2 12 75
1 2 16 82
1 3 4 45 157
1 3 3 39 6
1 2 3 38
1 3 6 3 39
1 3 3 39 6
1 3 3 39 131
1 3 3 39 253
1 5 3 39 6 19 99
1 2 19 100
1 2 19 99
1 3 19 19 94
1 5 3 39 19 39 139
1 1 10
1 1 17
1 4 3 39 6 58
1 2 16 85
1 5 19 19 19 19 101
1 3 3 39 135
1 2 16 86
1 4 19 19 19 99
1 3 19 19 19
1 3 3 39 253
1 3 3 39 143
1 2 7 69
1 1 15
1 6 131 3 39 260 390 501
1 6 131 19 39 260 390 501
1 6 131 19 39 260 390 501
1 6 131 19 39 260 390 501
1 6 131 19 39 260 390 501
1 6 131 19 39 260 390 501
1 6 131 19 39 260 390 501
1 2 131 259
1 6 131 19 39 260 390 501
1 6 3 39 131 260 390 501
1 4 3 39 131 258
1 1 14
1 6 3 39 131 260 390 501
1 2 19 102
1 2 4 46
1 2 4 46
1 2 4 46
1 3 1 1 28
1 3 3 39 135
1 4 3 39 130 253
1 4 3 39 136 270
1 4 3 39 136 270
1 4 3 39 130 253
1 2 8 70
1 4 3 39 132 266
1 3 3 39 134
1 4 6 3 39 134
1 2 6 59
1 6 3 39 131 260 260 131
1 6 3 39 131 260 260 131
1 6 3 39 131 260 260 131
1 5 3 39 7 1 30
1 2 7 65
1 5 131 260 260 131 261
1 1 5
1 6 3 39 131 260 260 131
1 6 3 39 131 260 260 131
1 6 3 39 131 260 260 131
1 6 3 39 131 260 260 131
1 9 3 39 130 253 130 253 6 3 41
1 8 3 39 130 253 130 253 130 253
1 8 3 39 130 253 130 253 130 253
1 8 3 39 130 253 130 253 130 253
1 11 3 39 130 253 6 3 39 6 3 39 6
1 8 3 39 130 253 130 253 130 253
1 8 3 39 130 253 130 253 130 253
1 8 3 39 130 253 130 253 130 253
1 9 3 39 130 253 130 253 6 3 41
1 4 6 3 39 142
1 4 11 3 39 129
1 3 7 1 34
1 4 19 39 136 270
1 5 3 39 7 1 30
1 10 3 39 130 253 130 253 6 19 39 6
1 3 7 1 30
1 5 3 39 7 1 30
1 10 3 39 130 253 4 50 45 4 19 39
1 13 3 39 130 253 4 45 4 45 4 6 19 39 6
1 12 3 39 130 253 130 253 4 50 45 4 19 39
1 10 3 39 130 253 4 50 45 4 19 39
1 10 3 39 130 253 4 50 45 4 19 39
1 10 3 39 130 253 4 50 45 4 19 39
1 9 3 39 130 253 4 50 4 45 158
1 13 3 39 130 253 4 45 4 45 4 6 19 39 6
1 6 6 19 39 7 1 30
1 4 6 3 39 143
1 6 3 39 130 253 130 253
1 4 3 39 130 253
1 8 3 39 19 39 130 253 130 253
1 10 3 39 130 253 130 253 130 253 130 253
1 4 3 39 130 253
1 4 3 39 130 253
1 8 3 39 6 3 39 131 19 39
1 4 3 39 19 39
1 4 3 39 6 59
1 6 6 3 39 130 253 6
1 1 2
1 2 18 92
1 2 1 29
1 2 18 89
1 6 3 39 130 253 130 253
1 6 3 39 130 253 130 253
1 6 3 39 130 253 130 253
1 9 3 39 130 253 130 253 130 253 375
1 6 3 39 130 253 130 253
1 6 3 39 130 253 130 253
1 9 3 39 130 253 130 253 130 253 375
1 6 3 39 130 253 130 253
1 2 18 89
1 3 3 39 147
1 3 1 1 28
1 3 6 3 39
1 3 11 3 39
1 4 6 3 39 143
1 7 6 3 39 130 253 6 58
1 10 3 39 130 253 130 253 260 131 3 41
1 10 3 39 130 253 130 253 260 131 3 39
1 8 6 3 39 130 253 130 253 380
1 10 3 39 130 253 130 253 260 131 3 39
1 10 3 39 130 253 130 253 260 131 3 39
1 8 3 39 130 253 130 253 260 131
1 4 6 3 39 134
1 5 3 39 130 253 377
1 2 6 57
1 2 12 75
1 9 6 3 39 130 253 130 253 6 58
1 2 8 70
1 10 3 39 130 253 130 253 260 131 3 39
1 10 3 39 130 253 130 253 260 131 3 39
1 8 11 3 39 130 253 130 253 374
1 9 6 3 39 130 253 130 253 6 58
1 8 3 39 130 253 130 253 260 131
1 14 7 67 190 312 1 32 120 245 28 115 241 361 473 570
1 6 3 39 130 253 130 253
1 8 3 39 130 253 130 253 130 253
1 4 3 39 130 253
1 6 3 39 130 253 130 253
1 6 3 39 130 253 130 253
1 7 3 39 130 253 130 253 369
1 4 3 39 130 253
1 4 6 3 39 128
1 1 13
1 14 7 67 190 312 1 32 120 245 28 115 241 361 473 570
1 2 12 76
1 14 7 67 190 312 1 32 120 245 28 115 241 361 473 570
1 14 7 67 190 312 1 32 120 245 28 115 241 361 473 570
1 2 11 74
1 4 3 39 132 263
1 14 7 67 190 312 1 32 120 245 28 115 241 361 473 570
1 3 7 67 189
1 3 7 67 191
1 4 6 3 39 128
1 1 13
1 9 7 67 190 312 1 32 120 245 363
1 4 3 39 132 264
1 1 21
1 4 3 39 130 253
1 4 3 39 130 253
1 4 3 39 130 253
1 4 3 39 130 253
1 4 3 39 130 253
1 3 3 39 138
1 4 3 39 130 253
1 3 3 39 138
1 3 4 4 4
1 3 1 1 28
1 4 6 3 39 143
1 3 6 19 96
1 5 3 39 6 19 103
1 5 6 19 39 19 98
1 5 6 19 39 130 256
1 4 3 39 136 271
1 5 6 19 39 19 97
1 5 6 19 39 130 255
1 5 6 19 39 130 254
1 5 19 19 39 132 262
1 4 3 39 132 265
1 15 19 3 39 130 253 376 190 312 19 3 39 130 253 376 487
1 16 19 19 39 130 253 376 190 312 19 3 39 19 39 130 253 381
1 12 19 3 39 130 253 376 190 312 19 3 39 149
1 15 19 19 39 130 253 376 190 312 19 3 39 130 253 376 488
1 9 19 19 39 130 253 376 190 312 19
1 9 19 3 39 130 253 376 190 312 19
1 15 19 19 39 130 253 376 190 312 19 3 39 130 253 376 488
1 3 3 39 135
1 2 18 91
1 4 3 39 130 253
1 4 3 39 130 253
1 6 6 3 39 130 253 6
1 4 3 39 130 253
1 4 3 39 253 4
1 4 6 19 39 128
1 3 1 30 117
1 6 3 39 6 3 39 6
1 2 11 73
1 2 3 38
1 4 3 39 130 253
1 3 3 39 144
1 3 3 39 144
1 3 3 39 128
1 3 390 3 39
1 3 390 3 39
1 3 390 3 39
1 3 390 3 39
1 4 3 39 130 253
1 4 3 39 130 253
1 3 390 3 39
1 3 3 39 140
1 1 24
1 6 3 39 130 253 130 253
1 6 3 39 130 253 130 253
1 5 3 39 130 253 373
1 8 19 39 130 253 130 253 4 4
1 7 3 39 130 253 4 45 45
1 4 3 39 130 253
1 4 4 6 3 40
1 4 3 39 130 253
1 2 3 37
1 2 7 65
1 4 3 39 130 253
1 3 1 1 28
1 5 3 39 131 260 260
1 2 18 91
1 4 6 3 39 140
1 3 3 39 253
1 4 3 39 130 253
1 6 3 39 130 253 130 253
1 4 3 39 130 253
1 5 6 3 39 130 253
1 4 11 3 39 137
1 5 131 19 39 260 388
1 6 3 39 131 3 39 260
1 5 131 19 39 260 388
1 5 3 39 130 253 370
1 3 131 260 388
1 2 12 75
1 6 11 3 39 131 260 389
1 12 7 16 1 32 120 245 28 115 241 361 473 570
1 5 3 39 253 6 59
1 6 6 3 39 130 253 371
1 2 16 83
1 1 14
1 4 3 39 130 253
1 5 3 39 130 253 373
1 4 3 39 253 130
1 5 3 39 130 253 371
1 12 7 16 1 32 120 245 28 115 241 361 473 570
1 3 18 32 121
1 4 7 18 32 119
1 5 1 7 18 32 119
1 4 1 7 18 88
1 3 1 7 64
1 3 18 32 121
1 3 18 32 121
1 5 1 7 18 32 119
1 12 7 16 1 32 120 245 28 115 241 361 473 570
1 3 18 32 121
1 2 7 64
1 3 1 7 68
1 3 1 7 68
1 5 1 7 18 32 119
1 3 7 1 30
1 12 7 16 1 32 120 245 28 115 241 361 473 570
1 3 3 39 145
1 4 7 67 190 313
1 1 9
1 11 3 39 7 16 1 32 120 245 28 115 240
1 8 3 39 130 253 130 253 130 253
1 3 3 39 146
1 5 3 39 130 253 371
1 5 1 1 1 1 1
1 3 3 39 150
1 1 25
1 4 3 39 6 61
1 4 3 39 6 61
1 1 23
1 3 3 39 253
1 3 3 39 141
1 2 6 63
1 3 1 1 28
1 6 4 4 4 45 4 48
1 5 4 4 45 4 48
1 10 50 45 4 45 4 4 4 4 45 159
1 14 4 4 4 4 45 4 4 45 4 4 45 45 4 4
1 22 4 50 45 4 4 4 4 4 45 45 4 4 45 4 50 45 4 4 19 39 130 257
1 2 3 38
1 2 27 112
1 7 4 45 4 50 4 4 55
1 3 4 4 4
1 16 4 4 4 4 45 4 4 45 50 4 4 4 4 50 4 52
1 12 4 4 4 50 4 45 4 50 4 45 50 162
1 5 4 50 45 4 52
1 21 4 4 4 45 4 4 45 4 45 50 4 4 4 45 4 50 4 4 45 4 49
1 10 4 4 4 4 4 4 45 4 4 54
1 4 50 45 4 4
1 4 4 4 4 47
1 3 4 4 48
1 2 4 53
1 15 50 4 4 45 4 45 4 4 45 4 50 4 45 4 53
1 13 4 4 4 4 4 4 45 4 45 4 4 4 52
1 9 4 4 45 4 19 39 130 253 379
1 1 26
1 9 4 4 4 45 4 4 4 4 49
1 5 50 4 4 4 6
1 6 3 39 253 4 4 55
1 11 4 4 4 50 4 4 4 4 4 50 163
1 2 27 112
1 23 4 4 4 45 50 4 4 50 45 4 4 50 45 4 45 4 4 4 45 4 45 50 163
1 11 4 45 4 45 4 45 4 4 4 50 164
1 6 4 4 45 4 4 51
1 12 4 45 4 50 4 45 4 4 50 4 50 165
1 9 4 4 50 4 4 4 45 4 49
1 3 50 4 51
1 1 22
1 2 27 114
1 16 4 4 45 4 4 4 45 4 4 45 4 50 45 4 4 52
1 10 50 4 4 4 4 4 4 45 4 49
1 2 3 42
1 6 4 4 4 45 4 55
1 9 3 39 130 253 130 253 4 50 163
1 2 27 112
1 14 4 4 4 4 4 4 45 50 45 45 50 4 4 53
1 25 4 4 4 45 4 4 45 4 45 4 4 45 50 45 4 4 45 4 45 4 6 3 39 253 378
1 15 4 50 45 45 45 4 4 50 45 50 4 19 39 253 379
1 2 19 95
1 4 3 39 132 265
1 5 19 3 39 6 62
1 2 19 94
1 4 3 39 136 270
1 2 3 44
1 2 19 93
1 2 19 94
1 4 11 3 39 135
1 2 1 31
1 6 6 3 39 7 1 33
1 2 1 33
1 2 18 90
1 2 3 43
1 6 3 39 130 253 6 61
1 4 3 39 130 253
1 4 19 39 130 253
1 5 3 39 131 19 104
1 3 3 39 19
1 4 3 39 130 253
1 4 3 39 130 253
1 3 3 39 19
1 5 6 3 39 260 388
1 3 6 3 39
1 2 27 113
1 4 19 19 3 39
1 2 19 93
1 1 2
1 4 19 19 3 39
1 6 6 3 39 7 1 30
1 4 3 39 131 19
1 2 19 93
1 6 11 3 39 7 1 30
1 2 16 82
1 4 3 39 6 60
1 9 7 16 1 32 120 245 28 115 240
1 2 7 66
1 3 3 39 130
1 3 3 39 148
1 1 5
1 3 6 19 96
1 2 16 84
1 3 7 1 30
1 4 3 39 130 253
1 1 20
