421 117
1 3 1 1 17
1 6 2 21 40 60 40 60
1 13 2 21 40 60 41 4 61 2 21 5 6 1 18
1 8 4 61 4 2 21 61 41 2
1 6 2 21 40 60 40 60
1 6 2 21 40 60 40 60
1 8 2 21 40 60 40 60 82 70
1 9 2 21 40 60 40 60 6 1 18
1 8 2 21 40 60 40 60 40 60
1 8 2 21 40 60 40 60 40 60
1 6 2 21 40 60 40 60
1 11 2 21 40 60 5 2 21 5 6 1 18
1 3 5 2 21
1 5 42 2 21 43 74
1 4 5 2 21 44
1 3 5 2 21
1 4 7 2 21 6
1 4 2 21 40 60
1 3 8 2 21
1 6 45 2 21 6 1 18
1 13 6 51 35 1 19 39 58 17 37 57 68 80 94
1 15 2 2 21 6 9 1 19 39 58 17 37 57 68 80 94
1 4 2 21 40 60
1 4 2 21 40 60
1 10 2 21 43 62 74 87 75 89 99 88
1 6 2 21 40 60 40 60
1 6 2 21 40 60 40 60
1 6 2 21 40 60 40 60
1 6 2 21 40 60 40 60
1 6 2 21 40 60 40 60
1 6 2 21 40 60 40 60
1 8 2 21 40 60 40 60 40 60
1 6 2 21 40 60 40 60
1 8 2 21 40 60 40 60 40 60
1 7 2 21 61 41 2 21 5
1 4 2 21 40 60
1 4 2 21 40 60
1 6 5 2 21 40 60 5
1 4 2 21 40 60
1 4 2 21 40 60
1 5 42 2 21 10 33
1 5 3 22 42 10 33
1 4 2 21 40 60
1 4 5 2 21 44
1 3 2 21 5
1 3 8 2 21
1 5 9 19 58 68 80
1 3 3 22 7
1 3 2 21 5
1 3 2 2 21
1 3 5 2 21
1 3 2 21 5
1 3 2 21 41
1 3 2 21 60
1 11 2 21 5 11 9 9 1 20 19 80 94
1 5 11 36 58 37 68
1 6 11 9 19 58 37 68
1 11 11 11 6 11 9 1 36 58 68 80 94
1 7 2 21 11 35 62 76 87
1 3 74 88 98
1 3 62 75 89
1 14 2 21 5 61 11 9 11 6 77 91 100 19 57 80
1 9 9 11 39 59 58 37 38 68 80
1 13 11 11 11 11 52 1 19 59 58 69 37 68 81
1 10 2 21 7 11 9 30 9 1 12 32
1 5 9 32 58 37 68
1 12 11 11 11 9 1 59 36 58 78 68 80 94
1 3 11 11 11
1 3 2 21 60
1 3 2 21 46
1 7 6 11 9 1 19 57 80
1 7 39 59 36 58 37 38 68
1 6 41 2 21 61 71 84
1 6 41 11 35 61 71 84
1 6 41 11 35 61 71 84
1 6 41 11 35 61 71 84
1 6 41 11 35 61 71 84
1 6 41 11 35 61 71 84
1 6 41 11 35 61 71 84
1 5 41 21 61 71 84
1 6 41 11 35 61 71 84
1 6 2 21 41 61 71 84
1 7 2 21 41 1 44 71 84
1 4 19 17 38 80
1 6 2 21 41 61 71 84
1 3 11 12 12
1 5 3 41 61 71 84
1 5 3 41 61 71 84
1 5 3 41 61 71 84
1 3 1 1 17
1 6 2 21 7 2 21 47
1 4 2 21 40 60
1 5 2 21 45 10 33
1 5 2 21 45 10 33
1 4 2 21 40 60
1 5 42 2 21 10 33
1 4 2 21 42 33
1 3 2 21 44
1 4 5 2 21 44
1 5 5 5 2 21 48
1 6 2 21 41 61 61 41
1 6 2 21 41 61 61 41
1 6 2 21 41 61 61 41
1 5 2 21 6 1 18
1 4 6 51 1 18
1 7 41 61 61 41 6 1 18
1 6 4 61 41 61 61 41
1 6 2 21 41 61 61 41
1 6 2 21 41 61 61 41
1 6 2 21 41 61 61 41
1 6 2 21 41 61 61 41
1 10 2 21 40 60 40 60 5 2 9 5
1 8 2 21 40 60 40 60 40 60
1 8 2 21 40 60 40 60 40 60
1 8 2 21 40 60 40 60 40 60
1 11 2 21 40 60 5 2 21 5 2 21 5
1 8 2 21 40 60 40 60 40 60
1 8 2 21 40 60 40 60 40 60
1 8 2 21 40 60 40 60 40 60
1 10 2 21 40 60 40 60 5 2 9 5
1 4 5 2 21 12
1 4 7 2 21 17
1 4 6 1 12 18
1 5 11 35 45 10 33
1 5 2 21 6 1 18
1 10 2 21 40 60 40 60 5 11 35 5
1 3 6 1 18
1 5 2 21 6 1 18
1 10 2 21 40 60 3 23 22 3 11 35
1 13 2 21 40 60 3 22 3 22 3 5 11 35 5
1 12 2 21 40 60 40 60 3 23 22 3 11 35
1 10 2 21 40 60 3 23 22 3 11 35
1 10 2 21 40 60 3 23 22 3 11 35
1 10 2 21 40 60 3 23 22 3 11 35
1 12 2 21 40 60 3 23 3 22 11 35 3 3
1 13 2 21 40 60 3 22 3 22 3 5 11 35 5
1 6 5 11 35 6 1 18
1 4 5 2 21 46
1 6 2 21 40 60 40 60
1 4 2 21 40 60
1 8 2 21 11 35 2 21 40 60
1 10 2 21 40 60 40 60 40 60 40 60
1 4 2 21 40 60
1 4 2 21 40 60
1 8 2 21 5 2 21 41 11 35
1 4 2 21 11 35
1 6 2 21 5 5 11 35
1 6 5 2 21 40 60 5
1 3 17 17 17
1 3 10 33 33
1 5 1 2 21 1 1
1 7 10 2 21 40 60 40 60
1 6 2 21 40 60 40 60
1 6 2 21 40 60 40 60
1 6 2 21 40 60 40 60
1 11 2 21 40 60 40 60 40 60 10 2 21
1 6 2 21 40 60 40 60
1 6 2 21 40 60 40 60
1 12 2 21 40 60 40 60 40 60 10 2 21 10
1 6 2 21 40 60 40 60
1 3 10 2 21
1 4 2 21 49 41
1 3 1 1 17
1 3 5 2 21
1 3 7 2 21
1 4 5 2 21 46
1 8 5 2 21 40 60 5 61 41
1 11 2 21 40 60 40 60 61 41 2 9 5
1 10 2 21 40 60 40 60 61 41 2 21
1 14 5 2 21 40 60 40 60 28 5 61 41 28 3 5
1 10 2 21 40 60 40 60 61 41 2 21
1 10 2 21 40 60 40 60 61 41 2 21
1 8 2 21 40 60 40 60 61 41
1 4 5 2 21 44
1 5 2 21 40 60 46
1 4 5 41 61 72
1 10 8 2 21 40 60 40 60 8 61 41
1 10 5 2 21 40 60 40 60 5 61 41
1 9 42 2 21 60 40 60 42 61 41
1 10 2 21 40 60 40 60 61 41 2 21
1 10 2 21 40 60 40 60 61 41 2 21
1 10 7 2 21 40 60 40 60 7 61 41
1 13 5 2 21 40 60 40 60 5 61 41 2 21 5
1 8 2 21 40 60 40 60 61 41
1 14 6 29 51 35 1 19 39 58 17 37 57 68 80 94
1 6 2 21 40 60 40 60
1 8 2 21 40 60 40 60 40 60
1 4 2 21 40 60
1 6 2 21 40 60 40 60
1 6 2 21 40 60 40 60
1 7 2 21 40 60 40 60 1
1 4 2 21 40 60
1 6 5 2 21 1 37 80
1 12 45 63 77 91 101 106 110 112 114 115 116 117
1 14 6 29 51 35 1 19 39 58 17 37 57 68 80 94
1 12 8 31 53 10 34 56 67 79 93 103 33 55
1 14 6 29 51 35 1 19 39 58 17 37 57 68 80 94
1 14 6 29 51 35 1 19 39 58 17 37 57 68 80 94
1 11 7 30 52 65 32 54 66 78 92 102 107
1 13 2 21 42 43 62 74 87 13 75 89 99 88 90
1 14 6 29 51 35 1 19 39 58 17 37 57 68 80 94
1 11 6 29 1 19 39 58 17 37 57 68 80
1 12 6 29 21 1 19 39 58 37 57 68 80 94
1 6 5 2 21 1 37 80
1 12 45 63 77 91 101 106 110 112 114 115 116 117
1 11 6 29 51 35 1 19 39 58 37 68 80
1 8 2 21 42 62 74 87 89 88
1 4 13 75 90 99
1 4 2 21 40 60
1 4 2 21 40 60
1 4 2 21 40 60
1 4 2 21 40 60
1 4 2 21 40 60
1 16 2 21 9 6 29 51 1 19 39 58 17 37 57 68 80 94
1 4 2 21 40 60
1 16 2 21 9 6 29 51 1 19 39 58 17 37 57 68 80 94
1 3 3 3 3
1 3 1 1 17
1 4 5 2 21 46
1 3 5 11 44
1 5 2 21 5 11 48
1 9 5 11 35 11 8 2 21 8 11
1 11 5 11 35 2 45 2 21 45 11 10 33
1 4 2 21 45 33
1 13 5 11 35 11 7 2 21 7 11 2 21 7 11
1 13 5 11 35 2 5 2 21 40 60 5 2 21 5
1 28 5 11 35 2 41 2 21 28 41 11 49 2 21 41 11 49 2 21 5 3 5 11 49 24 3 22 3 23
1 9 11 11 35 42 2 21 42 10 33
1 5 2 21 42 10 33
1 19 11 2 21 40 60 11 2 21 11 2 21 40 60 11 35 2 21 24 3
1 17 11 11 35 2 21 11 2 21 11 2 21 11 35 2 21 24 3
1 19 11 2 21 40 60 11 2 21 11 2 21 25 3 11 35 2 21 24 3
1 20 11 11 35 2 21 11 2 21 11 2 21 40 60 11 24 3 22 3 24 3
1 9 11 11 35 2 21 11 2 21 11
1 9 11 2 21 40 60 11 2 21 11
1 20 11 11 35 2 21 11 2 21 11 2 21 40 60 11 24 3 22 3 24 3
1 5 2 21 7 2 21
1 4 10 10 10 14
1 4 2 21 40 60
1 4 2 21 40 60
1 6 5 2 21 40 60 5
1 4 2 21 40 60
1 4 2 21 60 3
1 6 5 11 35 1 18 57
1 3 1 18 57
1 6 2 21 5 2 21 5
1 6 7 11 35 1 18 57
1 7 2 2 21 7 1 18 57
1 4 2 21 40 60
1 3 2 21 71
1 3 2 21 71
1 5 2 21 1 18 57
1 3 71 2 21
1 3 71 2 21
1 3 71 2 21
1 3 71 2 21
1 4 2 21 40 60
1 4 2 21 40 60
1 3 71 2 21
1 5 2 21 10 12 33
1 3 14 14 14
1 6 2 21 40 60 40 60
1 6 2 21 40 60 40 60
1 16 2 21 40 60 70 83 82 95 71 85 96 104 108 111 113 111
1 8 11 35 2 21 40 60 3 3
1 7 2 21 40 60 3 22 22
1 4 2 21 40 60
1 13 3 5 2 6 1 19 39 58 17 37 57 68 80
1 4 2 21 40 60
1 3 2 17 2
1 13 6 51 35 1 19 39 58 17 37 57 68 80 94
1 4 2 21 40 60
1 3 1 1 17
1 5 2 21 41 61 61
1 5 10 10 10 10 10
1 4 5 2 21 10
1 3 2 21 60
1 4 2 21 40 60
1 6 2 21 40 60 40 60
1 4 2 21 40 60
1 5 5 2 21 40 60
1 5 7 2 21 19 80
1 7 41 11 35 61 2 21 61
1 6 2 21 41 2 21 61
1 9 41 11 35 61 2 21 61 61 41
1 7 2 21 40 60 41 61 61
1 4 41 61 2 21
1 6 8 2 21 6 1 18
1 8 7 2 21 41 61 6 1 18
1 12 6 9 1 19 39 58 17 37 57 68 80 94
1 5 2 21 60 5 5
1 8 5 2 21 40 60 6 1 18
1 4 9 39 57 68
1 3 19 37 80
1 4 2 21 40 60
1 7 2 21 40 60 70 82 95
1 4 2 21 60 40
1 7 2 21 40 60 6 1 18
1 12 6 9 1 19 39 58 17 37 57 68 80 94
1 4 10 19 37 80
1 5 6 10 19 17 37
1 6 1 6 10 19 17 37
1 6 1 6 10 17 19 37
1 3 1 6 17
1 3 10 19 37
1 3 10 19 37
1 6 1 6 10 19 17 37
1 12 6 9 1 19 39 58 17 37 57 68 80 94
1 4 10 19 37 80
1 4 6 17 19 37
1 5 1 6 19 17 37
1 5 1 6 19 17 37
1 6 1 6 10 19 17 37
1 3 6 1 18
1 12 6 9 1 19 39 58 17 37 57 68 80 94
1 3 2 21 48
1 14 6 29 51 9 1 19 39 58 17 37 57 68 80 94
1 10 43 62 74 87 13 75 89 99 88 90
1 15 2 21 6 9 1 19 39 58 17 37 18 57 68 80 94
1 8 2 21 40 60 40 60 40 60
1 3 2 21 23
1 6 2 21 40 60 6 18
1 5 1 1 1 1 1
1 3 2 21 15
1 3 15 2 21
1 5 2 21 5 9 80
1 5 2 21 5 9 80
1 3 25 3 5
1 3 2 21 60
1 3 2 21 33
1 3 5 28 33
1 3 1 1 17
1 6 3 3 3 22 3 33
1 5 3 3 22 3 33
1 15 23 22 3 22 3 3 3 3 22 26 3 23 22 3 71
1 14 3 3 3 3 22 3 3 22 3 3 22 22 3 3
1 25 3 23 22 3 3 3 3 3 22 22 3 3 22 3 23 22 3 3 11 35 2 23 22 3 71
1 10 2 2 21 60 23 3 23 3 3 71
1 7 16 3 3 22 3 9 5
1 28 3 22 3 23 3 3 27 3 3 22 3 22 3 23 22 3 22 23 3 24 22 23 3 22 3 22 3 71
1 3 3 3 3
1 22 3 3 3 3 22 3 3 22 23 3 3 3 3 23 3 25 3 22 3 22 3 71
1 23 3 3 3 23 3 22 3 23 3 22 23 11 35 3 3 26 3 3 22 22 3 22 71
1 15 3 23 22 3 25 3 22 3 23 3 3 3 3 3 3
1 21 3 3 3 22 3 3 22 3 22 23 3 3 3 22 3 23 3 3 22 3 71
1 11 3 3 3 3 3 3 22 3 3 16 71
1 4 23 22 3 3
1 7 3 3 3 45 11 10 33
1 3 3 3 33
1 14 3 26 3 3 3 22 3 23 3 24 23 22 3 71
1 15 23 3 3 22 3 22 3 3 22 3 23 3 22 3 26
1 22 3 3 3 3 3 3 22 3 22 3 3 3 25 3 23 3 22 3 22 3 23 71
1 11 3 3 22 3 11 35 2 21 23 16 71
1 26 26 3 23 28 28 41 11 49 3 3 22 3 3 3 22 3 3 3 3 3 23 26 3 3 22 71
1 9 3 3 3 22 3 3 3 3 71
1 5 23 3 3 3 5
1 25 2 21 60 3 3 27 3 3 3 22 23 23 22 3 3 22 3 22 3 26 3 3 25 23 71
1 11 3 3 3 23 3 3 3 3 3 23 71
1 5 16 3 3 3 22
1 23 3 3 3 22 23 3 3 23 22 3 3 23 22 3 22 3 3 3 22 3 22 23 71
1 14 3 22 3 22 3 22 3 3 3 23 23 22 3 3
1 25 3 3 22 3 3 24 3 3 3 3 22 3 23 3 22 3 22 3 3 3 3 24 22 3 71
1 13 3 22 3 23 3 22 3 3 23 3 23 16 71
1 9 3 3 23 3 3 3 22 3 71
1 5 23 3 24 3 3
1 23 24 3 3 23 3 3 22 22 3 3 3 22 23 22 3 3 22 3 22 3 22 3 71
1 7 16 23 22 3 3 3 22
1 29 3 3 22 3 3 3 22 3 3 22 3 23 22 3 3 25 3 22 3 3 3 22 23 3 3 22 24 3 71
1 10 23 3 3 3 3 3 3 22 3 71
1 10 2 10 3 26 3 10 10 3 5 9
1 20 3 3 3 22 3 27 3 26 22 23 23 3 3 3 23 3 3 22 3 71
1 9 2 21 40 60 40 60 3 23 71
1 6 16 3 3 22 3 3
1 23 3 3 3 3 3 3 22 23 22 22 23 3 3 26 3 22 3 3 22 3 3 22 71
1 25 3 3 3 22 3 3 22 3 22 3 3 22 23 22 3 3 22 3 22 3 5 2 21 60 71
1 19 3 23 22 22 22 3 3 23 22 23 3 11 35 3 23 3 22 22 3
1 6 11 42 42 11 10 33
1 5 2 21 42 10 33
1 6 11 2 21 5 46 44
1 5 11 6 1 58 18
1 5 2 21 45 10 33
1 3 2 27 3
1 10 11 5 11 35 2 21 40 6 1 18
1 4 11 6 1 18
1 7 7 2 21 7 11 35 18
1 4 1 7 25 3
1 8 5 2 21 6 1 58 18 18
1 4 1 58 18 18
1 4 10 5 2 21
1 3 2 11 35
1 8 2 21 40 60 5 9 1 18
1 4 2 21 40 60
1 4 11 35 2 21
1 5 2 21 41 11 49
1 3 2 21 11
1 4 2 21 40 60
1 4 2 21 40 60
1 3 2 21 11
1 9 5 2 21 61 2 21 5 3 5
1 3 5 2 21
1 4 16 5 2 21
1 4 11 11 2 21
1 17 11 5 11 5 2 21 40 60 6 9 1 19 58 37 18 68 80
1 3 17 57 94
1 4 11 11 2 21
1 6 5 2 21 6 1 18
1 4 2 21 41 11
1 5 11 5 11 35 11
1 6 7 2 21 6 1 18
1 10 9 19 39 58 17 37 57 68 80 94
1 16 2 21 5 6 9 1 19 39 58 17 37 57 68 80 94 18
1 13 6 9 1 19 39 58 17 37 18 57 68 80 94
1 12 6 21 1 19 39 58 17 37 57 68 80 94
1 3 2 21 40
1 8 2 21 28 41 23 50 64 15
1 7 4 61 73 86 97 105 109
1 3 5 11 44
1 3 9 68 80
1 3 6 1 18
1 4 2 21 40 60
1 3 12 12 12
