421 117
1 3 1 1 73
1 6 2 17 2 17 2 17
1 13 2 17 2 17 33 59 60 2 17 4 5 20 50
1 6 2 17 2 17 2 17
1 6 2 17 2 17 2 17
1 8 2 17 2 17 2 17 61 34
1 6 2 17 2 17 2 17
1 9 2 17 2 17 2 17 5 20 50
1 8 2 17 2 17 2 17 2 17
1 8 2 17 2 17 2 17 2 17
1 6 2 17 2 17 2 17
1 11 2 17 2 17 4 2 17 4 5 20 50
1 3 5 20 50
1 3 4 2 17
1 5 35 2 17 36 79
1 4 4 2 17 37
1 3 4 2 17
1 6 6 2 17 7 24 50
1 4 2 17 2 17
1 3 8 2 17
1 6 9 2 17 5 20 50
1 15 2 2 17 5 22 1 16 32 57 73 89 100 105 110 115
1 14 2 17 5 56 1 16 32 57 73 89 100 105 110 115
1 4 2 17 2 17
1 4 2 17 2 17
1 4 2 17 2 17
1 10 2 17 36 63 79 93 80 94 102 107
1 6 2 17 2 17 2 17
1 6 2 17 2 17 2 17
1 6 2 17 2 17 2 17
1 6 2 17 2 17 2 17
1 20 2 17 38 3 4 2 17 2 39 4 5 20 16 32 57 89 100 105 110 115
1 8 2 17 2 17 2 17 2 17
1 6 2 17 2 17 2 17
1 8 2 17 2 17 2 17 2 17
1 4 2 17 2 17
1 5 35 2 17 40 65
1 8 2 17 38 4 2 17 38 4
1 3 2 17 4
1 4 2 17 2 17
1 4 2 17 2 17
1 3 2 17 17
1 4 2 17 2 17
1 5 22 16 57 105 110
1 3 3 2 6
1 3 2 17 4
1 3 2 2 17
1 3 2 2 17
1 3 4 2 17
1 3 4 2 17
1 3 2 17 4
1 6 10 22 16 57 89 105
1 3 63 80 94
1 14 2 17 4 60 10 22 10 5 56 72 87 16 100 110
1 6 10 30 54 89 105 111
1 9 22 10 32 58 57 89 90 105 110
1 13 10 29 10 29 25 1 16 58 57 74 89 105 98
1 10 2 17 6 10 22 7 22 1 11 52
1 7 10 30 57 89 105 85 115
1 5 22 52 57 89 105
1 12 10 29 10 22 1 58 30 57 70 105 110 115
1 3 2 17 41
1 9 4 2 17 60 17 60 2 22 37
1 7 32 58 30 57 89 90 105
1 6 33 2 17 60 76 91
1 6 33 29 69 60 76 91
1 6 33 29 69 60 76 91
1 6 33 29 69 60 76 91
1 6 33 29 69 60 76 91
1 5 33 17 60 76 91
1 6 33 29 69 60 76 91
1 6 2 17 33 60 76 91
1 7 2 17 33 1 37 76 91
1 4 16 73 90 110
1 3 10 11 11
1 5 3 33 60 76 91
1 5 3 33 60 76 91
1 3 1 1 73
1 7 4 2 17 2 17 4 4
1 6 2 17 6 2 17 42
1 5 2 17 9 40 65
1 9 2 17 8 2 17 8 5 20 50
1 4 2 17 2 17
1 4 2 17 35 65
1 3 2 17 37
1 4 4 2 17 37
1 6 2 17 33 60 60 75
1 6 2 17 33 60 60 75
1 6 2 17 33 60 60 75
1 5 2 17 5 20 50
1 4 5 2 1 50
1 7 33 60 60 75 5 20 50
1 5 2 17 5 20 50
1 6 2 17 33 60 60 75
1 6 2 17 33 60 60 75
1 6 2 17 33 60 60 75
1 6 2 17 33 60 60 75
1 6 2 17 33 60 60 75
1 6 2 17 33 60 60 75
1 10 2 17 2 17 2 17 4 2 22 4
1 8 2 17 2 17 2 17 2 17
1 8 2 17 2 17 2 17 2 17
1 11 2 17 2 17 4 2 17 4 2 17 4
1 8 2 17 2 17 2 17 2 17
1 8 2 17 2 17 2 17 2 17
1 14 2 17 2 17 4 2 17 2 17 40 4 2 17 4
1 3 11 11 11
1 5 10 17 35 40 65
1 3 5 20 50
1 5 2 17 5 20 50
1 10 2 17 2 17 2 17 4 10 17 4
1 3 5 20 50
1 5 2 17 5 20 50
1 10 2 17 17 39 2 17 4 10 17 4
1 10 2 17 2 17 17 39 2 17 10 17
1 13 2 17 2 17 17 2 17 2 17 4 10 17 4
1 12 2 17 2 17 2 17 17 39 2 17 10 17
1 10 2 17 2 17 17 39 2 17 10 17
1 10 2 17 2 17 17 39 2 17 10 17
1 11 2 17 34 61 2 17 17 2 17 10 17
1 12 2 17 2 17 17 39 17 2 10 17 17 17
1 13 2 17 2 17 17 2 17 2 17 4 10 17 4
1 6 4 10 17 5 20 50
1 4 6 10 17 10
1 4 4 2 17 41
1 6 2 17 2 17 2 17
1 8 2 17 4 2 17 40 2 17
1 4 2 17 2 17
1 8 2 17 10 17 2 17 2 17
1 8 2 17 10 17 2 17 2 17
1 10 2 17 2 17 2 17 2 17 2 17
1 4 2 17 2 17
1 4 2 17 2 17
1 8 2 17 4 2 17 33 29 69
1 4 2 17 10 17
1 6 2 17 4 4 10 17
1 6 4 2 17 2 17 4
1 3 73 73 73
1 4 2 17 40 65
1 3 2 17 11
1 14 1 43 18 2 17 2 17 33 1 2 17 2 17 40
1 5 1 2 17 1 1
1 7 40 2 17 2 17 2 17
1 6 2 17 2 17 2 17
1 6 2 17 2 17 2 17
1 11 2 17 2 17 2 17 2 17 40 2 17
1 6 2 17 2 17 2 17
1 12 2 17 2 17 2 17 2 17 40 2 17 40
1 6 2 17 2 17 2 17
1 4 2 17 44 33
1 3 1 1 73
1 3 4 2 17
1 3 35 2 17
1 4 4 2 17 11
1 3 6 2 17
1 3 8 2 17
1 8 4 2 17 2 17 4 60 75
1 11 2 17 2 17 2 17 60 75 2 22 4
1 11 2 17 2 17 2 17 60 75 2 17 4
1 10 2 17 2 17 2 17 60 75 2 17
1 14 4 2 17 2 17 2 17 38 4 60 75 38 3 4
1 10 2 17 2 17 2 17 60 75 2 17
1 10 2 17 2 17 2 17 60 75 2 17
1 8 2 17 2 17 2 17 60 75
1 4 4 2 17 37
1 5 2 17 2 17 41
1 4 4 33 60 77
1 10 8 2 17 2 17 2 17 8 60 75
1 10 4 2 17 2 17 2 17 4 60 75
1 10 2 17 2 17 2 17 60 75 2 17
1 10 2 17 2 17 2 17 60 75 2 17
1 11 2 17 2 17 2 17 60 75 2 17 17
1 10 2 17 2 17 2 17 60 75 2 17
1 10 6 2 17 2 17 2 17 6 60 75
1 8 2 17 2 17 2 17 60 75
1 14 5 21 51 69 1 16 32 57 73 89 100 105 110 115
1 12 33 59 18 60 23 53 64 81 96 82 12 31
1 6 2 17 2 17 2 17
1 8 2 17 2 17 2 17 2 17
1 4 2 17 2 17
1 6 2 17 2 17 2 17
1 8 2 17 2 17 2 17 2 17
1 7 2 17 2 17 2 17 1
1 4 2 17 2 17
1 14 5 21 51 69 1 16 32 57 73 89 100 105 110 115
1 14 5 21 51 69 1 16 32 57 73 89 100 105 110 115
1 12 8 27 55 40 66 84 97 103 108 113 65 83
1 14 5 21 51 69 1 16 32 57 73 89 100 105 110 115
1 14 5 21 51 69 1 16 32 57 73 89 100 105 110 115
1 3 10 29 10
1 13 2 17 35 36 63 79 93 13 80 94 102 107 95
1 14 5 21 51 69 1 16 32 57 73 89 100 105 110 115
1 12 5 21 17 1 16 32 57 89 100 105 110 115
1 11 5 21 1 16 32 57 73 89 100 105 110
1 14 5 21 51 69 1 16 32 57 73 89 100 105 110 115
1 14 5 21 51 69 1 16 32 57 73 89 100 105 110 115
1 6 4 2 17 1 89 110
1 12 9 28 56 72 88 99 104 109 114 116 117 111
1 11 5 21 51 69 1 16 32 57 89 105 110
1 5 6 24 52 70 85
1 5 7 26 54 71 86
1 8 2 17 35 63 79 93 94 107
1 4 13 80 95 102
1 4 2 17 2 17
1 4 2 17 2 17
1 16 2 17 22 5 21 51 1 16 32 57 73 89 100 105 110 115
1 4 2 17 2 17
1 16 2 17 22 5 21 51 1 16 32 57 73 89 100 105 110 115
1 4 2 17 2 17
1 3 1 1 73
1 25 4 10 17 2 4 2 17 2 17 4 10 2 17 4 10 2 17 4 10 17 4 2 17 45 3
1 5 4 10 17 10 37
1 3 4 10 37
1 5 2 17 4 10 46
1 9 4 10 17 10 8 2 17 8 10
1 11 4 10 17 2 9 2 17 9 10 40 65
1 13 4 10 17 10 6 2 17 6 10 2 17 6 10
1 13 4 10 17 2 4 2 17 2 17 4 2 17 4
1 28 4 10 17 2 33 2 17 38 33 29 44 2 17 33 29 44 2 17 4 3 4 10 44 45 3 2 17 39
1 9 10 29 69 35 2 17 35 40 65
1 5 2 17 35 40 65
1 19 10 2 17 2 17 10 2 17 10 2 17 2 17 10 17 2 17 45 3
1 20 10 29 69 51 69 29 51 69 29 51 69 51 69 29 45 3 2 17 45 3
1 17 10 29 69 51 69 29 51 69 29 51 69 29 69 51 69 45 3
1 19 10 2 17 2 17 10 2 17 10 2 17 43 17 10 17 2 17 45 3
1 22 10 29 69 51 69 29 51 69 29 69 51 69 51 69 29 10 45 3 2 17 45 3
1 9 10 2 17 2 17 10 2 17 10
1 20 10 29 69 51 69 29 51 69 29 51 69 51 69 29 45 3 2 17 45 3
1 20 10 29 69 51 69 29 51 69 29 51 69 51 69 29 45 3 2 17 45 3
1 5 2 17 6 2 17
1 6 2 17 2 17 40 65
1 4 2 17 2 17
1 4 2 17 2 17
1 6 4 2 17 2 17 4
1 4 2 17 2 17
1 4 2 17 17 17
1 3 2 17 47
1 13 5 22 1 16 32 57 73 89 50 100 105 110 115
1 3 1 50 100
1 11 59 2 17 4 2 44 38 44 1 50 100
1 6 2 17 4 2 17 4
1 6 6 10 17 1 50 100
1 7 2 2 17 6 1 50 100
1 3 1 50 100
1 4 2 17 2 17
1 4 2 17 2 17
1 6 2 17 48 14 14 76
1 3 2 17 76
1 4 2 17 2 17
1 5 2 17 1 50 100
1 3 76 2 17
1 3 76 2 17
1 3 76 2 17
1 3 76 2 17
1 3 76 2 17
1 4 2 17 2 17
1 4 2 17 2 17
1 4 45 3 43 17
1 5 2 17 40 11 65
1 3 14 14 14
1 6 2 17 2 17 2 17
1 6 2 17 2 17 2 17
1 16 2 17 2 17 34 62 61 78 76 92 101 106 112 47 68 47
1 8 10 17 2 17 2 17 17 17
1 7 2 17 2 17 17 2 2
1 4 2 17 2 17
1 4 2 17 40 40
1 5 2 17 17 2 41
1 13 3 4 2 5 20 16 32 57 73 89 100 105 110
1 9 40 67 67 67 67 67 67 67 67
1 4 2 17 2 17
1 3 2 73 2
1 13 5 2 17 1 16 32 57 73 89 100 105 110 115
1 4 2 17 2 17
1 3 1 1 73
1 5 2 17 33 60 60
1 6 35 43 17 60 40 65
1 5 40 40 40 40 40
1 4 4 2 17 40
1 3 2 17 17
1 4 2 17 2 17
1 3 2 17 17
1 6 2 17 2 17 2 17
1 4 2 17 2 17
1 5 4 2 17 2 17
1 4 4 2 17 37
1 6 2 17 33 2 17 60
1 9 33 29 69 60 2 17 60 60 75
1 7 2 17 2 17 33 60 60
1 5 2 17 16 89 110
1 4 2 17 33 60
1 8 6 2 17 33 60 5 20 50
1 8 4 2 17 2 17 5 20 50
1 10 5 22 1 16 32 57 89 100 105 110
1 4 22 32 100 105
1 3 16 89 110
1 3 16 89 110
1 4 2 17 2 17
1 7 2 17 2 17 34 61 78
1 4 2 17 17 2
1 4 2 17 2 17
1 7 2 17 2 17 5 20 50
1 10 22 16 32 57 73 89 100 105 110 115
1 4 40 16 89 110
1 5 5 40 16 73 89
1 6 1 5 40 16 73 89
1 6 1 5 40 73 16 89
1 3 1 5 73
1 3 40 16 89
1 3 1 5 73
1 3 40 16 89
1 4 1 5 23 12
1 12 5 22 1 16 32 57 73 89 100 105 110 115
1 12 5 22 1 16 32 57 73 89 100 105 110 115
1 4 40 16 89 110
1 6 1 5 22 73 16 89
1 5 1 5 16 73 89
1 5 1 5 73 16 89
1 6 1 5 40 16 73 89
1 12 5 22 1 16 32 57 73 89 100 105 110 115
1 3 2 17 46
1 14 5 21 51 22 1 16 32 57 73 89 100 105 110 115
1 10 36 63 79 93 13 80 94 102 107 95
1 15 2 17 5 22 1 16 32 57 73 89 50 100 105 110 115
1 5 2 39 64 82 12
1 8 2 17 2 17 2 17 2 17
1 3 2 17 39
1 6 2 17 2 17 5 50
1 3 16 89 100
1 3 2 17 17
1 6 2 17 5 20 50 100
1 5 1 1 1 1 1
1 3 12 2 17
1 3 2 17 47
1 3 2 17 65
1 3 4 38 65
1 3 1 1 73
1 5 3 3 2 17 65
1 14 3 3 3 3 2 17 17 2 17 17 2 2 17 17
1 25 3 18 2 17 17 17 17 17 2 2 17 17 2 17 39 2 17 17 10 17 2 39 2 17 76
1 10 2 2 17 17 39 17 39 17 17 76
1 28 3 2 17 39 17 17 49 3 3 2 17 2 17 39 2 17 2 39 17 45 2 39 17 2 17 2 17 76
1 14 2 17 17 17 17 17 2 2 17 17 10 2 17 17
1 15 2 39 17 2 39 2 17 2 39 17 17 17 39 17 17
1 21 3 3 3 2 17 17 2 17 2 39 17 17 17 2 17 39 17 17 2 17 76
1 11 3 3 3 3 3 3 2 17 17 15 76
1 4 39 2 17 17
1 7 3 3 3 9 10 40 65
1 14 3 19 3 3 3 2 17 39 17 45 18 2 17 76
1 15 39 17 17 2 17 2 17 17 2 17 39 17 2 17 19
1 11 3 3 2 17 10 17 2 17 39 15 76
1 6 3 18 3 3 3 4
1 26 19 3 18 38 38 33 29 44 3 3 2 17 17 17 2 17 17 17 17 17 39 19 3 3 2 76
1 9 3 3 3 2 17 17 17 17 76
1 5 39 17 17 17 4
1 11 3 3 3 18 3 3 3 3 3 18 76
1 5 15 3 3 3 2
1 23 3 3 3 2 39 17 17 39 2 17 17 39 2 17 2 17 17 17 2 17 2 39 76
1 14 3 2 17 2 17 2 17 17 17 39 18 2 17 17
1 25 3 3 2 17 17 45 3 3 3 3 2 17 39 17 2 17 2 17 17 17 17 45 2 17 76
1 13 3 2 17 39 17 2 17 17 39 17 39 15 76
1 6 3 18 3 3 3 3
1 23 10 17 10 17 39 17 2 17 2 17 17 2 17 2 39 17 2 17 39 2 17 39 76
1 9 3 3 18 3 3 3 2 17 76
1 5 39 17 45 3 3
1 23 45 3 3 18 3 3 2 2 17 17 17 2 39 2 17 17 2 17 2 17 2 17 76
1 10 39 2 17 17 17 2 17 17 39 76
1 7 15 18 2 17 17 17 2
1 29 3 3 2 17 17 17 2 17 17 2 17 39 2 17 17 43 17 2 17 17 17 2 39 17 17 2 45 3 76
1 10 39 17 17 17 17 17 17 2 17 76
1 10 2 40 3 19 3 40 40 3 4 22
1 20 3 3 3 2 17 49 3 19 2 39 18 3 3 3 18 3 3 2 17 76
1 9 2 17 2 17 2 17 17 39 76
1 6 15 3 3 2 17 17
1 12 39 17 39 17 17 2 43 17 17 39 17 76
1 4 3 18 3 3
1 19 3 18 2 2 2 17 17 39 2 39 17 10 17 17 39 17 2 2 17
1 6 10 35 35 10 40 65
1 5 2 17 35 40 65
1 5 2 17 9 40 65
1 3 2 49 3
1 3 5 20 50
1 5 10 2 17 2 17
1 4 10 5 20 50
1 7 6 2 17 6 10 17 50
1 4 2 17 2 17
1 8 4 2 17 5 20 57 50 50
1 4 1 57 50 50
1 4 40 4 2 17
1 4 2 17 2 17
1 3 2 10 17
1 8 2 17 2 17 4 22 1 50
1 4 2 17 2 17
1 5 2 17 33 29 44
1 3 2 17 10
1 4 2 17 2 17
1 4 2 17 10 17
1 3 2 17 10
1 9 4 2 17 60 2 17 4 3 4
1 8 4 2 17 10 4 5 20 50
1 3 4 2 17
1 4 10 29 51 69
1 17 10 4 10 4 2 17 2 17 5 22 1 16 57 89 50 105 110
1 3 73 100 115
1 3 10 29 10
1 3 10 29 10
1 7 10 29 10 22 4 10 2
1 6 4 2 17 5 20 50
1 11 7 25 24 52 26 54 70 71 86 85 98
1 3 4 2 17
1 5 10 4 10 17 10
1 10 22 16 32 57 73 89 100 105 110 115
1 16 2 17 4 5 22 1 16 32 57 73 89 100 105 110 115 50
1 13 5 22 1 16 32 57 73 89 50 100 105 110 115
1 12 5 17 1 16 32 57 73 89 100 105 110 115
1 3 4 10 37
1 3 22 105 110
1 3 5 20 50
1 3 4 10 73
1 4 2 17 2 17
1 3 11 11 11
