443 113
1 3 1 1 98
1 6 2 16 31 49 31 49
1 13 2 16 31 49 32 4 50 2 16 5 6 1 15
1 8 4 50 4 2 16 50 32 2
1 6 2 16 31 49 31 49
1 8 2 16 31 49 31 49 70 60
1 6 2 16 31 49 31 49
1 8 2 16 31 49 31 49 31 49
1 8 2 16 31 49 31 49 31 49
1 6 2 16 31 49 31 49
1 11 2 16 31 49 5 2 16 5 6 1 15
1 3 6 1 15
1 5 7 2 16 33 63
1 4 5 2 16 34
1 3 5 2 16
1 6 8 2 16 9 47 15
1 4 8 2 16 6
1 4 2 16 31 49
1 3 10 2 16
1 6 35 2 16 6 1 15
1 13 6 45 57 67 79 89 93 98 102 106 109 111 113
1 15 2 2 16 6 23 67 79 89 93 98 102 106 109 111 113
1 14 2 16 6 66 1 79 89 93 98 102 106 109 111 113
1 4 2 16 31 49
1 10 2 16 33 52 63 74 64 76 86 75
1 6 2 16 31 49 31 49
1 6 2 16 31 49 31 49
1 6 2 16 31 49 31 49
1 6 2 16 31 49 31 49
1 6 2 16 31 49 31 49
1 20 2 16 36 3 5 2 16 31 18 5 6 1 79 89 93 102 106 109 111 113
1 8 2 16 31 49 31 49 31 49
1 6 2 16 31 49 31 49
1 7 2 16 50 32 2 16 5
1 4 2 16 31 49
1 4 2 16 31 49
1 6 5 2 16 31 49 5
1 4 2 16 31 49
1 4 2 16 31 49
1 5 7 2 16 11 26
1 5 3 2 7 11 26
1 4 2 16 31 49
1 8 2 16 36 5 2 16 36 5
1 4 5 2 16 34
1 3 2 16 5
1 3 10 2 16
1 4 2 16 31 49
1 4 2 16 31 49
1 3 2 16 3
1 4 2 16 31 49
1 3 3 2 8
1 3 2 16 5
1 3 2 2 16
1 3 5 2 16
1 3 5 2 16
1 3 2 16 5
1 3 2 16 32
1 3 2 16 3
1 11 2 16 5 12 23 23 67 80 79 111 113
1 5 12 29 93 102 109
1 6 12 23 79 93 102 109
1 11 12 12 6 12 23 67 29 93 109 111 113
1 7 2 16 12 28 52 65 74
1 3 63 75 85
1 3 52 64 76
1 14 2 16 5 50 12 23 12 6 66 78 87 79 106 111
1 6 12 29 82 102 109 112
1 13 12 12 12 12 25 1 79 94 93 99 102 109 107
1 7 12 29 93 102 109 104 113
1 3 12 12 12
1 3 2 16 3
1 3 2 16 37
1 9 5 2 16 50 3 50 2 23 34
1 7 6 12 23 67 79 106 111
1 7 89 94 29 93 102 103 109
1 6 32 51 28 50 61 72
1 6 32 51 28 50 61 72
1 6 32 51 28 50 61 72
1 6 32 51 28 50 61 72
1 6 32 51 28 50 61 72
1 6 32 51 28 50 61 72
1 6 32 51 28 50 61 72
1 6 32 51 28 50 61 72
1 6 2 16 32 50 61 72
1 6 2 16 32 50 61 72
1 4 79 98 103 111
1 6 2 16 32 50 61 72
1 3 12 38 38
1 5 3 32 50 61 72
1 5 3 32 50 61 72
1 3 1 1 98
1 7 5 2 16 31 49 5 5
1 6 2 16 8 2 16 39
1 4 2 16 31 49
1 5 2 16 35 11 26
1 5 2 16 35 11 26
1 9 2 16 10 2 16 10 6 1 15
1 4 2 16 31 49
1 5 7 2 16 11 26
1 3 2 16 34
1 4 5 2 16 34
1 5 5 5 2 16 40
1 6 2 16 32 50 50 32
1 6 2 16 32 50 50 32
1 6 2 16 32 50 50 32
1 4 6 45 1 15
1 7 32 50 50 32 6 1 15
1 5 2 16 6 1 15
1 6 4 50 32 50 50 32
1 6 2 16 32 50 50 32
1 6 2 16 32 50 50 32
1 6 2 16 32 50 50 32
1 6 2 16 32 50 50 32
1 6 2 16 32 50 50 32
1 6 2 16 32 50 50 32
1 10 2 16 31 49 31 49 5 2 23 5
1 8 2 16 31 49 31 49 31 49
1 8 2 16 31 49 31 49 31 49
1 8 2 16 31 49 31 49 31 49
1 11 2 16 31 49 5 2 16 5 2 16 5
1 8 2 16 31 49 31 49 31 49
1 8 2 16 31 49 31 49 31 49
1 8 2 16 31 49 31 49 31 49
1 10 2 16 31 49 31 49 5 2 23 5
1 14 2 16 31 49 5 2 16 31 49 11 5 2 16 5
1 4 5 2 16 38
1 4 8 2 16 98
1 4 6 1 38 15
1 5 12 28 35 11 26
1 3 38 38 38
1 5 12 28 7 11 26
1 3 6 1 15
1 5 2 16 6 1 15
1 10 2 16 31 49 31 49 5 12 28 5
1 3 6 1 15
1 5 2 16 6 1 15
1 10 2 16 3 18 2 16 5 12 28 5
1 10 2 16 31 49 3 18 2 16 12 28
1 13 2 16 31 49 3 2 16 31 49 5 12 28 5
1 12 2 16 31 49 31 49 3 18 2 16 12 28
1 10 2 16 31 49 3 18 2 16 12 28
1 10 2 16 31 49 3 18 2 16 12 28
1 11 2 16 60 70 2 16 3 2 16 12 28
1 12 2 16 31 49 3 18 3 2 12 28 3 3
1 13 2 16 31 49 3 2 16 31 49 5 12 28 5
1 6 5 12 28 6 1 15
1 4 8 12 28 12
1 4 5 2 16 37
1 6 2 16 31 49 31 49
1 8 2 16 5 2 16 11 2 16
1 8 2 16 12 28 48 28 48 28
1 8 2 16 12 28 48 28 48 28
1 10 2 16 31 49 31 49 31 49 31 49
1 4 2 16 31 49
1 8 2 16 5 2 16 32 51 28
1 4 2 16 12 28
1 6 2 16 5 5 12 28
1 3 98 98 98
1 3 11 26 26
1 4 2 16 11 26
1 3 2 16 38
1 14 1 19 18 2 16 31 49 32 1 2 16 31 49 11
1 5 1 2 16 1 1
1 7 11 2 16 31 49 31 49
1 6 2 16 31 49 31 49
1 6 2 16 31 49 31 49
1 11 2 16 31 49 31 49 31 49 11 2 16
1 6 2 16 31 49 31 49
1 6 2 16 31 49 31 49
1 6 2 16 31 49 31 49
1 3 11 2 16
1 3 5 2 16
1 3 7 2 16
1 4 5 2 16 38
1 3 8 2 16
1 3 10 2 16
1 4 5 2 16 37
1 11 2 16 31 49 31 49 50 32 2 23 5
1 11 2 16 31 49 31 49 50 32 2 16 5
1 10 2 16 31 49 31 49 50 32 2 16
1 14 5 2 16 31 49 31 49 36 5 50 32 36 3 5
1 10 2 16 31 49 31 49 50 32 2 16
1 10 2 16 31 49 31 49 50 32 2 16
1 8 2 16 31 49 31 49 50 32
1 5 2 16 31 49 37
1 4 5 32 50 62
1 10 10 2 16 31 49 31 49 10 50 32
1 10 5 2 16 31 49 31 49 5 50 32
1 9 7 2 16 3 2 16 7 50 32
1 10 2 16 31 49 31 49 50 32 2 16
1 11 2 16 31 49 31 49 50 32 2 16 3
1 10 2 16 31 49 31 49 50 32 2 16
1 10 8 2 16 31 49 31 49 8 50 32
1 13 5 2 16 31 49 31 49 5 50 32 2 16 5
1 8 2 16 31 49 31 49 50 32
1 14 6 22 45 57 67 79 89 93 98 102 106 109 111 113
1 14 6 22 45 57 67 79 89 93 98 102 106 109 111 113
1 12 32 4 18 50 24 46 44 58 68 56 41 81
1 6 2 16 31 49 31 49
1 6 2 16 31 49 31 49
1 4 2 16 31 49
1 4 2 16 31 49
1 6 2 16 31 49 31 49
1 8 2 16 31 49 31 49 31 49
1 6 2 16 31 49 31 49
1 7 2 16 31 49 31 49 1
1 6 5 2 16 1 102 111
1 12 35 53 66 78 88 92 97 101 105 108 110 112
1 14 6 22 45 57 67 79 89 93 98 102 106 109 111 113
1 14 6 22 45 57 67 79 89 93 98 102 106 109 111 113
1 14 6 22 45 57 67 79 89 93 98 102 106 109 111 113
1 11 8 9 25 47 59 69 82 90 95 100 104
1 3 12 12 12
1 14 6 22 45 57 67 79 89 93 98 102 106 109 111 113
1 12 6 22 57 67 79 89 93 102 106 109 111 113
1 14 6 22 45 57 67 79 89 93 98 102 106 109 111 113
1 14 6 22 45 57 67 79 89 93 98 102 106 109 111 113
1 12 6 22 57 67 79 89 93 102 106 109 111 113
1 6 5 2 16 1 102 111
1 12 35 53 66 78 88 92 97 101 105 108 110 112
1 5 8 47 59 90 104
1 5 9 69 82 95 100
1 8 2 16 7 52 63 74 76 75
1 4 13 64 77 86
1 4 2 16 31 49
1 4 2 16 31 49
1 4 2 16 31 49
1 4 2 16 31 49
1 4 2 16 31 49
1 16 2 16 23 6 22 45 1 79 89 93 98 102 106 109 111 113
1 4 2 16 31 49
1 4 2 16 31 49
1 3 3 3 3
1 3 1 1 98
1 25 5 12 28 48 5 2 16 31 49 5 12 48 28 5 12 48 28 5 12 28 5 2 16 30 57
1 5 5 12 28 12 34
1 4 5 2 16 37
1 5 2 16 5 12 40
1 11 5 12 28 48 35 2 16 35 12 11 26
1 4 2 16 35 26
1 13 5 12 28 12 8 2 16 8 12 48 28 8 12
1 13 5 12 28 48 5 2 16 31 49 5 2 16 5
1 9 12 12 28 7 2 16 7 11 26
1 5 2 16 7 11 26
1 19 12 48 28 48 28 12 48 28 12 48 28 48 28 12 28 48 28 30 57
1 20 12 12 28 48 28 12 48 28 12 48 28 48 28 12 30 57 45 57 30 57
1 17 12 12 28 48 28 12 48 28 12 48 28 12 28 48 28 30 57
1 19 12 48 28 48 28 12 48 28 12 48 28 19 3 12 28 48 28 30 57
1 20 12 12 28 48 28 12 48 28 12 48 28 48 28 12 30 57 45 57 30 57
1 22 12 12 28 48 28 12 48 28 12 28 48 28 48 28 12 12 30 57 45 57 30 57
1 9 12 12 28 48 28 12 48 28 12
1 20 12 12 28 48 28 12 48 28 12 48 28 48 28 12 30 57 45 57 30 57
1 20 12 12 28 48 28 12 48 28 12 48 28 48 28 12 30 57 45 57 30 57
1 6 2 16 31 49 11 26
1 4 11 11 11 55
1 4 2 16 31 49
1 4 2 16 31 49
1 6 5 2 16 31 49 5
1 4 2 16 31 49
1 4 2 16 3 3
1 3 2 16 42
1 13 6 23 67 79 89 93 98 102 15 106 109 111 113
1 6 5 12 28 1 15 106
1 3 1 15 106
1 11 4 2 16 5 2 17 36 17 1 15 106
1 6 2 16 5 2 16 5
1 6 8 12 28 1 15 106
1 7 2 2 16 8 1 15 106
1 3 1 15 106
1 4 2 16 31 49
1 4 2 16 31 49
1 6 2 16 43 55 55 61
1 3 2 16 61
1 4 2 16 31 49
1 3 2 16 61
1 5 2 16 1 15 106
1 3 61 2 16
1 3 61 2 16
1 3 61 2 16
1 4 2 16 31 49
1 4 2 16 31 49
1 4 30 57 19 3
1 3 61 2 16
1 5 2 16 11 38 26
1 6 2 16 31 49 31 49
1 16 2 16 31 49 60 71 70 83 61 73 84 91 96 42 54 42
1 8 12 28 48 28 48 28 3 3
1 7 2 16 31 49 3 2 2
1 4 2 16 31 49
1 4 2 16 11 11
1 5 2 16 3 2 37
1 9 11 27 27 27 27 27 27 27 27
1 3 1 1 98
1 5 2 16 32 50 50
1 6 7 19 3 50 11 26
1 5 11 11 11 11 11
1 4 5 2 16 11
1 3 2 16 3
1 4 2 16 31 49
1 3 2 16 3
1 6 2 16 31 49 31 49
1 4 2 16 31 49
1 5 5 2 16 31 49
1 4 5 2 16 34
1 5 8 2 16 79 111
1 7 32 51 28 50 2 16 50
1 6 2 16 32 2 16 50
1 7 2 16 31 49 32 50 50
1 5 2 16 79 102 111
1 4 2 16 32 50
1 4 32 50 2 16
1 6 10 2 16 6 1 15
1 8 8 2 16 32 50 6 1 15
1 12 6 23 67 79 89 93 98 102 106 109 111 113
1 5 2 16 3 5 5
1 8 5 2 16 31 49 6 1 15
1 10 6 23 67 79 89 93 102 106 109 111
1 4 23 89 106 109
1 3 79 102 111
1 4 2 16 31 49
1 4 2 16 31 49
1 7 2 16 31 49 60 70 83
1 4 2 16 3 2
1 4 2 16 31 49
1 10 23 79 89 93 98 102 106 109 111 113
1 12 6 23 67 79 89 93 98 102 106 109 111 113
1 4 11 79 102 111
1 6 1 6 11 98 79 102
1 3 1 6 98
1 3 1 6 98
1 3 11 79 102
1 6 1 6 11 79 98 102
1 4 1 6 24 41
1 12 6 23 67 79 89 93 98 102 106 109 111 113
1 12 6 23 67 79 89 93 98 102 106 109 111 113
1 4 6 98 79 102
1 6 1 6 23 98 79 102
1 5 1 6 98 79 102
1 5 1 6 79 98 102
1 6 1 6 11 79 98 102
1 3 6 1 15
1 3 2 16 40
1 10 33 52 63 74 13 64 76 86 75 77
1 5 2 18 44 56 41
1 8 2 16 31 49 31 49 31 49
1 6 2 16 31 49 6 15
1 3 79 102 106
1 3 2 16 3
1 6 2 16 6 1 15 106
1 5 1 1 1 1 1
1 3 2 16 41
1 5 2 16 5 23 111
1 5 2 16 5 23 111
1 3 2 16 42
1 3 19 3 5
1 3 2 16 3
1 3 2 16 26
1 3 5 36 26
1 3 1 1 98
1 6 3 3 3 2 16 26
1 5 3 3 2 16 26
1 15 18 2 16 31 49 3 3 3 2 20 3 18 2 16 61
1 14 3 3 3 3 2 16 3 2 16 3 2 2 16 3
1 7 14 3 3 2 16 23 5
1 28 3 2 16 18 3 3 21 3 3 2 16 31 49 18 2 16 31 18 3 30 2 18 3 2 16 31 49 61
1 14 2 16 3 3 3 3 2 2 16 3 12 48 28 3
1 3 3 3 3
1 22 3 3 3 3 2 16 3 2 18 3 3 3 3 18 3 19 3 2 16 31 49 61
1 15 2 18 3 2 18 2 16 31 18 3 3 3 18 3 3
1 23 3 3 3 18 3 2 16 18 3 2 18 12 28 3 3 20 3 3 2 2 16 31 61
1 15 3 18 2 16 19 3 2 16 18 3 3 3 3 3 3
1 21 3 3 3 2 16 3 2 16 31 18 3 3 3 2 16 18 3 3 2 16 61
1 4 18 2 16 3
1 7 3 3 3 35 12 11 26
1 3 3 3 26
1 22 3 3 3 3 3 3 2 16 31 49 3 3 19 3 18 3 2 16 31 49 18 61
1 11 3 3 2 16 12 28 48 28 18 14 61
1 6 3 18 3 3 3 5
1 25 2 16 3 3 3 21 3 3 3 2 18 18 2 16 3 2 16 31 49 20 3 3 19 18 61
1 5 14 3 3 3 2
1 13 3 2 16 18 3 2 16 3 18 3 18 14 61
1 6 3 18 3 3 3 3
1 23 12 28 12 28 18 3 2 16 31 49 3 2 16 31 18 3 2 16 18 2 16 18 61
1 9 3 3 18 3 3 3 2 16 61
1 10 18 2 16 3 3 2 16 3 18 61
1 29 3 3 2 16 3 3 2 16 3 2 16 18 2 16 3 19 3 2 16 3 3 2 18 3 3 2 30 57 61
1 10 18 3 3 3 3 3 3 2 16 61
1 20 3 3 3 2 16 21 3 20 2 18 18 3 3 3 18 3 3 2 16 61
1 9 2 16 31 49 31 49 3 18 61
1 6 14 3 3 2 16 3
1 23 3 3 3 3 3 3 2 18 2 2 18 3 3 20 3 2 16 3 2 16 3 2 61
1 12 18 3 18 3 3 2 19 3 3 18 3 61
1 4 3 18 3 3
1 25 3 3 3 2 16 3 2 16 31 49 3 2 18 2 16 3 2 16 31 49 5 2 16 3 61
1 19 3 18 2 2 2 16 3 18 2 18 3 12 28 3 18 3 2 2 16
1 6 12 7 7 12 11 26
1 5 2 16 7 11 26
1 6 12 48 28 5 37 34
1 5 12 6 1 93 15
1 5 2 16 35 11 26
1 3 2 21 3
1 10 12 5 12 28 48 28 48 6 1 15
1 3 6 1 15
1 5 12 48 28 48 28
1 4 12 6 1 15
1 7 8 2 16 8 12 28 15
1 4 1 8 19 3
1 4 2 16 31 49
1 4 11 5 2 16
1 4 2 16 31 49
1 3 2 12 28
1 4 2 16 31 49
1 4 12 28 48 28
1 3 2 16 12
1 4 2 16 31 49
1 4 2 16 31 49
1 4 2 16 12 28
1 9 5 2 16 50 2 16 5 3 5
1 8 5 2 16 12 5 6 1 15
1 3 5 2 16
1 4 14 5 2 16
1 4 12 12 48 28
1 17 12 5 12 5 2 16 31 49 6 23 67 79 93 102 15 109 111
1 3 98 106 113
1 3 12 12 12
1 3 12 12 12
1 4 12 12 48 28
1 7 12 12 12 23 5 12 48
1 6 5 2 16 6 1 15
1 11 9 25 47 59 69 82 90 95 100 104 107
1 3 5 2 16
1 4 2 16 32 51
1 6 8 2 16 6 1 15
1 16 2 16 5 6 23 67 79 89 93 98 102 106 109 111 113 15
1 13 6 23 67 79 89 93 98 102 15 106 109 111 113
1 12 6 57 67 79 89 93 98 102 106 109 111 113
1 3 2 16 31
1 8 2 16 36 32 18 44 56 41
1 7 4 50 24 46 58 68 81
1 3 23 109 111
1 3 5 12 98
1 4 2 16 31 49
1 3 38 38 38
