427 116
1 3 1 1 95
1 13 2 18 2 18 39 4 62 2 18 5 6 1 17
1 8 4 62 4 2 18 62 39 2
1 6 2 18 2 18 2 18
1 6 2 18 2 18 2 18
1 9 2 18 2 18 2 18 6 1 17
1 8 2 18 2 18 2 18 2 18
1 3 6 1 17
1 3 5 2 18
1 5 7 2 18 40 8
1 4 5 2 18 41
1 3 5 2 18
1 6 9 2 18 10 58 17
1 4 9 2 18 6
1 4 2 18 2 18
1 3 11 2 18
1 13 6 51 35 1 70 80 88 95 100 104 108 111 114
1 15 2 2 18 6 25 52 70 80 88 95 100 104 108 111 114
1 14 2 18 6 78 1 70 80 88 95 100 104 108 111 114
1 4 2 18 2 18
1 4 2 18 2 18
1 4 2 18 2 18
1 10 2 18 40 64 8 27 54 73 82 28
1 6 2 18 2 18 2 18
1 6 2 18 2 18 2 18
1 6 2 18 2 18 2 18
1 6 2 18 2 18 2 18
1 6 2 18 2 18 2 18
1 6 2 18 2 18 2 18
1 20 2 18 42 3 24 51 35 51 21 5 6 1 70 80 88 100 104 108 111 114
1 6 2 18 2 18 2 18
1 8 2 18 2 18 2 18 2 18
1 7 2 18 62 39 2 18 5
1 4 2 18 2 18
1 6 5 2 18 2 18 5
1 4 2 18 2 18
1 4 2 18 2 18
1 5 7 2 18 12 32
1 5 3 20 7 12 32
1 4 2 18 2 18
1 8 2 18 42 5 2 18 42 5
1 4 5 2 18 41
1 3 11 2 18
1 4 2 18 2 18
1 4 2 18 2 18
1 3 2 18 18
1 4 2 18 2 18
1 5 25 70 88 108 111
1 3 3 20 9
1 3 2 2 18
1 3 2 2 18
1 3 5 2 18
1 3 5 2 18
1 3 2 18 5
1 3 2 18 39
1 3 2 18 18
1 11 2 18 5 13 25 25 52 71 31 111 114
1 5 13 36 88 100 108
1 6 13 25 70 88 100 108
1 11 13 13 6 13 25 52 36 88 108 111 114
1 7 2 18 13 35 64 77 27
1 3 8 28 56
1 6 13 36 91 100 108 116
1 9 25 13 80 89 88 100 105 108 111
1 10 2 18 9 13 25 10 25 52 43 74
1 7 13 36 88 100 108 109 114
1 5 25 74 88 100 108
1 12 13 13 13 25 52 89 36 88 96 108 111 114
1 3 13 13 13
1 3 2 18 18
1 3 2 18 44
1 9 5 2 18 62 3 62 2 25 41
1 7 6 13 25 52 70 104 111
1 6 39 2 18 62 76 85
1 6 39 63 35 62 76 85
1 6 39 63 35 62 76 85
1 6 39 63 35 62 76 85
1 6 39 63 35 62 76 85
1 6 39 63 35 62 76 85
1 6 39 63 35 62 76 85
1 6 39 63 35 62 76 85
1 5 39 18 62 76 85
1 6 39 63 35 62 76 85
1 6 39 63 35 62 76 85
1 6 2 18 39 62 76 85
1 6 2 18 39 62 76 85
1 7 2 18 39 1 41 76 85
1 6 2 18 39 62 76 85
1 5 3 39 62 76 85
1 5 3 39 62 76 85
1 5 3 39 62 76 85
1 7 5 2 18 2 18 5 5
1 4 2 18 2 18
1 5 2 18 45 12 32
1 5 2 18 45 12 32
1 9 2 18 11 2 18 11 6 1 17
1 4 2 18 2 18
1 5 7 2 18 12 32
1 4 2 18 7 32
1 4 5 2 18 41
1 5 5 5 2 18 37
1 6 2 18 39 62 62 39
1 6 2 18 39 62 62 39
1 5 2 18 6 1 17
1 5 2 18 6 1 17
1 6 4 62 39 62 62 39
1 6 2 18 39 62 62 39
1 6 2 18 39 62 62 39
1 6 2 18 39 62 62 39
1 6 2 18 39 62 62 39
1 8 2 18 2 18 2 18 2 18
1 8 2 18 2 18 2 18 2 18
1 8 2 18 2 18 2 18 2 18
1 8 2 18 2 18 2 18 2 18
1 8 2 18 2 18 2 18 2 18
1 8 2 18 2 18 2 18 2 18
1 10 2 18 2 18 2 18 5 2 25 5
1 14 2 18 2 18 5 2 18 2 18 12 5 2 18 5
1 4 5 2 18 43
1 4 9 2 18 95
1 4 6 1 43 17
1 5 13 35 45 12 32
1 3 43 43 43
1 5 13 35 7 12 32
1 3 6 1 17
1 10 2 18 18 21 2 18 5 13 35 5
1 12 2 18 2 18 2 18 18 21 2 18 13 35
1 10 2 18 2 18 18 21 2 18 13 35
1 10 2 18 2 18 18 21 2 18 13 35
1 11 2 18 46 66 2 18 18 2 18 13 35
1 13 2 18 2 18 18 2 18 2 18 5 13 35 5
1 4 9 13 35 13
1 4 5 2 18 44
1 6 2 18 2 18 2 18
1 8 2 18 5 2 18 12 2 18
1 4 2 18 2 18
1 8 2 18 13 35 51 35 51 35
1 10 2 18 2 18 2 18 2 18 2 18
1 4 2 18 2 18
1 4 2 18 2 18
1 6 2 18 5 5 13 35
1 6 5 2 18 2 18 5
1 3 12 32 32
1 4 2 18 12 32
1 3 2 18 43
1 14 1 22 21 2 18 2 18 39 1 2 18 2 18 12
1 5 1 2 18 1 1
1 7 12 2 18 2 18 2 18
1 6 2 18 2 18 2 18
1 6 2 18 2 18 2 18
1 11 2 18 2 18 2 18 2 18 12 2 18
1 6 2 18 2 18 2 18
1 6 2 18 2 18 2 18
1 6 2 18 2 18 2 18
1 12 2 18 2 18 2 18 2 18 12 2 18 12
1 6 2 18 2 18 2 18
1 3 12 2 18
1 4 2 18 47 39
1 3 1 1 95
1 3 5 2 18
1 3 7 2 18
1 4 5 2 18 43
1 3 9 2 18
1 3 11 2 18
1 4 5 2 18 44
1 8 5 2 18 2 18 5 62 39
1 11 2 18 2 18 2 18 62 39 2 18 5
1 10 2 18 2 18 2 18 62 39 2 18
1 10 2 18 2 18 2 18 62 39 2 18
1 8 2 18 2 18 2 18 62 39
1 4 5 2 18 41
1 5 2 18 2 18 44
1 10 11 2 18 2 18 2 18 11 62 39
1 9 7 2 18 18 2 18 7 62 39
1 10 2 18 2 18 2 18 62 39 2 18
1 10 2 18 2 18 2 18 62 39 2 18
1 11 2 18 2 18 2 18 62 39 2 18 18
1 10 2 18 2 18 2 18 62 39 2 18
1 10 9 2 18 2 18 2 18 9 62 39
1 13 5 2 18 2 18 2 18 5 62 39 2 18 5
1 14 6 24 51 35 1 70 80 88 95 100 104 108 111 114
1 14 6 24 51 35 1 70 80 88 95 100 104 108 111 114
1 12 39 4 21 62 26 53 50 72 81 69 14 90
1 6 2 18 2 18 2 18
1 6 2 18 2 18 2 18
1 8 2 18 2 18 2 18 2 18
1 4 2 18 2 18
1 4 2 18 2 18
1 8 2 18 2 18 2 18 2 18
1 6 2 18 2 18 2 18
1 4 2 18 2 18
1 6 5 2 18 1 100 111
1 12 45 65 78 87 94 99 103 107 110 113 115 116
1 14 6 24 51 35 1 70 80 88 95 100 104 108 111 114
1 14 6 24 51 35 1 70 80 88 95 100 104 108 111 114
1 12 11 30 59 12 33 61 75 84 92 97 32 60
1 14 6 24 51 35 1 70 80 88 95 100 104 108 111 114
1 11 9 10 29 58 74 83 91 96 101 106 109
1 3 13 13 13
1 13 2 18 7 40 64 8 27 55 54 73 82 28 57
1 12 6 24 35 1 70 80 88 100 104 108 111 114
1 11 6 24 1 70 80 88 95 100 104 108 111
1 14 6 24 51 35 1 70 80 88 95 100 104 108 111 114
1 14 6 24 51 35 1 70 80 88 95 100 104 108 111 114
1 12 6 24 35 1 70 80 88 100 104 108 111 114
1 6 5 2 18 1 100 111
1 12 45 65 78 87 94 99 103 107 110 113 115 116
1 11 6 24 51 35 1 70 80 88 100 108 111
1 5 9 58 74 96 109
1 5 10 83 91 101 106
1 4 2 18 2 18
1 4 2 18 2 18
1 4 2 18 2 18
1 4 2 18 2 18
1 16 2 18 25 6 24 51 1 70 80 88 95 100 104 108 111 114
1 4 2 18 2 18
1 16 2 18 25 6 24 51 1 70 80 88 95 100 104 108 111 114
1 4 2 18 2 18
1 3 3 3 3
1 3 1 1 95
1 25 5 13 35 51 5 2 18 2 18 5 13 51 35 5 13 51 35 5 13 35 5 2 18 38 3
1 5 5 13 35 13 41
1 4 5 2 18 44
1 3 5 13 41
1 5 2 18 5 13 37
1 9 5 13 35 13 11 2 18 11 13
1 4 2 18 45 32
1 13 5 13 35 13 9 2 18 9 13 51 35 9 13
1 28 5 13 35 51 39 2 18 42 39 63 47 20 3 39 63 47 20 3 24 35 5 13 47 38 3 20 3 21
1 20 13 13 35 51 35 13 51 35 13 51 35 51 35 13 38 3 20 3 38 3
1 17 13 13 35 51 35 13 51 35 13 51 35 13 35 51 35 38 3
1 20 13 13 35 51 35 13 51 35 13 51 35 51 35 13 38 3 20 3 38 3
1 22 13 13 35 51 35 13 51 35 13 35 51 35 51 35 13 13 38 3 20 3 38 3
1 9 13 13 35 51 35 13 51 35 13
1 9 13 51 35 51 35 13 51 35 13
1 20 13 13 35 51 35 13 51 35 13 51 35 51 35 13 38 3 20 3 38 3
1 5 2 18 9 2 18
1 6 2 18 2 18 12 32
1 4 12 12 12 15
1 4 2 18 2 18
1 3 2 18 48
1 13 6 25 52 70 80 88 95 100 17 104 108 111 114
1 6 5 13 35 1 17 104
1 11 4 2 18 5 2 47 42 47 1 17 104
1 6 2 18 5 2 18 5
1 3 1 17 104
1 4 2 18 2 18
1 4 2 18 2 18
1 6 2 18 49 15 15 76
1 4 2 18 2 18
1 3 2 18 76
1 3 76 2 18
1 3 76 2 18
1 3 76 2 18
1 3 76 2 18
1 4 38 3 22 3
1 3 76 2 18
1 5 2 18 12 43 32
1 3 15 15 15
1 6 2 18 2 18 2 18
1 16 2 18 2 18 46 67 66 79 76 86 93 98 102 48 68 48
1 4 2 18 12 12
1 5 2 18 18 2 44
1 13 3 24 51 6 1 70 80 88 95 100 104 108 111
1 9 12 34 34 34 34 34 34 34 34
1 4 2 18 2 18
1 3 2 95 2
1 13 6 51 35 1 70 80 88 95 100 104 108 111 114
1 4 2 18 2 18
1 3 1 1 95
1 5 2 18 39 62 62
1 6 7 22 3 62 12 32
1 5 12 12 12 12 12
1 4 5 2 18 12
1 3 2 18 18
1 6 2 18 2 18 2 18
1 4 2 18 2 18
1 4 5 2 18 41
1 5 9 2 18 31 111
1 7 39 63 35 62 2 18 62
1 9 39 63 35 62 2 18 62 62 39
1 7 2 18 2 18 39 62 62
1 5 2 18 31 100 111
1 4 2 18 39 62
1 4 39 62 2 18
1 6 11 2 18 6 1 17
1 12 6 25 52 70 80 88 95 100 104 108 111 114
1 5 2 18 18 5 5
1 8 5 2 18 2 18 6 1 17
1 10 6 25 52 70 80 88 100 104 108 111
1 4 25 80 104 108
1 3 31 100 111
1 3 31 100 111
1 4 2 18 2 18
1 4 2 18 2 18
1 7 2 18 2 18 46 66 79
1 4 2 18 2 18
1 7 2 18 2 18 6 1 17
1 10 25 70 80 88 95 100 104 108 111 114
1 12 6 25 52 70 80 88 95 100 104 108 111 114
1 4 12 31 100 111
1 5 6 12 31 95 100
1 6 1 6 12 31 95 100
1 6 1 6 12 95 31 100
1 3 1 6 95
1 3 12 31 100
1 3 1 6 95
1 3 12 31 100
1 6 1 6 12 31 95 100
1 4 1 6 26 14
1 12 6 25 52 70 80 88 95 100 104 108 111 114
1 12 6 25 52 70 80 88 95 100 104 108 111 114
1 4 12 31 100 111
1 4 6 95 31 100
1 6 1 6 25 95 31 100
1 5 1 6 31 95 100
1 5 1 6 95 31 100
1 5 1 6 31 95 100
1 6 1 6 12 31 95 100
1 3 6 1 17
1 12 6 25 52 70 80 88 95 100 104 108 111 114
1 14 6 24 51 25 52 70 80 88 95 100 104 108 111 114
1 15 2 18 6 25 52 70 80 88 95 100 17 104 108 111 114
1 5 2 21 50 69 14
1 3 2 18 21
1 3 31 100 104
1 3 2 18 18
1 6 2 18 6 1 17 104
1 3 2 18 14
1 3 14 2 18
1 5 2 18 5 25 111
1 5 2 18 5 25 111
1 3 2 18 48
1 3 22 3 24
1 3 2 18 18
1 6 3 3 3 20 3 32
1 5 3 3 20 3 32
1 15 21 2 18 2 18 18 18 18 2 23 3 21 2 18 76
1 14 3 3 3 3 20 3 3 20 3 3 20 2 18 18
1 25 3 21 2 18 18 18 18 18 2 2 18 18 2 18 21 2 18 18 13 35 51 21 2 18 76
1 10 2 2 18 18 21 3 21 3 3 76
1 7 16 18 18 2 18 25 5
1 14 2 18 18 18 18 18 2 2 18 18 13 51 35 3
1 3 3 3 3
1 22 3 3 3 3 20 3 3 20 21 3 3 3 3 21 3 22 3 20 3 20 3 76
1 15 2 21 3 20 21 2 18 2 21 3 3 3 21 3 3
1 23 3 3 3 21 3 20 3 21 3 20 21 13 35 3 3 23 3 3 20 2 18 2 76
1 15 3 21 2 18 22 3 20 3 21 3 3 3 3 3 3
1 11 3 3 3 3 3 3 20 3 3 16 76
1 7 3 3 3 45 13 12 32
1 3 3 3 32
1 14 3 23 3 3 3 20 3 21 3 38 21 2 18 76
1 15 21 3 3 20 3 20 3 3 20 3 21 3 20 3 23
1 22 3 3 3 3 3 3 20 3 20 3 3 3 22 3 21 3 20 3 20 3 21 76
1 11 3 3 20 3 13 35 51 35 21 16 76
1 6 3 21 3 3 3 24
1 26 23 3 21 42 42 39 63 47 3 3 20 3 3 3 20 3 3 3 3 3 21 23 3 3 20 76
1 9 3 3 3 20 3 3 3 3 76
1 5 21 3 3 3 24
1 25 2 18 18 18 18 19 3 3 3 20 21 21 2 18 18 2 18 2 18 23 3 3 22 21 76
1 11 3 3 3 21 3 3 3 3 3 21 76
1 5 16 18 18 18 2
1 23 3 3 3 20 21 3 3 21 2 18 18 21 2 18 2 18 18 18 2 18 2 21 76
1 14 3 20 3 20 3 20 3 3 3 21 21 2 18 18
1 25 3 3 20 3 3 38 3 3 3 3 20 3 21 3 20 3 20 3 3 3 3 38 2 18 76
1 13 3 20 3 21 3 20 3 3 21 3 21 16 76
1 6 3 21 3 3 3 3
1 23 13 35 13 35 21 3 20 3 20 3 3 20 3 20 21 3 20 3 21 2 18 21 76
1 9 3 3 21 3 3 3 20 3 76
1 5 21 3 38 3 3
1 23 38 3 3 21 3 3 20 2 18 18 18 2 21 2 18 18 2 18 2 18 2 18 76
1 10 21 2 18 18 18 2 18 18 21 76
1 7 16 21 2 18 18 18 2
1 29 3 3 20 3 3 3 20 3 3 20 3 21 2 18 18 22 3 20 3 3 3 20 21 3 3 20 38 3 76
1 10 21 3 3 3 3 3 3 20 3 76
1 10 2 12 3 23 3 12 12 3 24 25
1 20 3 3 3 20 3 19 3 23 2 21 21 3 3 3 21 3 3 20 3 76
1 9 2 18 2 18 2 18 18 21 76
1 23 3 3 3 3 3 3 20 21 2 2 21 3 3 23 3 20 3 3 20 3 3 20 76
1 12 21 3 21 3 3 20 22 3 3 21 3 76
1 4 3 21 3 3
1 25 3 3 3 20 3 3 20 3 20 3 3 20 21 2 18 18 2 18 2 18 5 2 18 18 76
1 5 2 18 7 12 32
1 6 13 51 35 5 44 41
1 5 13 6 1 88 17
1 5 2 18 45 12 32
1 3 2 19 3
1 10 13 5 13 35 51 35 51 6 1 17
1 3 6 1 17
1 5 13 51 35 51 35
1 4 1 9 22 3
1 4 2 18 2 18
1 8 5 2 18 6 1 88 17 17
1 4 1 88 17 17
1 4 2 18 2 18
1 8 2 18 2 18 5 25 52 17
1 4 13 35 51 35
1 5 2 18 39 63 47
1 4 2 18 2 18
1 4 2 18 13 35
1 3 2 18 13
1 9 5 2 18 62 2 18 5 3 24
1 8 5 2 18 13 5 6 1 17
1 3 5 2 18
1 4 16 5 2 18
1 17 13 5 13 5 2 18 2 18 6 25 52 70 88 100 17 108 111
1 3 95 104 114
1 3 13 13 13
1 3 13 13 13
1 4 13 13 51 35
1 7 13 13 13 25 5 13 51
1 6 5 2 18 6 1 17
1 11 10 29 58 74 83 91 96 101 106 109 112
1 3 5 2 18
1 4 2 18 39 63
1 5 13 5 13 35 13
1 6 9 2 18 6 1 17
1 10 25 70 80 88 95 100 104 108 111 114
1 3 2 18 2
1 8 2 18 42 39 21 50 69 14
1 7 4 62 26 53 72 81 90
1 3 5 13 41
1 3 25 108 111
1 3 6 1 17
1 3 5 13 95
1 4 2 18 2 18
1 3 43 43 43
