536 124
1 3 1 1 70
1 6 2 20 40 60 40 60
1 13 2 20 40 60 41 4 61 40 60 5 6 26 51
1 8 4 61 4 2 20 61 75 40
1 6 2 20 40 60 40 60
1 6 2 20 40 60 40 60
1 8 2 20 40 60 40 60 88 72
1 6 2 20 40 60 40 60
1 9 2 20 40 60 40 60 6 26 51
1 8 2 20 40 60 40 60 40 60
1 8 2 20 40 60 40 60 40 60
1 6 2 20 40 60 40 60
1 11 2 20 40 60 5 40 60 5 6 26 51
1 3 6 26 51
1 3 5 40 60
1 5 7 2 20 42 78
1 4 5 40 60 73
1 3 5 40 60
1 6 8 2 20 9 53 51
1 4 8 2 20 6
1 4 2 20 40 60
1 3 10 2 20
1 6 43 2 20 6 26 51
1 13 6 57 69 1 18 39 58 70 86 100 109 113 117
1 15 2 2 20 6 28 1 18 39 58 70 86 100 109 113 117
1 14 2 20 6 81 1 18 39 58 70 86 100 109 113 117
1 4 2 20 40 60
1 4 2 20 40 60
1 4 2 20 40 60
1 10 2 20 42 62 78 92 79 94 104 93
1 6 2 20 40 60 40 60
1 6 2 20 40 60 40 60
1 6 2 20 40 60 40 60
1 6 2 20 40 60 40 60
1 6 2 20 40 60 40 60
1 6 2 20 40 60 40 60
1 20 2 20 44 3 5 40 60 40 22 5 6 26 18 39 58 86 100 109 113 117
1 8 2 20 40 60 40 60 40 60
1 6 2 20 40 60 40 60
1 8 2 20 40 60 40 60 40 60
1 7 2 20 61 75 40 60 5
1 4 2 20 40 60
1 4 2 20 40 60
1 6 5 40 60 40 60 5
1 4 2 20 40 60
1 4 2 20 40 60
1 5 7 2 20 11 33
1 5 3 21 7 11 33
1 4 2 20 40 60
1 8 2 20 44 5 40 60 44 5
1 4 5 40 60 73
1 3 2 20 5
1 3 10 2 20
1 4 2 20 40 60
1 4 2 20 40 60
1 3 2 20 3
1 4 2 20 40 60
1 5 28 18 58 109 113
1 3 3 21 8
1 3 2 20 5
1 3 2 2 20
1 3 2 2 20
1 3 5 40 60
1 3 5 40 60
1 3 2 20 5
1 3 2 20 41
1 3 2 20 3
1 11 2 20 5 12 28 28 1 19 32 113 117
1 5 12 37 58 86 109
1 6 12 28 18 58 86 109
1 11 12 12 6 12 28 1 37 58 109 113 117
1 7 2 20 12 36 62 80 92
1 3 78 93 103
1 3 62 79 94
1 14 2 20 5 61 12 28 12 6 81 96 105 18 100 113
1 6 12 37 98 86 109 124
1 9 28 12 39 59 58 86 87 109 113
1 13 12 12 12 12 30 1 18 59 58 71 86 109 121
1 10 2 20 8 12 28 9 28 1 13 67
1 7 12 37 58 86 109 119 117
1 5 28 67 58 86 109
1 12 12 12 12 28 1 59 37 58 107 109 113 117
1 3 12 12 12
1 3 2 20 3
1 3 2 20 74
1 9 5 40 60 61 3 61 40 28 73
1 7 6 12 28 1 18 100 113
1 7 39 59 37 58 86 87 109
1 6 41 40 60 61 76 90
1 6 41 12 36 61 76 90
1 6 41 12 36 61 76 90
1 6 41 12 36 61 76 90
1 6 41 12 36 61 76 90
1 6 41 12 36 61 76 90
1 6 41 12 36 61 76 90
1 6 41 12 36 61 76 90
1 5 41 36 61 76 90
1 6 41 12 36 61 76 90
1 6 41 12 36 61 76 90
1 6 2 20 41 61 76 90
1 6 2 20 41 61 76 90
1 7 2 20 41 1 73 76 90
1 4 32 70 87 113
1 6 2 20 41 61 76 90
1 3 12 13 13
1 5 3 41 61 76 90
1 5 3 41 61 76 90
1 5 3 41 61 76 90
1 3 1 1 70
1 7 5 40 60 40 60 5 5
1 6 2 20 8 2 20 45
1 4 2 20 40 60
1 5 2 20 43 11 33
1 5 2 20 43 11 33
1 9 2 20 10 2 20 10 6 26 51
1 4 2 20 40 60
1 5 7 2 20 11 33
1 4 2 20 7 33
1 3 2 20 73
1 4 5 40 60 73
1 5 5 5 40 60 46
1 6 2 20 41 61 61 75
1 6 2 20 41 61 61 75
1 6 2 20 41 61 61 75
1 5 2 20 6 26 51
1 4 6 57 1 51
1 7 41 61 61 75 6 26 51
1 5 2 20 6 26 51
1 6 4 61 75 61 61 75
1 6 2 20 41 61 61 75
1 6 2 20 41 61 61 75
1 6 2 20 41 61 61 75
1 6 2 20 41 61 61 75
1 6 2 20 41 61 61 75
1 6 2 20 41 61 61 75
1 10 2 20 40 60 40 60 5 40 28 5
1 8 2 20 40 60 40 60 40 60
1 8 2 20 40 60 40 60 40 60
1 8 2 20 40 60 40 60 40 60
1 8 2 20 40 60 40 60 40 60
1 11 2 20 40 60 5 40 60 5 40 60 5
1 8 2 20 40 60 40 60 40 60
1 8 2 20 40 60 40 60 40 60
1 8 2 20 40 60 40 60 40 60
1 10 2 20 40 60 40 60 5 40 28 5
1 14 2 20 40 60 5 40 60 40 60 11 5 40 60 5
1 4 5 40 60 13
1 4 8 2 20 70
1 4 6 26 13 51
1 5 12 36 43 11 33
1 3 13 13 13
1 5 12 36 7 11 33
1 3 6 26 51
1 5 2 20 6 26 51
1 10 2 20 40 60 40 60 5 12 36 5
1 3 6 26 51
1 5 2 20 6 26 51
1 10 2 20 3 22 21 3 5 12 36 5
1 10 2 20 40 60 3 22 21 3 12 36
1 13 2 20 40 60 3 21 3 21 3 5 12 36 5
1 12 2 20 40 60 40 60 3 22 21 3 12 36
1 10 2 20 40 60 3 22 21 3 12 36
1 10 2 20 40 60 3 22 21 3 12 36
1 10 2 20 40 60 3 22 21 3 12 36
1 11 2 20 72 88 2 20 3 21 3 12 36
1 12 2 20 40 60 3 22 3 21 85 3 3 3
1 13 2 20 40 60 3 21 3 21 3 5 12 36 5
1 6 5 12 36 6 26 51
1 4 8 12 36 12
1 4 5 40 60 74
1 6 2 20 40 60 40 60
1 8 2 20 5 40 60 11 2 20
1 4 2 20 40 60
1 8 2 20 12 36 57 69 2 20
1 8 2 20 12 36 57 69 2 20
1 10 2 20 40 60 40 60 40 60 40 60
1 4 2 20 40 60
1 4 2 20 40 60
1 8 2 20 5 40 60 41 12 36
1 4 2 20 12 36
1 6 2 20 5 5 12 36
1 6 5 40 60 40 60 5
1 3 70 70 70
1 3 11 33 33
1 4 2 20 11 33
1 3 2 20 13
1 14 1 23 22 21 3 21 3 41 1 40 60 40 60 11
1 5 1 40 60 1 1
1 7 11 2 20 40 60 40 60
1 6 2 20 40 60 40 60
1 6 2 20 40 60 40 60
1 6 2 20 40 60 40 60
1 11 2 20 40 60 40 60 40 60 11 2 20
1 6 2 20 40 60 40 60
1 6 2 20 40 60 40 60
1 6 2 20 40 60 40 60
1 12 2 20 40 60 40 60 40 60 11 2 20 11
1 6 2 20 40 60 40 60
1 3 11 2 20
1 4 2 20 47 41
1 3 1 1 70
1 3 5 40 60
1 3 7 2 20
1 4 5 40 60 13
1 3 8 2 20
1 3 10 2 20
1 4 5 40 60 74
1 8 5 40 60 40 60 5 61 75
1 11 2 20 40 60 40 60 61 75 40 28 5
1 11 2 20 40 60 40 60 61 75 40 60 5
1 10 2 20 40 60 40 60 61 75 40 60
1 14 5 40 60 40 60 40 60 44 5 61 75 44 3 5
1 10 2 20 40 60 40 60 61 75 40 60
1 10 2 20 40 60 40 60 61 75 40 60
1 8 2 20 40 60 40 60 61 75
1 4 5 40 60 73
1 5 2 20 40 60 74
1 4 5 41 61 77
1 10 10 2 20 40 60 40 60 10 61 75
1 10 5 40 60 40 60 40 60 5 61 75
1 9 7 2 20 3 21 3 7 61 75
1 10 2 20 40 60 40 60 61 75 40 60
1 10 2 20 40 60 40 60 61 75 40 60
1 11 2 20 40 60 40 60 61 75 40 60 3
1 10 2 20 40 60 40 60 61 75 40 60
1 10 8 2 20 40 60 40 60 8 61 75
1 13 5 40 60 40 60 40 60 5 61 75 40 60 5
1 8 2 20 40 60 40 60 61 75
1 14 6 27 57 69 1 18 39 58 70 86 100 109 113 117
1 14 6 27 57 69 1 18 39 58 70 86 100 109 113 117
1 12 41 4 22 61 29 52 50 66 82 65 14 97
1 6 2 20 40 60 40 60
1 6 2 20 40 60 40 60
1 8 2 20 40 60 40 60 40 60
1 4 2 20 40 60
1 4 2 20 40 60
1 6 2 20 40 60 40 60
1 8 2 20 40 60 40 60 40 60
1 6 2 20 40 60 40 60
1 7 2 20 40 60 40 60 1
1 4 2 20 40 60
1 6 5 40 60 1 86 113
1 12 43 63 81 96 106 111 115 118 120 122 123 124
1 14 6 27 57 69 1 18 39 58 70 86 100 109 113 117
1 14 6 27 57 69 1 18 39 58 70 86 100 109 113 117
1 12 10 31 54 11 34 56 68 84 99 108 33 55
1 14 6 27 57 69 1 18 39 58 70 86 100 109 113 117
1 14 6 27 57 69 1 18 39 58 70 86 100 109 113 117
1 11 8 9 30 53 67 83 98 107 112 116 119
1 3 12 12 12
1 13 2 20 7 42 62 78 92 15 79 94 104 93 95
1 14 6 27 57 69 1 18 39 58 70 86 100 109 113 117
1 12 6 27 60 1 18 39 58 86 100 109 113 117
1 11 6 27 1 18 39 58 70 86 100 109 113
1 14 6 27 57 69 1 18 39 58 70 86 100 109 113 117
1 14 6 27 57 69 1 18 39 58 70 86 100 109 113 117
1 12 6 27 60 1 18 39 58 86 100 109 113 117
1 6 5 40 60 1 86 113
1 12 43 63 81 96 106 111 115 118 120 122 123 124
1 11 6 27 57 69 1 18 39 58 86 109 113
1 5 8 53 67 107 119
1 5 9 83 98 112 116
1 8 2 20 7 62 78 92 94 93
1 4 15 79 95 104
1 4 2 20 40 60
1 4 2 20 40 60
1 4 2 20 40 60
1 4 2 20 40 60
1 4 2 20 40 60
1 16 2 20 28 6 27 57 1 18 39 58 70 86 100 109 113 117
1 4 2 20 40 60
1 16 2 20 28 6 27 57 1 18 39 58 70 86 100 109 113 117
1 4 2 20 40 60
1 3 3 3 3
1 3 1 1 70
1 25 5 12 36 57 5 40 60 40 60 5 12 2 20 5 12 2 20 5 12 36 5 40 60 38 3
1 5 5 12 36 12 73
1 4 5 40 60 74
1 3 5 12 73
1 5 2 20 5 12 46
1 9 5 12 36 12 10 2 20 10 12
1 11 5 12 36 57 43 2 20 43 12 11 33
1 4 2 20 43 33
1 13 5 12 36 12 8 2 20 8 12 2 20 8 12
1 13 5 12 36 57 5 40 60 40 60 5 40 60 5
1 28 5 12 36 57 41 40 60 44 41 12 47 2 20 41 12 47 2 20 5 3 5 12 47 38 3 21 3 22
1 9 12 12 36 7 2 20 7 11 33
1 5 2 20 7 11 33
1 19 12 2 20 40 60 12 2 20 12 2 20 40 60 12 36 57 69 38 3
1 20 12 12 36 57 69 85 57 69 85 57 69 2 20 12 38 3 21 3 38 3
1 17 12 12 36 57 69 85 57 69 85 57 69 85 3 21 3 38 3
1 19 12 2 20 40 60 12 2 20 12 2 20 23 3 12 36 57 69 38 3
1 20 12 12 36 57 69 85 57 69 85 57 69 2 20 12 38 3 21 3 38 3
1 22 12 12 36 57 69 85 57 69 85 3 21 3 21 3 12 12 38 3 21 3 38 3
1 9 12 12 36 57 69 85 57 69 85
1 9 12 2 20 40 60 12 2 20 12
1 20 12 12 36 57 69 85 57 69 85 57 69 2 20 12 38 3 21 3 38 3
1 20 12 12 36 57 69 85 57 69 85 57 69 2 20 12 38 3 21 3 38 3
1 5 2 20 8 2 20
1 6 2 20 40 60 11 33
1 4 11 11 11 16
1 4 2 20 40 60
1 4 2 20 40 60
1 6 5 40 60 40 60 5
1 4 2 20 40 60
1 4 2 20 3 3
1 3 2 20 48
1 13 6 28 1 18 39 58 70 86 51 100 109 113 117
1 6 5 12 36 1 51 100
1 3 1 51 100
1 11 4 2 20 5 40 47 44 47 1 51 100
1 6 2 20 5 40 60 5
1 6 8 12 36 1 51 100
1 7 2 2 20 8 1 51 100
1 3 1 51 100
1 4 2 20 40 60
1 4 2 20 40 60
1 6 2 20 49 16 16 76
1 3 2 20 76
1 4 2 20 40 60
1 3 2 20 76
1 5 2 20 1 51 100
1 3 76 2 20
1 3 76 2 20
1 3 76 2 20
1 3 76 2 20
1 3 76 2 20
1 4 2 20 40 60
1 4 2 20 40 60
1 4 38 3 23 3
1 3 76 2 20
1 5 2 20 11 13 33
1 3 16 16 16
1 6 2 20 40 60 40 60
1 6 2 20 40 60 40 60
1 16 2 20 40 60 72 89 88 101 76 91 102 110 114 48 64 48
1 8 12 36 57 69 2 20 3 3
1 7 2 20 40 60 3 21 21
1 4 2 20 40 60
1 4 2 20 11 11
1 5 2 20 3 21 74
1 13 3 5 40 6 26 18 39 58 70 86 100 109 113
1 9 11 35 35 35 35 35 35 35 35
1 4 2 20 40 60
1 3 2 70 2
1 13 6 57 69 1 18 39 58 70 86 100 109 113 117
1 4 2 20 40 60
1 3 1 1 70
1 5 2 20 41 61 61
1 6 7 23 3 61 11 33
1 5 11 11 11 11 11
1 4 5 40 60 11
1 3 2 20 3
1 4 2 20 40 60
1 3 2 20 3
1 6 2 20 40 60 40 60
1 4 2 20 40 60
1 5 5 40 60 40 60
1 4 5 40 60 73
1 5 8 2 20 32 113
1 7 41 12 36 61 40 60 61
1 6 2 20 41 40 60 61
1 9 41 12 36 61 40 60 61 61 75
1 7 2 20 40 60 41 61 61
1 5 2 20 32 86 113
1 4 2 20 41 61
1 4 41 61 40 60
1 6 10 2 20 6 26 51
1 8 8 2 20 41 61 6 26 51
1 12 6 28 1 18 39 58 70 86 100 109 113 117
1 5 2 20 3 5 5
1 8 5 40 60 40 60 6 26 51
1 10 6 28 1 18 39 58 86 100 109 113
1 4 28 39 100 109
1 3 32 86 113
1 3 32 86 113
1 4 2 20 40 60
1 4 2 20 40 60
1 7 2 20 40 60 72 88 101
1 4 2 20 3 21
1 4 2 20 40 60
1 7 2 20 40 60 6 26 51
1 10 28 18 39 58 70 86 100 109 113 117
1 12 6 28 1 18 39 58 70 86 100 109 113 117
1 4 11 32 86 113
1 5 6 11 32 70 86
1 6 1 6 11 32 70 86
1 6 1 6 11 70 32 86
1 3 1 6 70
1 3 11 32 86
1 3 1 6 70
1 3 11 32 86
1 6 1 6 11 32 70 86
1 4 1 6 29 14
1 12 6 28 1 18 39 58 70 86 100 109 113 117
1 12 6 28 1 18 39 58 70 86 100 109 113 117
1 4 11 32 86 113
1 4 6 70 32 86
1 6 1 6 28 70 32 86
1 5 1 6 32 70 86
1 5 1 6 70 32 86
1 5 1 6 32 70 86
1 6 1 6 11 32 70 86
1 3 6 26 51
1 12 6 28 1 18 39 58 70 86 100 109 113 117
1 3 2 20 46
1 14 6 27 57 28 1 18 39 58 70 86 100 109 113 117
1 10 42 62 78 92 15 79 94 104 93 95
1 15 2 20 6 28 1 18 39 58 70 86 51 100 109 113 117
1 5 2 22 50 65 14
1 8 2 20 40 60 40 60 40 60
1 3 2 20 22
1 6 2 20 40 60 6 51
1 3 32 86 100
1 3 2 20 3
1 6 2 20 6 26 51 100
1 5 1 1 1 1 1
1 3 2 20 14
1 3 14 2 20
1 5 2 20 5 28 113
1 5 2 20 5 28 113
1 3 2 20 48
1 3 23 3 5
1 3 2 20 3
1 3 2 20 33
1 3 5 44 33
1 3 1 1 70
1 6 3 3 3 21 3 33
1 5 3 3 21 3 33
1 15 22 21 3 21 3 3 3 3 21 24 3 22 21 3 76
1 14 3 3 3 3 21 3 3 21 3 3 21 21 3 3
1 25 3 22 21 3 3 3 3 3 21 21 3 3 21 3 22 21 3 3 12 36 57 22 21 3 76
1 10 2 2 20 3 22 3 22 3 3 76
1 7 17 3 3 21 3 28 5
1 28 3 21 3 22 3 3 25 3 3 21 3 21 3 22 21 3 21 22 3 38 2 22 3 21 3 21 3 76
1 14 2 20 3 3 3 3 21 21 3 3 12 2 20 3
1 3 3 3 3
1 22 3 3 3 3 21 3 3 21 22 3 3 3 3 22 3 23 3 21 3 21 3 76
1 15 2 22 3 21 22 21 3 21 22 3 3 3 22 3 3
1 23 3 3 3 22 3 21 3 22 3 21 22 85 3 3 3 24 3 3 21 21 3 21 76
1 15 3 22 21 3 23 3 21 3 22 3 3 3 3 3 3
1 21 3 3 3 21 3 3 21 3 21 22 3 3 3 21 3 22 3 3 21 3 76
1 11 3 3 3 3 3 3 21 3 3 17 76
1 4 22 21 3 3
1 7 3 3 3 43 12 11 33
1 3 3 3 33
1 14 3 24 3 3 3 21 3 22 3 38 22 21 3 76
1 15 22 3 3 21 3 21 3 3 21 3 22 3 21 3 24
1 22 3 3 3 3 3 3 21 3 21 3 3 3 23 3 22 3 21 3 21 3 22 76
1 11 3 3 21 3 12 36 57 69 22 17 76
1 6 3 22 3 3 3 5
1 26 24 3 22 44 44 41 12 47 3 3 21 3 3 3 21 3 3 3 3 3 22 24 3 3 21 76
1 9 3 3 3 21 3 3 3 3 76
1 5 22 3 3 3 5
1 25 2 20 3 3 3 25 3 3 3 21 22 22 21 3 3 21 3 21 3 24 3 3 23 22 76
1 11 3 3 3 22 3 3 3 3 3 22 76
1 5 17 3 3 3 21
1 23 3 3 3 21 22 3 3 22 21 3 3 22 21 3 21 3 3 3 21 3 21 22 76
1 14 3 21 3 21 3 21 3 3 3 22 22 21 3 3
1 25 3 3 21 3 3 38 3 3 3 3 21 3 22 3 21 3 21 3 3 3 3 38 2 20 76
1 13 3 21 3 22 3 21 3 3 22 3 22 17 76
1 6 3 22 3 3 3 3
1 23 12 36 12 36 22 3 21 3 21 3 3 21 3 21 22 3 21 3 22 21 3 22 76
1 9 3 3 22 3 3 3 21 3 76
1 5 22 3 38 3 3
1 23 38 3 3 22 3 3 21 21 3 3 3 21 22 21 3 3 21 3 21 3 21 3 76
1 10 22 21 3 3 3 21 3 3 22 76
1 7 17 22 21 3 3 3 21
1 29 3 3 21 3 3 3 21 3 3 21 3 22 21 3 3 23 3 21 3 3 3 21 22 3 3 21 38 3 76
1 10 22 3 3 3 3 3 3 21 3 76
1 10 2 11 3 24 3 11 11 3 5 28
1 20 3 3 3 21 3 25 3 24 2 22 22 3 3 3 22 3 3 21 3 76
1 9 2 20 40 60 40 60 3 22 76
1 6 17 3 3 21 3 3
1 23 3 3 3 3 3 3 21 22 21 21 22 3 3 24 3 21 3 3 21 3 3 21 76
1 12 22 3 22 3 3 21 23 3 3 22 3 76
1 4 3 22 3 3
1 25 3 3 3 21 3 3 21 3 21 3 3 21 22 21 3 3 21 3 21 3 5 40 60 3 76
1 19 3 22 21 21 21 3 3 22 21 22 3 12 36 3 22 3 21 21 3
1 6 12 7 7 12 11 33
1 5 2 20 7 11 33
1 6 12 2 20 5 74 73
1 5 12 6 26 58 51
1 5 2 20 43 11 33
1 3 2 25 3
1 10 12 5 12 36 57 69 2 6 26 51
1 3 6 26 51
1 5 12 2 20 40 60
1 4 12 6 26 51
1 7 8 2 20 8 12 36 51
1 4 1 8 23 3
1 4 2 20 40 60
1 8 5 40 60 6 26 58 51 51
1 4 1 58 51 51
1 4 11 5 40 60
1 4 2 20 40 60
1 3 2 12 36
1 8 2 20 40 60 5 28 1 51
1 4 2 20 40 60
1 4 12 36 57 69
1 5 2 20 41 12 47
1 3 2 20 12
1 4 2 20 40 60
1 4 2 20 40 60
1 4 2 20 12 36
1 3 2 20 12
1 9 5 40 60 61 40 60 5 3 5
1 8 5 40 60 12 5 6 26 51
1 3 5 40 60
1 4 17 5 40 60
1 4 12 12 2 20
1 17 12 5 12 5 40 60 40 60 6 28 1 18 58 86 51 109 113
1 3 70 100 117
1 3 12 12 12
1 3 12 12 12
1 4 12 12 2 20
1 7 12 12 12 28 5 12 2
1 6 5 40 60 6 26 51
1 11 9 30 53 67 83 98 107 112 116 119 121
1 3 5 40 60
1 4 2 20 41 12
1 5 12 5 12 36 12
1 6 8 2 20 6 26 51
1 10 28 18 39 58 70 86 100 109 113 117
1 16 2 20 5 6 28 1 18 39 58 70 86 100 109 113 117 51
1 13 6 28 1 18 39 58 70 86 51 100 109 113 117
1 12 6 36 1 18 39 58 70 86 100 109 113 117
1 3 2 20 40
1 8 2 20 44 41 22 50 65 14
1 7 4 61 29 52 66 82 97
1 3 5 12 73
1 3 28 109 113
1 3 6 26 51
1 3 5 12 70
1 4 2 20 40 60
1 3 13 13 13
