432 112
1 6 1 21 1 21 1 21
1 8 3 66 3 1 21 66 40 1
1 6 1 21 1 21 1 21
1 6 1 21 1 21 1 21
1 8 1 21 1 21 1 21 67 41
1 6 1 21 1 21 1 21
1 9 1 21 1 21 1 21 4 5 25
1 8 1 21 1 21 1 21 1 21
1 6 1 21 1 21 1 21
1 11 1 21 1 21 6 1 21 6 4 5 25
1 3 4 5 25
1 3 6 1 21
1 6 7 1 21 8 56 25
1 4 7 1 21 4
1 6 9 1 21 4 5 25
1 13 4 61 33 5 26 55 70 81 89 95 100 104 108
1 14 1 21 4 57 5 26 55 70 81 89 95 100 104 108
1 4 1 21 1 21
1 4 1 21 1 21
1 4 1 21 1 21
1 6 1 21 1 21 1 21
1 6 1 21 1 21 1 21
1 6 1 21 1 21 1 21
1 20 1 21 42 2 6 1 21 1 43 6 4 5 26 55 70 89 95 100 104 108
1 8 1 21 1 21 1 21 1 21
1 8 1 21 1 21 1 21 1 21
1 7 1 21 66 40 1 21 6
1 4 1 21 1 21
1 4 1 21 1 21
1 6 6 1 21 1 21 6
1 4 1 21 1 21
1 4 1 21 1 21
1 5 2 1 10 11 29
1 4 1 21 1 21
1 8 1 21 42 6 1 21 42 6
1 4 6 1 21 44
1 3 1 21 6
1 3 12 1 21
1 4 1 21 1 21
1 4 1 21 1 21
1 3 1 21 21
1 4 1 21 1 21
1 5 24 26 70 100 104
1 3 1 21 6
1 3 1 1 21
1 3 1 1 21
1 3 6 1 21
1 3 1 21 40
1 3 1 21 21
1 11 1 21 6 13 24 24 54 69 26 104 108
1 5 13 34 70 89 100
1 11 13 13 4 13 24 54 34 70 100 104 108
1 7 1 21 13 33 14 36 38
1 3 15 39 65
1 3 14 37 63
1 14 1 21 6 66 13 24 13 4 57 73 84 26 95 104
1 6 13 34 91 89 100 105
1 9 24 13 55 71 70 89 90 100 104
1 13 13 13 13 13 27 5 26 71 70 82 89 100 111
1 10 1 21 7 13 24 8 24 54 45 72
1 7 13 34 70 89 100 109 108
1 5 24 72 70 89 100
1 12 13 13 13 24 54 71 34 70 96 100 104 108
1 3 13 13 13
1 3 1 21 21
1 9 6 1 21 66 2 66 1 24 44
1 7 4 13 24 54 26 95 104
1 7 55 71 34 70 89 90 100
1 6 40 1 21 66 77 87
1 6 40 13 33 66 77 87
1 6 40 13 33 66 77 87
1 6 40 13 33 66 77 87
1 6 40 13 33 66 77 87
1 6 40 13 33 66 77 87
1 5 40 21 66 77 87
1 6 40 13 33 66 77 87
1 6 40 13 33 66 77 87
1 6 1 21 40 66 77 87
1 6 1 21 40 66 77 87
1 7 1 21 40 5 44 77 87
1 4 26 81 90 104
1 6 1 21 40 66 77 87
1 3 13 45 45
1 5 2 40 66 77 87
1 5 2 40 66 77 87
1 3 5 5 81
1 7 6 1 21 1 21 6 6
1 6 1 21 7 1 21 46
1 4 1 21 1 21
1 5 1 21 9 11 29
1 9 1 21 12 1 21 12 4 5 25
1 5 10 1 21 11 29
1 4 1 21 10 29
1 3 1 21 44
1 5 6 6 1 21 47
1 6 1 21 40 66 66 40
1 5 1 21 4 5 25
1 4 4 61 5 25
1 7 40 66 66 40 4 5 25
1 5 1 21 4 5 25
1 6 3 66 40 66 66 40
1 6 1 21 40 66 66 40
1 6 1 21 40 66 66 40
1 6 1 21 40 66 66 40
1 6 1 21 40 66 66 40
1 10 1 21 1 21 1 21 6 1 24 6
1 8 1 21 1 21 1 21 1 21
1 8 1 21 1 21 1 21 1 21
1 8 1 21 1 21 1 21 1 21
1 8 1 21 1 21 1 21 1 21
1 11 1 21 1 21 6 1 21 6 1 21 6
1 8 1 21 1 21 1 21 1 21
1 8 1 21 1 21 1 21 1 21
1 10 1 21 1 21 1 21 6 1 24 6
1 14 1 21 1 21 6 1 21 1 21 11 6 1 21 6
1 4 6 1 21 45
1 4 7 1 21 81
1 4 4 5 45 25
1 5 13 33 9 11 29
1 3 45 45 45
1 5 13 33 10 11 29
1 3 4 5 25
1 5 1 21 4 5 25
1 10 1 21 1 21 1 21 6 13 33 6
1 3 4 5 25
1 5 1 21 4 5 25
1 10 1 21 21 43 1 21 6 13 33 6
1 10 1 21 1 21 21 43 1 21 13 33
1 13 1 21 1 21 21 1 21 1 21 6 13 33 6
1 10 1 21 1 21 21 43 1 21 13 33
1 10 1 21 1 21 21 43 1 21 13 33
1 10 1 21 1 21 21 43 1 21 13 33
1 11 1 21 41 67 1 21 21 1 21 13 33
1 12 1 21 1 21 21 43 2 1 13 33 2 2
1 6 6 13 33 4 5 25
1 4 7 13 33 13
1 8 1 21 6 1 21 11 1 21
1 4 1 21 1 21
1 8 1 21 13 33 61 33 61 33
1 8 1 21 13 33 61 33 61 33
1 4 1 21 1 21
1 8 1 21 6 1 21 40 13 33
1 4 1 21 13 33
1 6 6 1 21 1 21 6
1 3 81 81 81
1 3 11 29 29
1 4 1 21 11 29
1 3 1 21 45
1 14 5 48 43 1 21 1 21 40 5 1 21 1 21 11
1 6 1 21 1 21 1 21
1 6 1 21 1 21 1 21
1 6 1 21 1 21 1 21
1 6 1 21 1 21 1 21
1 6 1 21 1 21 1 21
1 6 1 21 1 21 1 21
1 12 1 21 1 21 1 21 1 21 11 1 21 11
1 6 1 21 1 21 1 21
1 3 11 1 21
1 4 1 21 49 40
1 3 5 5 81
1 3 10 1 21
1 4 6 1 21 45
1 3 12 1 21
1 4 6 1 21 50
1 8 6 1 21 1 21 6 66 40
1 11 1 21 1 21 1 21 66 40 1 24 6
1 11 1 21 1 21 1 21 66 40 1 21 6
1 14 6 1 21 1 21 1 21 42 6 66 40 42 2 6
1 10 1 21 1 21 1 21 66 40 1 21
1 4 6 1 21 44
1 4 6 40 66 78
1 10 6 1 21 1 21 1 21 6 66 40
1 9 10 1 21 21 1 21 10 66 40
1 10 1 21 1 21 1 21 66 40 1 21
1 10 1 21 1 21 1 21 66 40 1 21
1 11 1 21 1 21 1 21 66 40 1 21 21
1 13 6 1 21 1 21 1 21 6 66 40 1 21 6
1 8 1 21 1 21 1 21 66 40
1 14 4 23 61 33 5 26 55 70 81 89 95 100 104 108
1 14 4 23 61 33 5 26 55 70 81 89 95 100 104 108
1 12 40 3 43 66 79 88 68 94 99 80 16 103
1 6 1 21 1 21 1 21
1 6 1 21 1 21 1 21
1 8 1 21 1 21 1 21 1 21
1 4 1 21 1 21
1 4 1 21 1 21
1 6 1 21 1 21 1 21
1 8 1 21 1 21 1 21 1 21
1 6 1 21 1 21 1 21
1 7 1 21 1 21 1 21 5
1 4 1 21 1 21
1 6 6 1 21 5 89 104
1 12 9 28 57 73 85 92 97 102 107 110 112 105
1 14 4 23 61 33 5 26 55 70 81 89 95 100 104 108
1 14 4 23 61 33 5 26 55 70 81 89 95 100 104 108
1 12 12 32 60 11 30 59 74 86 93 98 29 58
1 14 4 23 61 33 5 26 55 70 81 89 95 100 104 108
1 11 7 8 27 56 72 83 91 96 101 106 109
1 3 13 13 13
1 13 1 21 10 17 14 15 38 18 37 63 76 39 64
1 14 4 23 61 33 5 26 55 70 81 89 95 100 104 108
1 12 4 23 21 5 26 55 70 89 95 100 104 108
1 11 4 23 5 26 55 70 81 89 95 100 104
1 14 4 23 61 33 5 26 55 70 81 89 95 100 104 108
1 14 4 23 61 33 5 26 55 70 81 89 95 100 104 108
1 12 4 23 21 5 26 55 70 89 95 100 104 108
1 11 4 23 61 33 5 26 55 70 89 100 104
1 5 7 56 72 96 109
1 5 8 83 91 101 106
1 8 1 21 10 14 15 38 63 39
1 4 18 37 64 76
1 4 1 21 1 21
1 4 1 21 1 21
1 4 1 21 1 21
1 4 1 21 1 21
1 16 1 21 24 4 23 61 5 26 55 70 81 89 95 100 104 108
1 4 1 21 1 21
1 3 2 2 2
1 25 6 13 33 61 6 1 21 1 21 6 13 61 33 6 13 61 33 6 13 33 6 1 21 35 62
1 5 6 13 33 13 44
1 4 6 1 21 50
1 3 6 13 44
1 9 6 13 33 13 12 1 21 12 13
1 11 6 13 33 61 9 1 21 9 13 11 29
1 4 1 21 9 29
1 13 6 13 33 61 6 1 21 1 21 6 1 21 6
1 28 6 13 33 61 40 1 21 42 40 13 49 1 21 40 13 49 1 21 6 2 6 13 49 35 62 75 62 43
1 9 13 13 33 10 1 21 10 11 29
1 5 1 21 10 11 29
1 19 13 61 33 61 33 13 61 33 13 61 33 61 33 13 33 61 33 35 62
1 20 13 13 33 61 33 13 61 33 13 61 33 61 33 13 35 62 75 62 35 62
1 19 13 61 33 61 33 13 61 33 13 61 33 48 2 13 33 61 33 35 62
1 20 13 13 33 61 33 13 61 33 13 61 33 61 33 13 35 62 75 62 35 62
1 22 13 13 33 61 33 13 61 33 13 33 61 33 61 33 13 13 35 62 75 62 35 62
1 9 13 13 33 61 33 13 61 33 13
1 9 13 61 33 61 33 13 61 33 13
1 20 13 13 33 61 33 13 61 33 13 61 33 61 33 13 35 62 75 62 35 62
1 20 13 13 33 61 33 13 61 33 13 61 33 61 33 13 35 62 75 62 35 62
1 5 1 21 7 1 21
1 6 1 21 1 21 11 29
1 4 11 11 11 19
1 4 1 21 1 21
1 4 1 21 1 21
1 6 6 1 21 1 21 6
1 4 1 21 21 21
1 3 1 21 51
1 13 4 24 54 26 55 70 81 89 25 95 100 104 108
1 6 6 13 33 5 25 95
1 3 5 25 95
1 11 3 1 21 6 1 49 42 49 5 25 95
1 6 7 13 33 5 25 95
1 7 1 1 21 7 5 25 95
1 3 5 25 95
1 4 1 21 1 21
1 6 1 21 52 19 19 77
1 3 1 21 77
1 4 1 21 1 21
1 3 1 21 77
1 5 1 21 5 25 95
1 3 77 1 21
1 3 77 1 21
1 3 77 1 21
1 3 77 1 21
1 4 1 21 1 21
1 4 1 21 1 21
1 4 35 62 48 2
1 3 77 1 21
1 3 19 19 19
1 6 1 21 1 21 1 21
1 6 1 21 1 21 1 21
1 8 13 33 61 33 61 33 2 2
1 7 1 21 1 21 21 1 1
1 4 1 21 1 21
1 4 1 21 11 11
1 5 1 21 21 1 50
1 13 2 6 1 4 5 26 55 70 81 89 95 100 104
1 9 11 31 31 31 31 31 31 31 31
1 4 1 21 1 21
1 3 1 81 1
1 13 4 61 33 5 26 55 70 81 89 95 100 104 108
1 4 1 21 1 21
1 6 10 48 2 66 11 29
1 3 1 21 21
1 4 1 21 1 21
1 3 1 21 21
1 5 6 1 21 1 21
1 4 6 1 21 44
1 5 7 1 21 26 104
1 7 40 13 33 66 1 21 66
1 6 1 21 40 1 21 66
1 9 40 13 33 66 1 21 66 66 40
1 5 1 21 26 89 104
1 4 1 21 40 66
1 4 40 66 1 21
1 6 12 1 21 4 5 25
1 8 7 1 21 40 66 4 5 25
1 12 4 24 54 26 55 70 81 89 95 100 104 108
1 5 1 21 21 6 6
1 10 4 24 54 26 55 70 89 95 100 104
1 3 26 89 104
1 3 26 89 104
1 4 1 21 1 21
1 4 1 21 1 21
1 4 1 21 21 1
1 4 1 21 1 21
1 7 1 21 1 21 4 5 25
1 10 24 26 55 70 81 89 95 100 104 108
1 12 4 24 54 26 55 70 81 89 95 100 104 108
1 5 4 11 26 81 89
1 6 5 4 11 26 81 89
1 3 11 26 89
1 3 5 4 81
1 6 5 4 11 26 81 89
1 4 5 4 79 16
1 12 4 24 54 26 55 70 81 89 95 100 104 108
1 4 11 26 89 104
1 4 4 81 26 89
1 6 5 4 24 81 26 89
1 5 5 4 26 81 89
1 5 5 4 81 26 89
1 5 5 4 26 81 89
1 3 4 5 25
1 12 4 24 54 26 55 70 81 89 95 100 104 108
1 3 1 21 47
1 14 4 23 61 24 54 26 55 70 81 89 95 100 104 108
1 10 17 14 15 38 18 37 63 76 39 64
1 15 1 21 4 24 54 26 55 70 81 89 25 95 100 104 108
1 5 1 43 68 80 16
1 8 1 21 1 21 1 21 1 21
1 3 1 21 43
1 6 1 21 1 21 4 25
1 3 26 89 95
1 3 1 21 21
1 6 1 21 4 5 25 95
1 5 5 5 5 5 5
1 3 1 21 16
1 3 16 1 21
1 5 1 21 6 24 104
1 5 1 21 6 24 104
1 3 1 21 51
1 3 48 2 6
1 3 1 21 21
1 3 1 21 29
1 3 6 42 29
1 3 5 5 81
1 6 2 2 2 1 21 29
1 15 43 1 21 1 21 21 21 21 1 22 2 43 1 21 77
1 25 2 43 1 21 21 21 21 21 1 1 21 21 1 21 43 1 21 21 13 33 61 43 1 21 77
1 10 1 1 21 21 43 2 43 2 2 77
1 7 20 2 2 1 21 24 6
1 28 2 1 21 43 2 2 53 2 2 1 21 1 21 43 1 21 1 43 2 35 1 43 2 1 21 1 21 77
1 14 1 21 21 21 21 21 1 1 21 21 13 61 33 2
1 3 2 2 2
1 22 2 2 2 2 1 21 21 1 43 2 2 2 2 43 2 48 2 1 21 1 21 77
1 15 1 43 2 1 43 1 21 1 43 2 2 2 43 2 2
1 23 2 2 2 43 2 1 21 43 2 1 43 13 33 2 2 22 2 2 1 1 21 1 77
1 15 2 43 1 21 48 2 1 21 43 2 2 2 2 2 2
1 21 2 2 2 1 21 21 1 21 1 43 2 2 2 1 21 43 2 2 1 21 77
1 11 2 2 2 2 2 2 1 21 21 20 77
1 4 43 1 21 21
1 3 2 2 29
1 14 2 22 2 2 2 1 21 43 2 35 43 1 21 77
1 15 43 2 2 1 21 1 21 21 1 21 43 2 1 21 22
1 22 2 2 2 2 2 2 1 21 1 21 21 21 48 2 43 2 1 21 1 21 43 77
1 6 2 43 2 2 2 6
1 26 22 2 43 42 42 40 13 49 2 2 1 21 21 21 1 21 21 21 21 21 43 22 2 2 1 77
1 9 2 2 2 1 21 21 21 21 77
1 5 43 2 2 2 6
1 25 1 21 21 21 21 53 2 2 2 1 43 43 1 21 21 1 21 1 21 22 2 2 48 43 77
1 11 2 2 2 43 2 2 2 2 2 43 77
1 23 2 2 2 1 43 2 2 43 1 21 21 43 1 21 1 21 21 21 1 21 1 43 77
1 14 2 1 21 1 21 1 21 21 21 43 43 1 21 21
1 25 2 2 1 21 21 35 62 2 2 2 1 21 43 2 1 21 1 21 21 21 21 35 1 21 77
1 6 2 43 2 2 2 2
1 23 13 33 13 33 43 2 1 21 1 21 21 1 21 1 43 2 1 21 43 1 21 43 77
1 5 43 2 35 62 2
1 23 35 62 2 43 2 2 1 1 21 21 21 1 43 1 21 21 1 21 1 21 1 21 77
1 10 43 1 21 21 21 1 21 21 43 77
1 7 20 43 1 21 21 21 1
1 10 1 11 2 22 2 11 11 2 6 24
1 6 20 2 2 1 21 21
1 23 2 2 2 2 2 2 1 43 1 1 43 2 2 22 2 1 21 21 1 21 21 1 77
1 12 43 2 43 2 2 1 48 2 2 43 2 77
1 4 2 43 2 2
1 25 2 2 2 1 21 21 1 21 1 21 21 1 43 1 21 21 1 21 1 21 6 1 21 21 77
1 19 2 43 1 1 1 21 21 43 1 43 2 13 33 2 43 2 1 1 21
1 6 13 10 10 13 11 29
1 6 13 61 33 6 50 44
1 5 13 4 5 70 25
1 10 13 6 13 33 61 33 61 4 5 25
1 3 4 5 25
1 5 13 61 33 61 33
1 4 13 4 5 25
1 7 7 1 21 7 13 33 25
1 4 5 7 48 2
1 4 1 21 1 21
1 8 6 1 21 4 5 70 25 25
1 4 5 70 25 25
1 4 11 6 1 21
1 4 1 21 1 21
1 3 1 13 33
1 8 1 21 1 21 6 24 54 25
1 4 1 21 1 21
1 4 13 33 61 33
1 5 1 21 40 13 49
1 3 1 21 13
1 4 1 21 1 21
1 4 1 21 1 21
1 4 1 21 13 33
1 3 1 21 13
1 8 6 1 21 13 6 4 5 25
1 4 20 6 1 21
1 4 13 13 61 33
1 3 13 13 13
1 3 13 13 13
1 4 13 13 61 33
1 7 13 13 13 24 6 13 61
1 11 8 27 56 72 83 91 96 101 106 109 111
1 3 6 1 21
1 4 1 21 40 13
1 5 13 6 13 33 13
1 6 7 1 21 4 5 25
1 10 24 26 55 70 81 89 95 100 104 108
1 16 1 21 6 4 24 54 26 55 70 81 89 95 100 104 108 25
1 13 4 24 54 26 55 70 81 89 25 95 100 104 108
1 12 4 21 5 26 55 70 81 89 95 100 104 108
1 3 1 21 1
1 8 1 21 42 40 43 68 80 16
1 7 3 66 79 88 94 99 103
1 3 6 13 44
1 3 4 5 25
1 3 6 13 81
