420 394
1 3 1 47 129
1 6 3 51 134 230 134 230
1 13 5 56 164 248 63 51 137 179 262 301 51 134 230
1 8 4 139 67 176 51 138 236 179
1 6 3 51 134 230 134 230
1 6 3 51 134 230 134 230
1 8 9 69 184 51 134 230 134 230
1 6 3 51 134 230 134 230
1 9 5 56 164 246 51 134 230 134 230
1 8 3 51 134 230 134 230 134 230
1 6 3 51 134 230 134 230
1 11 5 56 164 248 63 51 136 63 51 134 230
1 3 5 56 164
1 3 3 51 136
1 5 10 70 185 51 141
1 4 11 71 51 136
1 3 3 51 136
1 6 5 60 168 254 51 142
1 4 3 51 134 230
1 3 3 51 143
1 6 5 56 164 246 51 144
1 13 13 75 186 264 303 329 343 353 363 369 375 384 393
1 15 13 75 186 264 303 329 343 353 363 369 378 386 246 51 135
1 4 3 51 134 230
1 4 3 51 134 230
1 10 19 221 290 324 340 361 367 373 185 51
1 6 3 51 134 230 134 230
1 6 3 51 134 230 134 230
1 6 3 51 134 230 134 230
1 6 3 51 134 230 134 230
1 6 3 51 134 230 134 230
1 8 3 51 134 230 134 230 134 230
1 7 6 63 51 139 67 176 51
1 4 3 51 134 230
1 4 3 51 134 230
1 6 6 63 51 134 230 136
1 4 3 51 134 230
1 5 21 89 201 280 134
1 8 6 66 175 51 136 66 175 51
1 3 3 51 143
1 4 3 51 134 230
1 4 3 51 134 230
1 3 3 50 51
1 4 3 51 134 230
1 5 14 186 265 305 331
1 3 12 74 134
1 3 6 63 51
1 3 3 51 135
1 3 3 51 136
1 3 3 51 136
1 3 6 63 51
1 3 8 301 51
1 11 13 75 187 269 308 378 388 174 154 63 51
1 5 15 80 192 271 311
1 6 15 80 192 305 331 174
1 11 13 75 186 265 271 310 378 174 257 251 94
1 14 14 77 189 270 309 370 380 251 345 174 258 177 63 51
1 9 14 186 267 306 192 272 313 333 345
1 13 24 95 80 193 274 272 314 369 379 389 94 94 94
1 10 25 97 169 378 387 394 174 92 205 51
1 7 13 76 188 80 192 271 311
1 5 15 80 192 273 315
1 12 13 75 186 268 307 271 312 332 378 174 94 94
1 3 23 94 94
1 3 3 50 51
1 3 28 102 51
1 9 11 72 173 137 176 259 176 51 136
1 7 14 77 189 369 378 174 257
1 6 29 104 209 176 51 139
1 6 29 104 209 176 52 155
1 6 29 104 209 176 52 155
1 6 29 104 209 176 52 155
1 5 29 104 209 176 260
1 6 29 104 209 176 52 155
1 6 29 104 209 176 52 155
1 6 29 104 209 261 301 51
1 7 29 104 210 283 317 301 51
1 6 29 104 209 261 301 51
1 3 26 99 207
1 5 29 104 209 261 301
1 5 29 104 209 261 301
1 5 29 104 209 261 301
1 3 1 47 129
1 6 31 109 51 142 205 51
1 4 3 51 134 230
1 5 21 89 202 281 51
1 5 21 89 202 281 51
1 9 5 56 164 250 206 51 143 206 51
1 4 3 51 134 230
1 5 21 89 199 51 141
1 4 21 86 279 51
1 6 8 67 178 261 301 51
1 6 8 67 178 261 301 51
1 5 5 56 164 246 51
1 5 5 56 164 246 51
1 6 8 67 178 261 67 179
1 6 8 67 178 261 301 51
1 6 8 67 178 261 301 51
1 6 8 67 178 261 301 51
1 6 8 67 178 261 301 51
1 6 8 67 178 261 301 51
1 6 8 67 178 261 301 51
1 10 6 65 173 136 63 51 134 230 134 230
1 8 3 51 134 230 134 230 134 230
1 8 3 51 134 230 134 230 134 230
1 8 3 51 134 230 134 230 134 230
1 8 3 51 134 230 134 230 134 230
1 11 6 63 51 136 63 51 136 63 51 134 230
1 8 3 51 134 230 134 230 134 230
1 8 3 51 134 230 134 230 134 230
1 10 6 65 173 136 63 51 134 230 134 230
1 4 26 98 51 136
1 4 1 48 51 142
1 4 5 62 169 164
1 5 21 89 202 281 52
1 3 26 99 99
1 5 21 89 201 279 52
1 3 5 56 164
1 5 5 56 164 246 51
1 10 6 63 52 154 63 51 134 230 134 230
1 3 5 56 164
1 5 5 56 164 246 51
1 10 6 63 52 154 63 51 148 241 50 51
1 10 3 52 152 51 148 241 50 51 134 230
1 13 6 63 52 154 63 51 134 230 134 50 51 134 230
1 12 3 52 152 51 148 241 50 51 134 230 134 230
1 10 3 52 152 51 148 241 50 51 134 230
1 10 3 52 152 51 148 241 50 51 134 230
1 10 3 52 152 51 148 241 50 51 134 230
1 11 3 52 152 51 134 50 51 140 223 292 51
1 12 3 50 50 52 153 134 130 241 50 51 134 230
1 13 6 63 52 154 63 51 134 230 134 50 51 134 230
1 4 28 102 51 136
1 6 3 51 134 230 134 230
1 8 3 51 145 199 51 136 63 51
1 4 3 51 134 230
1 8 3 51 134 230 134 52 152 51
1 8 3 51 134 230 134 52 152 51
1 10 3 51 134 230 134 230 134 230 134 230
1 4 3 51 134 230
1 4 3 51 134 230
1 8 3 52 155 301 51 136 63 51
1 6 6 63 51 134 230 136
1 3 1 46 46
1 3 21 88 89
1 4 21 89 199 51
1 5 2 129 375 384 392
1 6 3 51 134 230 134 230
1 6 3 51 134 230 134 230
1 11 3 51 145 199 51 134 230 134 230 134 230
1 6 3 51 134 230 134 230
1 6 3 51 134 230 134 230
1 6 3 51 134 230 134 230
1 12 22 199 51 145 199 51 134 230 134 230 134 230
1 6 3 51 134 230 134 230
1 3 3 51 145
1 4 8 68 183 51
1 3 1 47 129
1 3 3 51 136
1 3 3 51 141
1 3 3 51 143
1 4 28 102 51 136
1 8 8 67 177 63 51 134 230 136
1 11 6 65 173 139 67 176 51 134 230 134 230
1 11 6 63 51 139 67 176 51 134 230 134 230
1 14 6 63 172 256 67 177 66 175 51 134 230 134 230 136
1 10 3 51 139 67 176 51 134 230 134 230
1 10 3 51 139 67 176 51 134 230 134 230
1 4 11 71 51 136
1 5 28 102 51 134 230
1 4 33 110 261 302
1 10 8 67 182 206 51 134 230 134 230 143
1 9 8 67 180 279 51 134 50 51 141
1 10 3 51 139 67 176 51 134 230 134 230
1 10 3 51 139 67 176 51 134 230 134 230
1 11 3 50 51 139 67 176 51 134 230 134 230
1 10 8 67 181 205 51 134 230 134 230 142
1 8 8 67 176 51 134 230 134 230
1 14 13 75 186 264 303 329 343 353 363 369 375 384 136 233
1 14 13 75 186 264 303 329 343 353 363 369 375 384 136 233
1 12 34 111 114 214 213 284 318 319 334 346 355 262
1 6 3 51 134 230 134 230
1 6 3 51 134 230 134 230
1 8 3 51 134 230 134 230 134 230
1 4 3 51 134 230
1 4 3 51 134 230
1 6 3 51 134 230 134 230
1 8 3 51 134 230 134 230 134 230
1 6 3 51 134 230 134 230
1 7 2 375 384 134 230 134 230
1 4 3 51 134 230
1 6 14 78 190 375 384 136
1 12 36 116 217 287 321 336 348 357 364 370 381 390
1 14 13 75 186 264 303 329 343 353 363 369 375 384 136 233
1 14 13 75 186 264 303 329 343 353 363 369 375 384 136 233
1 12 37 117 218 288 322 337 349 358 365 371 382 391
1 14 13 75 186 264 303 329 343 353 363 369 375 384 136 233
1 11 27 101 118 219 289 323 339 350 360 366 372
1 3 23 94 94
1 13 39 119 221 290 324 341 351 361 367 373 383 279 51
1 14 13 75 186 264 303 329 343 353 363 369 375 384 136 233
1 11 14 186 264 303 329 343 353 363 369 377 233
1 14 13 75 186 264 303 329 343 353 363 369 375 384 136 233
1 12 13 75 186 264 303 192 353 363 369 375 170 233
1 6 14 78 190 375 384 136
1 12 36 116 217 287 321 336 348 357 364 370 381 390
1 11 14 186 80 192 353 363 369 375 384 136 233
1 5 27 100 208 350 359
1 5 38 118 220 323 338
1 8 19 83 197 361 367 374 279 51
1 4 20 84 198 341
1 4 3 51 134 230
1 4 3 51 134 230
1 4 3 51 134 230
1 16 13 75 186 264 303 329 343 353 363 369 376 136 233 299 327 51
1 4 3 51 134 230
1 16 13 75 186 264 303 329 343 353 363 369 376 136 233 299 327 51
1 4 3 51 134 230
1 3 3 50 50
1 3 1 47 129
1 25 3 53 157 51 136 63 52 154 63 51 146 154 63 51 146 154 63 51 134 230 136 232 134 52 154
1 5 11 73 152 52 154
1 3 11 73 154
1 5 40 121 154 63 51
1 9 23 93 206 51 143 239 152 52 154
1 11 21 89 203 282 281 51 144 240 134 52 154
1 4 21 87 281 51
1 13 23 92 205 51 146 92 205 51 142 238 152 52 154
1 28 32 241 51 134 53 160 245 154 63 170 63 51 149 245 155 301 51 149 245 155 335 175 51 139 237 134 52 154
1 9 21 89 201 279 51 141 279 52 94
1 5 21 89 201 279 51
1 19 3 53 157 51 134 52 152 51 134 230 146 152 51 146 152 51 134 230 146
1 17 3 53 157 51 134 52 152 51 146 152 51 146 152 51 134 52 94
1 19 3 53 157 51 134 52 152 231 295 51 146 152 51 146 152 51 134 230 146
1 22 3 53 157 51 134 53 159 94 152 51 134 230 134 52 152 51 146 152 51 134 52 94
1 9 23 152 51 146 152 51 134 52 94
1 9 23 152 51 146 152 51 134 230 146
1 20 3 53 157 51 134 53 159 152 51 134 230 146 152 51 146 152 51 134 52 94
1 20 3 53 157 51 134 53 159 152 51 134 230 146 152 51 146 152 51 134 52 94
1 5 3 51 142 205 51
1 6 21 89 199 51 134 230
1 4 41 122 91 91
1 4 3 51 134 230
1 6 6 63 51 134 230 136
1 4 3 50 50 51
1 3 42 124 51
1 13 13 75 186 264 81 194 329 343 353 363 369 378 386
1 6 16 81 56 375 52 154
1 11 16 81 56 166 252 300 328 136 63 51 138
1 6 6 63 51 136 63 51
1 6 16 81 56 375 52 92
1 7 16 81 56 165 205 51 135
1 3 16 81 56
1 4 3 51 134 230
1 4 3 51 134 230
1 3 30 105 51
1 5 16 81 56 375 384
1 3 3 51 147
1 3 3 51 147
1 3 3 51 147
1 3 3 51 147
1 4 3 51 134 230
1 4 3 51 134 230
1 3 3 51 147
1 5 21 90 204 199 51
1 3 41 123 123
1 6 3 51 134 230 134 230
1 6 3 51 134 230 134 230
1 16 42 125 222 291 325 342 352 362 368 126 224 293 292 51 134 230
1 8 3 50 50 51 134 230 134 52
1 7 4 135 134 50 51 134 230
1 4 3 51 134 230
1 4 22 91 199 51
1 5 28 103 134 50 51
1 13 14 186 264 303 329 343 353 363 369 164 247 136 63
1 9 44 127 127 127 127 127 127 127 225
1 4 3 51 134 230
1 3 4 55 163
1 4 3 51 134 230
1 3 1 47 129
1 5 7 178 261 301 51
1 6 21 89 200 176 231 297
1 5 22 91 91 91 91
1 3 3 50 51
1 4 3 51 134 230
1 3 3 50 51
1 6 3 51 134 230 134 230
1 4 3 51 134 230
1 5 3 51 134 230 136
1 4 11 71 51 136
1 7 7 176 51 137 176 52 155
1 6 7 176 51 139 301 51
1 9 8 67 178 176 51 137 176 52 155
1 7 7 178 261 301 51 134 230
1 6 5 56 164 246 51 143
1 8 5 56 164 249 261 301 51 142
1 12 13 75 186 264 303 329 343 353 363 369 378 386
1 5 6 64 63 50 51
1 8 5 56 164 246 51 134 230 136
1 4 15 264 304 330
1 3 14 78 82
1 4 3 51 134 230
1 4 3 51 134 230
1 7 43 126 223 292 51 134 230
1 4 4 134 50 51
1 4 3 51 134 230
1 12 13 75 186 264 303 329 343 353 363 369 378 386
1 4 14 78 82 196
1 6 17 329 344 196 278 316
1 6 17 82 195 277 278 316
1 3 1 275 316
1 3 17 82 196
1 4 35 115 216 316
1 4 14 78 82 196
1 4 17 82 195 275
1 6 17 82 195 276 386 316
1 5 17 82 195 275 316
1 5 17 329 344 354 316
1 6 17 329 344 196 278 316
1 3 40 120 51
1 10 39 119 221 290 324 341 351 361 367 373
1 15 13 75 186 264 81 194 329 343 353 363 369 378 386 246 51
1 8 3 51 134 230 134 230 134 230
1 6 5 59 246 51 134 230
1 3 16 303 82
1 3 3 50 51
1 6 16 81 56 164 246 51
1 5 2 129 129 129 129
1 3 35 113 51
1 3 3 51 150
1 5 14 79 191 63 51
1 5 14 79 191 63 51
1 3 6 63 231
1 3 3 50 51
1 3 21 85 51
1 3 1 47 129
1 6 21 85 51 134 50 50
1 5 21 85 51 134 50
1 15 30 105 51 148 241 132 228 134 50 50 50 51 134 230 148
1 14 3 50 51 135 134 50 51 134 50 51 134 50 50 50
1 25 30 105 51 148 226 134 52 152 50 51 148 241 51 134 50 51 135 134 50 50 50 50 51 148 241
1 10 30 105 50 130 241 130 241 50 51 135
1 7 6 65 327 51 134 50 133
1 28 30 105 51 134 230 134 130 226 151 157 130 226 134 230 148 241 51 134 230 134 50 54 161 50 130 241 51 134
1 14 3 50 51 146 152 50 51 135 134 50 50 50 50 51
1 22 30 105 51 134 230 134 231 295 130 241 50 50 50 130 226 134 50 51 134 50 50 50
1 15 3 50 130 241 50 50 130 226 134 230 148 226 134 130 226
1 23 30 106 134 230 135 134 50 132 128 50 50 52 156 226 134 130 241 51 134 130 241 50 50
1 15 3 50 50 50 50 50 130 241 51 134 231 295 51 148 241
1 11 30 108 211 50 51 134 50 50 50 50 50
1 3 21 85 50
1 14 30 105 51 148 242 157 130 241 51 134 50 50 132 128
1 15 45 128 51 134 130 241 51 134 50 51 134 230 134 50 130
1 22 30 107 241 51 134 230 134 130 241 231 295 50 50 51 134 230 134 50 50 50 50 50
1 11 30 108 212 241 51 134 52 152 51 134 50
1 6 6 63 50 50 130 241
1 26 30 106 134 50 132 229 241 50 50 50 50 51 134 50 50 51 134 50 131 245 155 335 347 356 241 132
1 9 30 105 50 50 50 51 134 50 50
1 5 6 63 50 50 130
1 11 30 107 241 50 50 50 50 130 241 50 50
1 5 4 134 50 50 133
1 25 30 105 51 151 157 50 50 50 51 134 230 134 130 241 51 134 50 50 50 53 157 50 51 134 50
1 13 30 108 212 241 130 241 50 51 134 130 241 51 134
1 23 30 107 241 51 148 241 51 134 130 226 134 230 134 50 51 134 230 134 130 241 52 152 52
1 10 30 107 241 50 51 134 50 50 51 148
1 7 4 134 50 50 51 148 243
1 29 30 105 53 158 134 50 130 226 134 50 50 51 134 231 295 50 51 148 241 51 134 50 51 134 50 50 51 134 50
1 10 30 105 51 134 50 50 50 50 50 130
1 10 18 191 63 171 91 199 132 128 171 255
1 20 30 105 51 134 50 130 241 50 50 130 227 226 294 128 54 161 51 134 50 50
1 9 30 107 241 50 51 134 230 134 230
1 12 30 105 130 241 50 231 296 134 50 130 241 130
1 4 3 50 130 241
1 25 30 105 50 51 136 63 51 134 230 134 50 51 148 226 134 50 51 134 230 134 50 51 134 50 50
1 19 3 51 135 134 130 241 50 52 152 130 226 148 241 50 51 135 135 148 241
1 5 21 89 201 279 51
1 5 5 167 253 164 251
1 5 21 89 202 281 51
1 3 3 54 162
1 10 5 56 164 247 134 230 134 52 154 244
1 3 5 56 164
1 7 5 57 52 92 205 51 142
1 4 3 231 298 326
1 4 3 51 134 230
1 8 5 58 167 253 164 246 51 136
1 4 5 58 167 253
1 4 3 51 136 234
1 3 3 52 153
1 4 3 51 134 230
1 4 3 51 134 52
1 3 23 152 51
1 4 3 51 134 230
1 4 3 51 134 230
1 4 3 52 152 51
1 8 5 56 164 248 244 152 51 136
1 3 3 51 136
1 4 3 51 136 235
1 4 3 51 146 94
1 17 14 186 263 194 192 305 369 378 386 246 51 134 230 136 244 154 244
1 3 23 94 94
1 4 3 51 146 94
1 7 4 146 154 65 174 94 94
1 11 24 96 101 118 219 289 323 339 350 360 366
1 3 3 51 136
1 4 23 155 301 51
1 5 23 152 52 154 244
1 6 5 56 164 246 51 142
1 10 13 75 186 264 303 329 343 353 363 331
1 16 5 61 75 186 264 303 329 343 353 363 369 378 386 248 63 51
1 13 13 75 186 264 81 194 329 343 353 363 369 378 386
1 12 13 75 186 264 303 329 343 353 363 369 375 385
1 3 4 134 230
1 8 35 114 215 286 320 335 175 51
1 7 34 112 213 285 319 334 179
1 3 11 73 154
1 3 14 186 266
1 3 5 56 164
1 3 1 49 154
1 4 3 51 134 230
1 3 26 99 99
