439 393
1 3 1 49 136
1 6 3 54 141 237 141 237
1 13 5 60 171 254 66 54 144 185 268 302 54 141 237
1 8 4 146 70 182 54 145 242 185
1 6 3 54 141 237 141 237
1 8 10 72 189 54 141 237 141 237
1 8 3 54 141 237 141 237 141 237
1 8 3 54 141 237 141 237 141 237
1 6 3 54 141 237 141 237
1 11 5 60 171 254 66 54 143 66 54 141 237
1 3 5 60 171
1 3 3 54 143
1 5 11 73 190 54 147
1 4 12 74 54 143
1 6 5 64 174 261 54 148
1 4 6 252 54 148
1 4 3 54 141 237
1 3 3 54 149
1 14 13 78 192 270 304 319 331 343 358 368 380 388 252 54
1 4 3 54 141 237
1 4 3 54 141 237
1 4 3 54 141 237
1 6 3 54 141 237 141 237
1 6 3 54 141 237 141 237
1 6 3 54 141 237 141 237
1 6 3 54 141 237 141 237
1 6 3 54 141 237 141 237
1 20 13 78 192 270 304 320 343 358 368 171 254 300 245 141 237 143 66 177 179 54
1 8 3 54 141 237 141 237 141 237
1 6 3 54 141 237 141 237
1 8 3 54 141 237 141 237 141 237
1 7 7 66 54 146 70 182 54
1 6 7 66 54 141 237 143
1 4 3 54 141 237
1 4 3 54 141 237
1 5 19 93 207 54 147
1 5 19 93 209 280 141
1 4 3 54 141 237
1 8 7 68 179 54 143 68 179 54
1 4 12 74 54 143
1 3 7 66 54
1 3 3 54 149
1 4 3 54 141 237
1 4 3 54 141 237
1 4 3 54 141 237
1 5 14 192 271 305 369
1 3 7 66 54
1 3 3 54 142
1 3 3 54 143
1 3 7 66 54
1 3 9 302 54
1 3 3 53 54
1 11 13 78 83 198 274 381 390 181 158 66 54
1 6 15 86 320 305 369 181
1 11 13 78 192 271 333 346 381 181 264 258 98
1 7 23 99 214 284 55 156 54
1 3 24 100 215
1 3 26 315 328
1 6 27 102 86 201 275 307
1 9 14 192 87 203 320 334 348 361 371
1 13 28 104 86 202 276 334 349 368 382 391 98 98 98
1 7 13 80 194 86 320 333 307
1 5 15 86 320 335 350
1 12 13 78 192 273 306 333 347 360 381 181 98 98
1 3 22 98 98
1 3 30 107 54
1 9 12 75 180 144 182 265 182 54 143
1 7 14 81 195 368 381 181 264
1 7 15 87 203 320 333 347 348
1 6 31 109 218 182 55 159
1 6 31 109 218 182 55 159
1 6 31 109 218 182 55 159
1 6 31 109 218 182 55 159
1 6 31 109 218 182 55 159
1 6 31 109 218 182 55 159
1 5 31 109 218 182 266
1 6 31 109 218 182 55 159
1 6 31 109 218 182 55 159
1 6 31 109 218 267 302 54
1 6 31 109 218 267 302 54
1 7 31 109 219 286 310 302 54
1 4 14 85 200 332
1 6 31 109 218 267 302 54
1 5 31 109 218 267 302
1 5 31 109 218 267 302
1 5 31 109 218 267 302
1 3 1 49 136
1 7 7 67 66 54 141 237 143
1 6 33 115 54 148 212 54
1 4 3 54 141 237
1 5 19 93 211 283 54
1 5 19 93 211 283 54
1 9 5 60 171 257 213 54 149 213 54
1 4 3 54 141 237
1 4 19 91 279 54
1 3 12 74 54
1 4 12 74 54 143
1 5 34 116 54 143 67
1 6 9 70 184 267 302 54
1 6 9 70 184 267 302 54
1 5 5 60 171 252 54
1 4 5 60 379 387
1 7 5 60 171 256 70 184 267
1 6 9 70 184 267 70 185
1 6 9 70 184 267 302 54
1 6 9 70 184 267 302 54
1 6 9 70 184 267 302 54
1 6 9 70 184 267 302 54
1 6 9 70 184 267 302 54
1 6 9 70 184 267 302 54
1 8 3 54 141 237 141 237 141 237
1 8 3 54 141 237 141 237 141 237
1 11 7 66 54 143 66 54 143 66 54 141 237
1 8 3 54 141 237 141 237 141 237
1 8 3 54 141 237 141 237 141 237
1 8 3 54 141 237 141 237 141 237
1 10 7 69 180 143 66 54 141 237 141 237
1 14 7 66 54 143 240 207 54 141 237 143 66 54 141 237
1 4 35 118 54 143
1 4 1 50 54 148
1 4 5 65 175 171
1 5 19 93 211 283 55
1 3 35 119 119
1 5 19 93 209 279 55
1 3 5 60 171
1 5 5 60 171 252 54
1 10 7 66 55 158 66 54 141 237 141 237
1 5 5 60 171 252 54
1 10 7 66 55 158 66 54 150 235 53 54
1 13 7 66 55 158 66 54 141 237 141 53 54 141 237
1 12 3 55 156 54 150 235 53 54 141 237 141 237
1 10 3 55 156 54 150 235 53 54 141 237
1 10 3 55 156 54 150 235 53 54 141 237
1 10 3 55 156 54 150 235 53 54 141 237
1 12 3 53 53 55 157 141 137 235 53 54 141 237
1 13 7 66 55 158 66 54 141 237 141 53 54 141 237
1 6 5 60 171 252 55 158
1 4 22 156 55 96
1 4 30 107 54 143
1 6 3 54 141 237 141 237
1 8 3 54 151 207 54 143 66 54
1 4 3 54 141 237
1 8 3 54 141 237 141 55 156 54
1 8 3 54 141 237 141 55 156 54
1 10 3 54 141 237 141 237 141 237 141 237
1 4 3 54 141 237
1 4 3 54 141 237
1 8 3 55 159 302 54 143 66 54
1 4 3 55 156 54
1 6 3 55 158 67 66 54
1 6 7 66 54 141 237 143
1 3 1 48 48
1 4 19 93 207 54
1 3 35 118 54
1 14 20 207 54 141 237 297 310 302 54 141 237 150 220 287
1 7 3 54 141 237 141 237 151
1 6 3 54 141 237 141 237
1 6 3 54 141 237 141 237
1 6 3 54 141 237 141 237
1 6 3 54 141 237 141 237
1 3 3 54 151
1 4 9 71 188 54
1 3 1 49 136
1 3 3 54 143
1 3 3 54 147
1 4 35 118 54 143
1 3 3 54 148
1 3 3 54 149
1 8 9 70 183 66 54 141 237 143
1 11 7 69 180 146 70 182 54 141 237 141 237
1 11 7 66 54 146 70 182 54 141 237 141 237
1 10 3 54 146 70 182 54 141 237 141 237
1 14 7 66 177 262 70 183 68 179 54 141 237 141 237 143
1 10 3 54 146 70 182 54 141 237 141 237
1 10 3 54 146 70 182 54 141 237 141 237
1 8 9 70 182 54 141 237 141 237
1 4 12 74 54 143
1 5 30 107 54 141 237
1 4 37 121 267 303
1 10 9 70 187 213 54 141 237 141 237 149
1 10 9 70 183 66 54 141 237 141 237 143
1 10 3 54 146 70 182 54 141 237 141 237
1 10 3 54 146 70 182 54 141 237 141 237
1 10 3 54 146 70 182 54 141 237 141 237
1 10 9 70 186 212 54 141 237 141 237 148
1 13 7 66 54 146 70 183 66 54 141 237 141 237 143
1 8 9 70 182 54 141 237 141 237
1 14 13 78 192 270 304 319 331 343 358 368 378 386 143 239
1 14 13 78 192 270 304 319 331 343 358 368 378 386 143 239
1 12 38 122 124 223 288 311 323 337 352 363 373 268
1 6 3 54 141 237 141 237
1 6 3 54 141 237 141 237
1 8 3 54 141 237 141 237 141 237
1 4 3 54 141 237
1 4 3 54 141 237
1 6 3 54 141 237 141 237
1 8 3 54 141 237 141 237 141 237
1 7 2 378 386 141 237 141 237
1 6 14 82 196 378 386 143
1 12 27 103 217 285 309 322 336 351 362 372 383 392
1 14 13 78 192 270 304 319 331 343 358 368 378 386 143 239
1 14 13 78 192 270 304 319 331 343 358 368 378 386 143 239
1 12 40 126 226 290 313 325 339 354 364 374 384 393
1 14 13 78 192 270 304 319 331 343 358 368 378 386 143 239
1 11 29 106 127 228 291 314 327 340 355 365 375
1 3 22 98 98
1 13 42 128 229 292 315 329 341 356 366 376 385 279 54
1 14 13 78 192 270 304 319 331 343 358 368 378 386 143 239
1 12 13 78 192 270 304 320 343 358 368 378 176 239
1 14 13 78 192 270 304 319 331 343 358 368 378 386 143 239
1 14 13 78 192 270 304 319 331 343 358 368 378 386 143 239
1 6 14 82 196 378 386 143
1 11 14 192 86 320 343 358 368 378 386 143 239
1 5 41 127 227 314 326
1 8 25 101 216 356 366 377 279 54
1 4 43 129 230 329
1 4 3 54 141 237
1 4 3 54 141 237
1 4 3 54 141 237
1 4 3 54 141 237
1 4 3 54 141 237
1 16 13 78 192 270 304 319 331 343 358 368 379 143 239 298 317 54
1 4 3 54 141 237
1 16 13 78 192 270 304 319 331 343 358 368 379 143 239 298 317 54
1 4 3 54 141 237
1 3 3 53 53
1 3 1 49 136
1 5 12 76 156 55 158
1 4 30 107 54 143
1 5 34 117 158 66 54
1 9 22 97 213 54 149 244 156 55 158
1 11 19 93 210 282 283 54 154 249 141 55 158
1 4 19 94 283 54
1 13 22 96 212 54 152 96 212 54 148 243 156 55 158
1 13 7 66 54 143 66 54 141 237 143 238 141 55 158
1 9 19 93 209 279 54 147 279 55 98
1 5 19 93 209 279 54
1 19 3 57 165 54 141 55 156 54 141 237 152 156 54 152 156 54 141 237 152
1 20 3 57 165 54 141 57 167 156 54 141 237 152 156 54 152 156 54 141 55 98
1 20 3 57 165 54 141 57 167 156 54 141 237 152 156 54 152 156 54 141 55 98
1 9 22 156 54 152 156 54 141 55 98
1 20 3 57 165 54 141 57 167 156 54 141 237 152 156 54 152 156 54 141 55 98
1 5 3 54 148 212 54
1 6 19 93 207 54 141 237
1 4 44 130 95 95
1 4 3 54 141 237
1 4 3 54 141 237
1 6 7 66 54 141 237 143
1 4 3 54 141 237
1 4 3 53 53 54
1 3 45 132 54
1 13 13 78 192 270 88 204 319 331 343 358 368 381 389
1 6 16 88 60 378 55 158
1 3 16 88 60
1 11 16 88 60 172 259 301 318 143 66 54 145
1 6 7 66 54 143 66 54
1 3 16 88 60
1 4 3 54 141 237
1 4 3 54 141 237
1 6 32 113 131 231 293 54
1 3 32 110 54
1 4 3 54 141 237
1 3 32 110 54
1 5 16 88 60 378 386
1 3 3 54 153
1 3 3 54 153
1 3 3 54 153
1 3 3 54 153
1 4 3 54 141 237
1 4 3 54 141 237
1 4 3 56 161 57
1 3 44 131 131
1 6 3 54 141 237 141 237
1 6 3 54 141 237 141 237
1 16 45 133 232 294 316 330 342 357 367 134 234 296 295 54 141 237
1 8 3 53 53 54 141 237 141 55
1 7 4 142 141 53 54 141 237
1 4 3 54 141 237
1 5 30 108 141 53 54
1 13 14 192 270 304 319 331 343 358 368 171 253 143 66
1 4 3 54 141 237
1 3 4 59 170
1 13 13 78 192 270 304 319 331 343 358 368 378 386 387
1 3 1 49 136
1 5 8 184 267 302 54
1 6 19 93 208 182 56 163
1 5 20 95 95 95 95
1 4 20 207 54 143
1 4 3 54 141 237
1 3 3 53 54
1 6 3 54 141 237 141 237
1 4 3 54 141 237
1 5 3 54 141 237 143
1 4 12 74 54 143
1 5 14 83 197 54 148
1 7 8 182 54 144 182 55 159
1 6 8 182 54 146 302 54
1 7 8 184 267 302 54 141 237
1 5 14 82 89 197 54
1 4 8 267 302 54
1 4 3 54 144 267
1 8 5 60 171 255 267 302 54 148
1 12 13 78 192 270 304 319 331 343 358 368 381 389
1 5 7 67 66 53 54
1 8 5 60 171 252 54 141 237 143
1 10 14 192 270 304 320 343 358 368 381 389
1 3 14 82 89
1 3 14 82 89
1 4 3 54 141 237
1 7 46 134 233 295 54 141 237
1 4 3 54 141 237
1 7 5 60 171 252 54 141 237
1 10 13 78 192 270 304 319 331 343 358 369
1 12 13 78 192 270 304 319 331 343 358 368 381 389
1 4 14 82 89 345
1 5 17 319 332 345 359
1 6 17 319 332 345 359 370
1 6 17 89 205 277 359 370
1 3 1 51 370
1 3 17 89 345
1 3 1 51 370
1 6 17 319 332 345 359 370
1 4 39 125 225 370
1 12 13 78 192 270 304 319 331 343 358 368 381 389
1 12 13 78 192 270 304 319 331 343 358 368 381 389
1 4 14 82 89 345
1 4 17 89 205 51
1 6 17 89 205 278 389 370
1 5 17 319 332 344 370
1 5 17 89 205 51 370
1 6 17 319 332 345 359 370
1 3 5 60 171
1 12 13 78 192 270 304 319 331 343 358 368 381 389
1 3 34 116 54
1 14 13 78 192 270 304 319 331 343 358 368 381 180 143 239
1 10 42 128 229 292 315 329 341 356 366 376
1 15 13 78 192 270 88 204 319 331 343 358 368 381 389 252 54
1 5 39 124 224 289 245
1 8 3 54 141 237 141 237 141 237
1 3 18 235 54
1 6 5 63 252 54 141 237
1 3 3 53 54
1 6 16 88 60 171 252 54
1 5 2 136 136 136 136
1 3 39 123 54
1 3 3 54 155
1 5 14 84 199 66 54
1 5 14 84 199 66 54
1 3 45 132 54
1 3 7 66 56
1 3 3 53 54
1 3 19 92 206
1 3 1 49 136
1 6 19 90 54 141 53 53
1 5 19 90 54 141 53
1 14 3 53 54 142 141 53 54 141 53 54 141 53 53 53
1 25 32 110 54 150 245 141 55 156 53 54 150 235 54 141 53 54 142 141 53 53 53 53 54 150 235
1 10 32 110 53 137 235 137 235 53 54 142
1 14 3 53 54 152 156 53 54 142 141 53 53 53 53 54
1 3 3 53 53
1 15 3 53 137 235 53 53 137 245 141 237 150 245 141 137 245
1 23 32 111 141 237 142 141 53 139 135 53 53 55 160 245 141 137 235 54 141 137 235 53 53
1 15 3 53 53 53 53 53 137 235 54 141 56 161 54 150 235
1 21 32 110 54 141 53 137 235 54 141 53 53 137 245 141 237 141 53 54 141 53 53
1 11 32 114 221 53 54 141 53 53 53 53 53
1 4 3 53 54 150
1 7 19 93 210 282 283 53 53
1 3 19 90 53
1 14 32 110 54 150 247 165 137 235 54 141 53 53 139 135
1 15 47 135 54 141 137 235 54 141 53 54 141 237 141 53 137
1 11 32 114 222 235 54 141 55 156 54 141 53
1 26 32 111 141 53 139 236 235 53 53 53 53 54 141 53 53 54 141 53 138 120 159 324 338 353 235 139
1 25 32 112 220 161 53 139 135 54 141 237 141 53 54 150 246 245 141 53 53 58 168 53 53 53 54
1 11 32 112 235 53 53 53 53 137 235 53 53
1 5 4 141 53 53 140
1 23 32 112 245 141 237 141 53 53 54 141 237 150 235 53 54 150 235 53 137 245 141 53 53
1 14 3 53 54 150 246 235 53 53 54 141 237 141 237 141
1 6 3 53 53 53 137 235
1 23 32 112 235 54 150 235 54 141 137 245 141 237 141 53 54 141 237 141 137 235 55 156 55
1 9 32 110 54 141 53 53 137 235 53
1 5 3 53 57 165 137
1 23 32 110 54 141 237 141 237 141 53 54 150 245 141 53 53 54 142 141 53 137 235 53 57
1 10 32 112 235 53 54 141 53 53 54 150
1 7 4 141 53 53 54 150 248
1 29 32 110 57 166 141 53 137 245 141 53 53 54 141 56 161 53 54 150 235 54 141 53 54 141 53 53 54 141 53
1 10 32 110 54 141 53 53 53 53 53 137
1 10 21 199 66 178 95 207 139 135 178 263
1 20 32 110 54 141 53 137 235 53 53 137 246 245 299 135 58 168 54 141 53 53
1 6 3 53 54 141 53 140
1 23 32 111 141 53 54 141 53 54 141 139 135 53 137 245 142 150 245 141 53 53 53 53 53
1 12 32 110 137 235 53 56 162 141 53 137 235 137
1 4 3 53 137 235
1 6 19 93 210 281 308 321
1 6 12 77 191 66 54 152
1 5 5 173 260 171 258
1 5 19 93 211 283 54
1 3 3 58 169
1 10 5 60 171 253 141 237 141 55 158 250
1 3 5 60 171
1 5 3 54 141 237 152
1 4 5 60 171 258
1 7 5 61 55 96 212 54 148
1 4 3 56 164 251
1 4 3 54 141 237
1 8 5 62 173 260 171 252 54 143
1 4 5 62 173 260
1 4 3 54 143 240
1 4 3 54 141 237
1 3 3 55 157
1 8 5 60 381 199 66 54 141 237
1 4 3 54 141 237
1 5 36 120 159 302 54
1 3 22 156 54
1 4 3 54 141 237
1 4 3 55 156 54
1 3 22 156 54
1 9 7 66 176 66 54 144 182 54 143
1 3 3 54 143
1 4 3 54 143 241
1 4 3 54 152 98
1 17 14 192 269 204 320 305 368 381 389 252 54 141 237 143 250 158 250
1 3 13 79 193
1 3 22 98 98
1 3 22 98 98
1 4 3 54 152 98
1 7 4 152 158 69 181 98 98
1 6 5 60 171 252 54 143
1 11 28 105 106 127 228 291 314 327 340 355 365
1 3 3 54 143
1 4 22 159 302 54
1 6 5 60 171 252 54 148
1 10 13 78 192 270 304 319 331 343 358 369
1 3 4 141 237
1 8 39 124 224 289 312 324 179 54
1 3 14 192 272
1 3 5 60 171
1 3 1 52 158
1 4 3 54 141 237
1 3 35 119 119
