441 406
1 3 1 50 137
1 13 3 53 138 242 61 64 155 358 376 311 64 153 262
1 8 7 157 70 186 64 156 263 358
1 6 6 64 153 262 153 262
1 6 6 64 153 262 153 262
1 8 10 72 192 64 153 262 153 262
1 6 6 64 153 262 153 262
1 9 3 53 138 243 64 153 262 153 262
1 8 6 64 153 262 153 262 153 262
1 8 6 64 153 262 153 262 153 262
1 3 6 64 152
1 5 11 73 193 64 159
1 4 12 74 64 152
1 3 6 64 152
1 6 3 57 142 251 64 160
1 4 4 243 64 160
1 4 6 64 153 262
1 3 6 64 161
1 6 3 53 138 243 64 162
1 13 14 79 195 276 312 333 347 364 381 388 394 272 308
1 15 14 79 195 276 312 333 347 364 381 388 396 402 243 64 154
1 14 14 79 195 276 312 333 347 364 381 388 397 353 243 64
1 4 6 64 153 262
1 4 6 64 153 262
1 10 20 90 207 93 210 284 316 337 193 64
1 6 6 64 153 262 153 262
1 6 6 64 153 262 153 262
1 6 6 64 153 262 153 262
1 6 6 64 153 262 153 262
1 6 6 64 153 262 153 262
1 20 14 79 195 276 312 334 364 381 388 138 242 302 268 153 262 152 61 144 360 64
1 8 6 64 153 262 153 262 153 262
1 6 6 64 153 262 153 262
1 8 6 64 153 262 153 262 153 262
1 7 5 61 64 157 70 186 64
1 4 6 64 153 262
1 4 6 64 153 262
1 4 6 64 153 262
1 5 25 100 214 64 159
1 4 6 64 153 262
1 4 12 74 64 152
1 3 5 61 64
1 3 6 64 161
1 4 6 64 153 262
1 4 6 64 153 262
1 3 6 63 64
1 4 6 64 153 262
1 3 13 78 153
1 3 5 61 64
1 3 6 64 154
1 3 6 64 154
1 3 6 64 152
1 3 6 64 152
1 3 5 61 64
1 3 6 63 64
1 5 16 86 334 350 368
1 6 16 86 334 349 389 147
1 11 14 79 195 277 350 367 396 147 254 248 173
1 7 23 94 212 286 65 169 64
1 3 28 105 222
1 3 22 93 211
1 14 15 81 197 280 315 336 353 248 391 147 255 185 61 64
1 6 29 106 86 202 281 368
1 9 15 195 87 204 334 351 370 384 391
1 13 30 108 86 203 282 351 371 388 398 404 173 173 173
1 10 31 110 143 396 403 406 147 103 220 64
1 5 16 86 334 352 372
1 12 14 79 195 279 314 350 369 383 396 147 173 173
1 3 27 173 173
1 3 6 63 64
1 9 12 75 146 155 186 274 186 64 152
1 7 16 87 204 334 350 369 370
1 6 33 113 226 186 64 157
1 6 33 113 226 186 65 171
1 6 33 113 226 186 65 171
1 6 33 113 226 186 65 171
1 6 33 113 226 186 65 171
1 6 33 113 226 186 65 171
1 6 33 113 226 186 65 171
1 6 33 113 226 186 65 171
1 6 33 113 226 275 311 64
1 6 33 113 226 275 311 64
1 4 15 85 201 348
1 3 32 112 225
1 5 33 113 226 275 311
1 5 33 113 226 275 311
1 3 1 50 137
1 7 5 60 61 64 153 262 152
1 6 35 119 64 160 220 64
1 9 3 53 138 247 221 64 161 221 64
1 4 6 64 153 262
1 5 25 100 214 64 159
1 4 25 96 287 64
1 3 12 74 64
1 4 12 74 64 152
1 5 36 120 64 152 60
1 6 9 70 187 275 311 64
1 6 9 70 187 275 311 64
1 6 9 70 187 275 311 64
1 5 3 53 138 243 64
1 4 3 53 395 308
1 7 3 53 138 246 70 187 275
1 5 3 53 138 243 64
1 6 9 70 187 275 311 64
1 6 9 70 187 275 311 64
1 6 9 70 187 275 311 64
1 6 9 70 187 275 311 64
1 10 5 62 146 152 61 64 153 262 153 262
1 8 6 64 153 262 153 262 153 262
1 8 6 64 153 262 153 262 153 262
1 8 6 64 153 262 153 262 153 262
1 8 6 64 153 262 153 262 153 262
1 11 5 61 64 152 61 64 152 61 64 153 262
1 8 6 64 153 262 153 262 153 262
1 8 6 64 153 262 153 262 153 262
1 8 6 64 153 262 153 262 153 262
1 10 5 62 146 152 61 64 153 262 153 262
1 14 5 61 64 152 260 214 64 153 262 152 61 64 153 262
1 4 32 111 64 152
1 4 3 59 143 138
1 3 32 112 112
1 5 25 100 216 287 65
1 3 3 53 138
1 5 3 53 138 243 64
1 3 3 53 138
1 5 3 53 138 243 64
1 10 6 65 169 64 163 227 63 64 153 262
1 13 5 61 65 168 61 64 153 262 153 63 64 153 262
1 10 6 65 169 64 163 227 63 64 153 262
1 10 6 65 169 64 163 227 63 64 153 262
1 11 6 65 169 64 153 63 64 158 239 300 64
1 12 6 63 63 65 170 153 148 227 63 64 153 262
1 6 3 53 138 243 65 168
1 4 27 169 65 103
1 4 37 122 64 152
1 8 6 64 164 214 64 152 61 64
1 4 6 64 153 262
1 8 6 64 153 262 153 65 169 64
1 8 6 64 153 262 153 65 169 64
1 10 6 64 153 262 153 262 153 262 153 262
1 4 6 64 153 262
1 8 6 65 171 311 64 152 61 64
1 4 6 65 169 64
1 6 6 65 168 60 61 64
1 6 5 61 64 153 262 152
1 3 1 49 49
1 3 25 99 100
1 4 25 100 214 64
1 3 32 111 64
1 14 26 214 64 153 262 307 332 311 64 153 262 163 228 292
1 5 2 137 394 272 307
1 7 6 64 153 262 153 262 164
1 6 6 64 153 262 153 262
1 6 6 64 153 262 153 262
1 11 6 64 164 214 64 153 262 153 262 153 262
1 6 6 64 153 262 153 262
1 6 6 64 153 262 153 262
1 6 6 64 153 262 153 262
1 12 26 214 64 164 214 64 153 262 153 262 153 262
1 6 6 64 153 262 153 262
1 3 6 64 164
1 4 9 71 191 64
1 3 1 50 137
1 3 6 64 159
1 4 32 111 64 152
1 3 6 64 160
1 3 6 64 161
1 4 37 122 64 152
1 11 5 62 146 157 70 186 64 153 262 153 262
1 11 5 61 64 157 70 186 64 153 262 153 262
1 10 6 64 157 70 186 64 153 262 153 262
1 14 5 61 144 252 70 185 273 360 64 153 262 153 262 152
1 10 6 64 157 70 186 64 153 262 153 262
1 8 9 70 186 64 153 262 153 262
1 4 12 74 64 152
1 4 39 124 275 310
1 10 9 70 190 221 64 153 262 153 262 161
1 10 9 70 185 61 64 153 262 153 262 152
1 9 9 70 188 287 64 153 63 64 159
1 10 6 64 157 70 186 64 153 262 153 262
1 11 6 63 64 157 70 186 64 153 262 153 262
1 10 6 64 157 70 186 64 153 262 153 262
1 10 9 70 189 220 64 153 262 153 262 160
1 13 5 61 64 157 70 185 61 64 153 262 153 262 152
1 8 9 70 186 64 153 262 153 262
1 14 14 79 195 276 312 333 347 364 381 388 394 272 152 258
1 12 40 125 127 233 232 294 323 324 342 359 377 376
1 6 6 64 153 262 153 262
1 6 6 64 153 262 153 262
1 4 6 64 153 262
1 4 6 64 153 262
1 6 6 64 153 262 153 262
1 8 6 64 153 262 153 262 153 262
1 6 6 64 153 262 153 262
1 7 2 394 272 309 64 153 262
1 4 6 64 153 262
1 6 15 82 198 394 272 152
1 14 14 79 195 276 312 333 347 364 381 388 394 272 152 258
1 12 42 129 236 297 326 344 362 379 386 392 399 405
1 14 14 79 195 276 312 333 347 364 381 388 394 272 152 258
1 14 14 79 195 276 312 333 347 364 381 388 394 272 152 258
1 3 27 173 173
1 13 43 130 90 207 93 285 317 284 316 337 355 287 64
1 12 14 79 195 276 312 334 364 381 388 394 401 258
1 11 15 195 276 312 333 347 364 381 388 393 258
1 14 14 79 195 276 312 333 347 364 381 388 394 272 152 258
1 14 14 79 195 276 312 333 347 364 381 388 394 272 152 258
1 12 14 79 195 276 312 334 364 381 388 394 401 258
1 6 15 82 198 394 272 152
1 12 29 107 223 290 320 340 356 374 385 336 354 373
1 11 15 195 86 334 364 381 388 394 272 152 258
1 5 44 131 237 298 327
1 8 20 91 208 284 316 338 287 64
1 4 21 92 209 285
1 4 6 64 153 262
1 4 6 64 153 262
1 4 6 64 153 262
1 4 6 64 153 262
1 16 14 79 195 276 312 333 347 364 381 388 395 152 258 305 331 64
1 4 6 64 153 262
1 16 14 79 195 276 312 333 347 364 381 388 395 152 258 305 331 64
1 4 6 64 153 262
1 3 6 63 63
1 3 1 50 137
1 25 6 67 178 272 152 61 65 168 61 64 306 168 61 64 306 168 61 64 153 262 152 259 153 65 168
1 5 12 76 169 65 168
1 4 37 122 64 152
1 3 12 76 168
1 5 36 121 168 61 64
1 9 27 104 221 64 161 266 169 65 168
1 11 25 100 218 289 319 64 162 267 153 65 168
1 4 25 97 319 64
1 13 27 103 220 64 306 103 220 64 160 265 169 65 168
1 13 5 61 64 152 61 64 153 262 152 259 153 65 168
1 28 24 227 64 153 67 181 123 168 61 401 61 64 166 123 171 311 64 166 123 171 343 360 64 157 264 153 65 168
1 9 25 100 216 287 64 159 287 65 173
1 20 6 67 178 272 309 67 180 169 64 153 262 306 169 64 306 169 64 153 65 173
1 17 6 67 178 272 309 65 169 64 306 169 64 306 169 64 153 65 173
1 19 6 67 178 272 309 65 169 66 174 64 306 169 64 306 169 64 153 262 306
1 20 6 67 178 272 309 67 180 169 64 153 262 306 169 64 306 169 64 153 65 173
1 22 6 67 178 272 309 67 180 173 169 64 153 262 153 65 169 64 306 169 64 153 65 173
1 9 27 169 64 306 169 64 153 262 306
1 20 6 67 178 272 309 67 180 169 64 153 262 306 169 64 306 169 64 153 65 173
1 20 6 67 178 272 309 67 180 169 64 153 262 306 169 64 306 169 64 153 65 173
1 5 6 64 160 220 64
1 6 25 100 214 64 153 262
1 4 6 64 153 262
1 4 6 64 153 262
1 4 6 64 153 262
1 4 6 63 63 64
1 3 45 132 64
1 13 14 79 195 276 88 205 333 347 364 381 388 396 402
1 3 17 88 53
1 11 17 88 53 140 249 304 330 152 61 64 156
1 6 5 61 64 152 61 64
1 6 17 88 53 394 65 103
1 7 17 88 53 139 220 64 154
1 3 17 88 53
1 4 6 64 153 262
1 4 6 64 153 262
1 6 34 117 229 293 322 64
1 3 34 114 64
1 4 6 64 153 262
1 3 34 114 64
1 3 6 64 165
1 3 6 64 165
1 3 6 64 165
1 3 6 64 165
1 3 6 64 165
1 4 6 64 153 262
1 4 6 64 153 262
1 4 6 66 174 67
1 3 6 64 165
1 5 25 101 219 214 64
1 6 6 64 153 262 153 262
1 16 45 133 238 299 329 346 363 380 387 134 240 301 300 64 153 262
1 7 7 154 153 63 64 153 262
1 4 6 64 153 262
1 4 26 102 214 64
1 9 47 135 135 135 135 135 135 135 241
1 4 6 64 153 262
1 3 7 69 184
1 13 14 79 195 276 312 333 347 364 381 388 394 272 308
1 4 6 64 153 262
1 3 1 50 137
1 6 25 100 215 186 66 176
1 5 26 102 102 102 102
1 4 26 214 64 152
1 3 6 63 64
1 4 6 64 153 262
1 3 6 63 64
1 6 6 64 153 262 153 262
1 4 6 64 153 262
1 4 12 74 64 152
1 5 15 83 199 64 160
1 7 8 186 64 155 186 65 171
1 6 8 186 64 157 311 64
1 9 9 70 187 186 64 155 186 65 171
1 5 15 82 89 199 64
1 4 8 275 311 64
1 4 6 64 155 275
1 6 3 53 138 243 64 161
1 8 3 53 138 245 275 311 64 160
1 5 5 60 61 63 64
1 8 3 53 138 243 64 153 262 152
1 10 15 195 276 312 334 364 381 388 396 402
1 4 16 276 313 335
1 3 15 82 89
1 3 15 82 89
1 4 6 64 153 262
1 7 46 134 239 300 64 153 262
1 4 7 153 63 64
1 4 6 64 153 262
1 7 3 53 138 243 64 153 262
1 10 14 79 195 276 312 333 347 364 381 389
1 12 14 79 195 276 312 333 347 364 381 388 396 402
1 4 15 82 89 366
1 5 18 333 348 366 382
1 6 18 333 348 366 382 390
1 3 1 51 390
1 3 18 89 366
1 3 1 51 390
1 3 18 89 366
1 6 18 333 348 366 382 390
1 4 41 128 235 390
1 12 14 79 195 276 312 333 347 364 381 388 396 402
1 12 14 79 195 276 312 333 347 364 381 388 396 402
1 4 18 89 206 51
1 6 18 89 206 283 402 390
1 5 18 333 348 365 390
1 5 18 89 206 51 390
1 5 18 333 348 365 390
1 6 18 333 348 366 382 390
1 3 3 53 138
1 12 14 79 195 276 312 333 347 364 381 388 396 402
1 3 36 120 64
1 14 14 79 195 276 312 333 347 364 381 388 396 146 152 258
1 15 14 79 195 276 88 205 333 347 364 381 388 396 402 243 64
1 5 41 127 234 296 268
1 3 24 227 64
1 6 3 55 243 64 153 262
1 3 17 312 89
1 3 6 63 64
1 6 17 88 53 138 243 64
1 5 2 137 137 137 137
1 5 15 84 200 61 64
1 5 15 84 200 61 64
1 3 45 132 64
1 3 25 95 64
1 3 25 98 213
1 6 25 95 64 153 63 63
1 5 25 95 64 153 63
1 15 34 114 64 163 227 150 256 153 63 63 63 64 153 262 163
1 14 6 63 64 154 153 63 64 153 63 64 153 63 63 63
1 25 34 114 64 163 268 153 65 169 63 64 163 227 64 153 63 64 154 153 63 63 63 63 64 163 227
1 10 34 114 63 148 227 148 227 63 64 154
1 7 5 62 331 64 153 63 151
1 28 34 114 64 153 262 153 148 268 167 178 148 268 153 262 163 227 64 153 262 153 63 68 182 63 148 227 64 153
1 3 6 63 63
1 22 34 114 64 153 262 153 66 174 148 227 63 63 63 148 268 153 63 64 153 63 63 63
1 15 6 63 148 227 63 63 148 268 153 262 163 268 153 148 268
1 23 34 115 153 262 154 153 63 150 136 63 63 65 172 268 153 148 227 64 153 148 227 63 63
1 21 34 114 64 153 63 148 227 64 153 63 63 148 268 153 262 153 63 64 153 63 63
1 11 34 118 230 63 64 153 63 63 63 63 63
1 4 6 63 64 163
1 7 25 100 218 289 319 63 63
1 3 25 95 63
1 14 34 114 64 163 270 178 148 227 64 153 63 63 150 136
1 15 48 136 64 153 148 227 64 153 63 64 153 262 153 63 148
1 22 34 116 227 64 153 262 153 148 227 66 174 63 63 64 153 262 153 63 63 63 63 63
1 11 34 118 231 227 64 153 65 169 64 153 63
1 6 5 61 63 63 148 227
1 26 34 115 153 63 150 257 227 63 63 63 63 64 153 63 63 64 153 63 149 123 171 343 361 378 227 150
1 9 34 114 63 63 63 64 153 63 63
1 5 5 61 63 63 148
1 25 34 116 228 174 63 150 136 64 153 262 153 63 64 163 269 268 153 63 63 68 182 63 63 63 64
1 11 34 116 227 63 63 63 63 148 227 63 63
1 23 34 116 268 153 262 153 63 63 64 153 262 163 227 63 64 163 227 63 148 268 153 63 63
1 14 6 63 64 163 269 227 63 63 64 153 262 153 262 153
1 25 34 114 64 167 178 63 63 63 64 153 262 153 148 227 64 153 63 63 63 67 178 63 64 153 63
1 13 34 118 231 227 148 227 63 64 153 148 227 64 153
1 6 6 63 63 63 148 227
1 9 34 114 64 153 63 63 148 227 63
1 5 6 63 67 178 148
1 23 34 114 64 153 262 153 262 153 63 64 163 268 153 63 63 64 154 153 63 148 227 63 67
1 10 34 116 227 63 64 153 63 63 64 163
1 29 34 114 67 179 153 63 148 268 153 63 63 64 153 66 174 63 64 163 227 64 153 63 64 153 63 63 64 153 63
1 10 34 114 64 153 63 63 63 63 63 148
1 10 19 200 61 145 102 214 150 136 145 253
1 9 34 116 227 63 64 153 262 153 262
1 6 6 63 64 153 63 151
1 23 34 115 153 63 64 153 63 64 153 150 136 63 148 268 154 163 268 153 63 63 63 63 63
1 12 34 114 148 227 63 66 175 153 63 148 227 148
1 25 34 114 63 64 152 61 64 153 262 153 63 64 163 268 153 63 64 153 262 153 63 64 153 63 63
1 19 6 64 154 153 148 227 63 65 169 148 268 163 227 63 64 154 154 163 227
1 6 25 100 218 288 318 339
1 5 25 100 216 287 64
1 6 12 77 194 61 64 306
1 5 25 100 217 319 64
1 3 6 68 183
1 10 3 53 138 244 153 262 153 65 168 303
1 3 3 53 138
1 5 6 64 153 262 306
1 4 3 53 138 248
1 7 3 56 65 103 220 64 160
1 4 6 66 177 271
1 8 3 54 141 250 138 243 64 152
1 4 6 64 153 262
1 3 6 65 170
1 8 3 53 396 200 61 64 153 262
1 4 6 64 153 262
1 4 6 64 153 65
1 5 38 123 171 311 64
1 3 27 169 64
1 4 6 64 153 262
1 4 6 65 169 64
1 3 27 169 64
1 9 5 61 401 61 64 155 186 64 152
1 8 3 53 138 242 303 169 64 152
1 3 6 64 152
1 4 6 64 152 261
1 3 14 80 196
1 3 27 173 173
1 7 7 306 168 62 147 173 173
1 6 3 53 138 243 64 152
1 11 30 109 224 291 321 341 357 375 298 328 345
1 3 6 64 152
1 4 27 171 311 64
1 5 27 169 65 168 303
1 6 3 53 138 243 64 160
1 10 14 79 195 276 312 333 347 364 381 389
1 16 3 58 79 195 276 312 333 347 364 381 388 396 402 242 61 64
1 13 14 79 195 276 88 205 333 347 364 381 388 396 402
1 12 14 79 195 276 312 333 347 364 381 388 394 400
1 8 41 127 234 296 325 343 360 64
1 7 40 126 232 295 324 342 358
1 3 12 76 168
1 3 15 195 278
1 3 3 53 138
1 3 1 52 168
1 3 32 112 112
