438 388
1 3 1 47 133
1 6 3 51 138 240 138 240
1 13 5 57 173 257 64 51 141 186 268 304 51 138 240
1 8 4 143 68 288 51 142 244 186
1 6 3 51 138 240 138 240
1 6 3 51 138 240 138 240
1 6 3 51 138 240 138 240
1 9 5 57 173 255 51 138 240 138 240
1 8 3 51 138 240 138 240 138 240
1 8 3 51 138 240 138 240 138 240
1 6 3 51 138 240 138 240
1 11 5 57 173 257 64 51 140 64 51 138 240
1 3 5 57 173
1 3 3 51 140
1 6 5 60 176 263 51 144
1 4 6 255 51 144
1 3 3 51 145
1 6 5 57 173 255 51 146
1 13 11 71 191 270 305 324 336 346 358 365 370 377 387
1 15 11 71 191 270 305 324 336 346 358 365 372 380 255 51 139
1 14 11 71 191 270 305 324 336 346 358 365 373 374 255 51
1 4 3 51 138 240
1 4 3 51 138 240
1 10 16 83 204 85 206 280 312 328 341 51
1 6 3 51 138 240 138 240
1 6 3 51 138 240 138 240
1 6 3 51 138 240 138 240
1 6 3 51 138 240 138 240
1 6 3 51 138 240 138 240
1 6 3 51 138 240 138 240
1 20 11 71 191 270 305 325 346 358 365 173 257 302 237 138 240 140 64 179 183 51
1 8 3 51 138 240 138 240 138 240
1 6 3 51 138 240 138 240
1 7 7 64 51 143 68 288 51
1 4 3 51 138 240
1 4 3 51 138 240
1 6 7 64 51 138 240 140
1 4 3 51 138 240
1 4 3 51 138 240
1 5 21 90 210 51 149
1 5 21 90 213 284 138
1 4 3 51 138 240
1 8 7 67 183 51 140 67 183 51
1 4 23 93 51 140
1 3 7 64 51
1 4 3 51 138 240
1 3 3 50 51
1 4 3 51 138 240
1 5 12 191 271 307 327
1 3 10 70 138
1 3 7 64 51
1 3 3 51 139
1 3 3 51 139
1 3 3 51 140
1 3 9 304 51
1 3 3 50 51
1 11 11 71 76 196 275 372 382 182 157 64 51
1 5 13 79 325 338 349
1 6 13 79 325 307 327 182
1 11 11 71 191 271 338 348 372 182 265 261 161
1 7 19 86 208 281 52 97 51
1 3 25 99 218
1 3 18 85 207
1 14 12 74 194 274 309 367 374 261 366 182 266 184 64 51
1 6 26 100 79 199 276 349
1 9 12 191 80 200 325 339 351 360 366
1 10 27 102 178 372 381 388 182 159 253 51
1 7 11 73 193 79 325 338 349
1 5 13 79 325 340 352
1 12 11 71 191 273 308 338 350 359 372 182 161 161
1 3 3 50 51
1 3 30 107 51
1 9 23 94 181 141 288 315 288 51 140
1 7 12 74 194 365 372 182 265
1 7 13 80 200 325 338 350 351
1 6 31 109 222 288 51 143
1 6 31 109 222 288 52 158
1 6 31 109 222 288 52 158
1 6 31 109 222 288 52 158
1 6 31 109 222 288 52 158
1 6 31 109 222 288 52 158
1 6 31 109 222 288 52 158
1 5 31 109 222 288 316
1 6 31 109 222 288 52 158
1 6 31 109 222 288 52 158
1 6 31 109 222 267 304 51
1 7 31 109 223 289 317 304 51
1 4 12 78 198 337
1 6 31 109 222 267 304 51
1 3 28 104 220
1 5 31 109 222 267 304
1 5 31 109 222 267 304
1 3 1 47 133
1 7 7 65 64 51 138 240 140
1 6 33 115 51 144 253 51
1 4 3 51 138 240
1 5 21 90 212 282 51
1 5 21 90 212 282 51
1 9 5 57 173 260 217 51 145 217 51
1 5 21 90 210 51 149
1 3 23 93 51
1 4 23 93 51 140
1 5 34 116 51 140 65
1 6 9 68 185 267 304 51
1 6 9 68 185 267 304 51
1 6 9 68 185 267 304 51
1 4 5 57 172 387
1 7 5 57 173 259 68 185 267
1 5 5 57 173 255 51
1 6 9 68 185 267 68 186
1 6 9 68 185 267 304 51
1 6 9 68 185 267 304 51
1 10 7 66 181 140 64 51 138 240 138 240
1 8 3 51 138 240 138 240 138 240
1 8 3 51 138 240 138 240 138 240
1 8 3 51 138 240 138 240 138 240
1 11 7 64 51 140 64 51 140 64 51 138 240
1 8 3 51 138 240 138 240 138 240
1 8 3 51 138 240 138 240 138 240
1 14 7 64 51 140 243 210 51 138 240 140 64 51 138 240
1 4 1 48 51 144
1 4 5 63 178 173
1 5 21 90 212 282 52
1 3 5 57 173
1 10 7 64 52 157 64 51 138 240 138 240
1 3 5 57 173
1 10 7 64 52 157 64 51 147 236 50 51
1 10 3 52 97 51 147 236 50 51 138 240
1 12 3 52 97 51 147 236 50 51 138 240 138 240
1 10 3 52 97 51 147 236 50 51 138 240
1 11 3 52 97 51 138 50 51 152 231 295 51
1 12 3 50 50 52 156 138 134 236 50 51 138 240
1 13 7 64 52 157 64 51 138 240 138 50 51 138 240
1 6 5 57 173 255 52 157
1 4 24 97 52 159
1 4 30 107 51 140
1 6 3 51 138 240 138 240
1 4 3 51 138 240
1 8 3 51 138 240 138 52 97 51
1 10 3 51 138 240 138 240 138 240 138 240
1 4 3 51 138 240
1 8 3 52 158 304 51 140 64 51
1 4 3 52 97 51
1 6 3 52 157 65 64 51
1 3 21 89 90
1 4 21 90 210 51
1 3 28 103 51
1 14 22 210 51 138 240 385 317 304 51 138 240 147 224 290
1 5 2 133 370 377 385
1 7 3 51 138 240 138 240 148
1 6 3 51 138 240 138 240
1 6 3 51 138 240 138 240
1 6 3 51 138 240 138 240
1 11 3 51 148 210 51 138 240 138 240 138 240
1 6 3 51 138 240 138 240
1 6 3 51 138 240 138 240
1 12 22 210 51 148 210 51 138 240 138 240 138 240
1 6 3 51 138 240 138 240
1 3 3 51 148
1 4 9 69 190 51
1 3 1 47 133
1 3 3 51 140
1 4 28 103 51 140
1 3 3 51 144
1 3 3 51 145
1 4 30 107 51 140
1 8 9 68 184 64 51 138 240 140
1 11 7 64 51 143 68 288 51 138 240 138 240
1 10 3 51 143 68 288 51 138 240 138 240
1 14 7 64 179 264 68 184 67 183 51 138 240 138 240 140
1 10 3 51 143 68 288 51 138 240 138 240
1 8 9 68 288 51 138 240 138 240
1 4 23 93 51 140
1 5 30 107 51 138 240
1 10 9 68 188 217 51 138 240 138 240 145
1 10 9 68 184 64 51 138 240 138 240 140
1 9 9 68 189 283 51 138 50 51 149
1 10 3 51 143 68 288 51 138 240 138 240
1 11 3 50 51 143 68 288 51 138 240 138 240
1 10 3 51 143 68 288 51 138 240 138 240
1 10 9 68 187 253 51 138 240 138 240 144
1 13 7 64 51 143 68 184 64 51 138 240 138 240 140
1 8 9 68 288 51 138 240 138 240
1 14 11 71 191 270 305 324 336 346 358 365 370 377 140 242
1 14 11 71 191 270 305 324 336 346 358 365 370 377 140 242
1 6 3 51 138 240 138 240
1 6 3 51 138 240 138 240
1 8 3 51 138 240 138 240 138 240
1 4 3 51 138 240
1 6 3 51 138 240 138 240
1 6 3 51 138 240 138 240
1 4 3 51 138 240
1 12 26 101 219 287 314 330 342 353 361 367 375 383
1 14 11 71 191 270 305 324 336 346 358 365 370 377 140 242
1 12 36 119 226 291 318 331 343 354 362 368 376 384
1 14 11 71 191 270 305 324 336 346 358 365 370 377 140 242
1 14 11 71 191 270 305 324 336 346 358 365 370 377 140 242
1 11 29 106 120 228 292 319 333 344 356 363 369
1 14 11 71 191 270 305 324 336 346 358 365 370 377 140 242
1 12 11 71 191 270 305 325 346 358 365 370 379 242
1 11 12 191 270 305 324 336 346 358 365 371 242
1 14 11 71 191 270 305 324 336 346 358 365 370 377 140 242
1 14 11 71 191 270 305 324 336 346 358 365 370 377 140 242
1 12 11 71 191 270 305 325 346 358 365 370 379 242
1 12 26 101 219 287 314 330 342 353 361 367 375 383
1 11 12 191 79 325 346 358 365 370 377 140 242
1 5 29 105 221 344 355
1 5 37 120 227 319 332
1 4 17 84 205 279
1 4 3 51 138 240
1 4 3 51 138 240
1 4 3 51 138 240
1 4 3 51 138 240
1 16 11 71 191 270 305 324 336 346 358 365 172 140 242 300 180 51
1 4 3 51 138 240
1 3 3 50 50
1 3 1 47 133
1 25 3 54 166 377 140 64 52 157 64 51 150 157 64 51 150 157 64 51 138 240 140 241 138 52 157
1 5 23 95 97 52 157
1 4 30 107 51 140
1 3 23 95 157
1 5 34 117 157 64 51
1 9 24 98 217 51 145 247 97 52 157
1 13 24 159 253 51 150 159 253 51 144 246 97 52 157
1 13 7 64 51 140 64 51 138 240 140 241 138 52 157
1 28 20 236 51 138 54 168 118 157 64 379 64 51 153 118 158 304 51 153 118 158 252 183 51 143 245 138 52 157
1 9 21 90 213 283 51 149 283 52 161
1 5 21 90 213 283 51
1 19 3 54 166 377 386 52 97 51 138 240 150 97 51 150 97 51 138 240 150
1 20 3 54 166 377 386 54 167 97 51 138 240 150 97 51 150 97 51 138 52 161
1 17 3 54 166 377 386 52 97 51 150 97 51 150 97 51 138 52 161
1 19 3 54 166 377 386 52 97 53 162 51 150 97 51 150 97 51 138 240 150
1 20 3 54 166 377 386 54 167 97 51 138 240 150 97 51 150 97 51 138 52 161
1 22 3 54 166 377 386 54 167 161 97 51 138 240 138 52 97 51 150 97 51 138 52 161
1 9 24 97 51 150 97 51 138 52 161
1 9 24 97 51 150 97 51 138 240 150
1 20 3 54 166 377 386 54 167 97 51 138 240 150 97 51 150 97 51 138 52 161
1 20 3 54 166 377 386 54 167 97 51 138 240 150 97 51 150 97 51 138 52 161
1 5 3 51 144 253 51
1 6 21 90 210 51 138 240
1 4 39 122 92 92
1 4 3 51 138 240
1 4 3 51 138 240
1 6 7 64 51 138 240 140
1 4 3 51 138 240
1 3 40 124 51
1 13 11 71 191 270 81 201 324 336 346 358 365 372 380
1 6 14 81 57 370 52 157
1 3 14 81 57
1 11 14 81 57 175 262 303 323 140 64 51 142
1 6 7 64 51 140 64 51
1 6 14 81 57 370 52 159
1 7 14 81 57 174 253 51 139
1 3 14 81 57
1 6 32 113 123 229 293 51
1 3 32 110 51
1 4 3 51 138 240
1 3 32 110 51
1 5 14 81 57 370 377
1 3 3 51 151
1 3 3 51 151
1 3 3 51 151
1 4 3 53 162 54
1 3 3 51 151
1 5 21 91 215 210 51
1 3 39 123 123
1 6 3 51 138 240 138 240
1 6 3 51 138 240 138 240
1 16 40 125 230 294 320 334 345 357 364 126 232 296 295 51 138 240
1 8 3 50 50 51 138 240 138 52
1 4 22 92 210 51
1 5 30 108 138 50 51
1 13 12 191 270 305 324 336 346 358 365 173 256 140 64
1 9 42 127 127 127 127 127 127 127 233
1 4 3 51 138 240
1 3 4 56 171
1 13 11 71 191 270 305 324 336 346 358 365 370 377 387
1 4 3 51 138 240
1 5 8 185 267 304 51
1 6 21 90 211 288 53 165
1 4 22 210 51 140
1 3 3 50 51
1 4 3 51 138 240
1 3 3 50 51
1 4 3 51 138 240
1 5 3 51 138 240 140
1 4 23 93 51 140
1 5 12 76 195 51 144
1 9 9 68 185 288 51 141 288 52 158
1 7 8 185 267 304 51 138 240
1 5 12 75 82 195 51
1 4 8 267 304 51
1 4 3 51 141 267
1 6 5 57 173 255 51 145
1 8 5 57 173 258 267 304 51 144
1 12 11 71 191 270 305 324 336 346 358 365 372 380
1 10 12 191 270 305 325 346 358 365 372 380
1 4 13 270 306 326
1 3 12 75 82
1 3 12 75 82
1 4 3 51 138 240
1 4 3 51 138 240
1 7 41 126 231 295 51 138 240
1 4 4 138 50 51
1 4 3 51 138 240
1 7 5 57 173 255 51 138 240
1 10 11 71 191 270 305 324 336 346 358 327
1 12 11 71 191 270 305 324 336 346 358 365 372 380
1 4 12 75 82 203
1 5 15 324 337 203 278
1 6 15 324 337 203 278 310
1 6 15 82 202 277 278 310
1 3 1 49 310
1 3 15 82 203
1 3 1 49 310
1 3 15 82 203
1 6 15 324 337 203 278 310
1 12 11 71 191 270 305 324 336 346 358 365 372 380
1 12 11 71 191 270 305 324 336 346 358 365 372 380
1 4 12 75 82 203
1 4 15 82 202 49
1 5 15 324 337 347 310
1 5 15 82 202 49 310
1 5 15 324 337 347 310
1 6 15 324 337 203 278 310
1 3 5 57 173
1 12 11 71 191 270 305 324 336 346 358 365 372 380
1 3 34 116 51
1 14 11 71 191 270 305 324 336 346 358 365 372 181 140 242
1 10 38 121 83 204 85 279 311 280 312 328
1 15 11 71 191 270 81 201 324 336 346 358 365 372 380 255 51
1 5 43 129 234 297 237
1 8 3 51 138 240 138 240 138 240
1 3 20 236 51
1 6 5 59 255 51 138 240
1 3 14 305 82
1 5 2 133 133 133 133
1 3 43 128 51
1 3 3 51 155
1 5 12 77 197 64 51
1 3 40 124 51
1 3 7 64 53
1 3 3 50 51
1 3 21 87 51
1 3 21 88 209
1 3 1 47 133
1 6 21 87 51 138 50 50
1 15 32 110 51 147 236 136 238 138 50 50 50 51 138 240 147
1 10 32 110 50 134 236 134 236 50 51 139
1 7 7 66 180 51 138 50 137
1 28 32 110 51 138 240 138 134 237 154 166 134 237 138 240 147 236 51 138 240 138 50 55 169 50 134 236 51 138
1 14 3 50 51 150 97 50 51 139 138 50 50 50 50 51
1 3 3 50 50
1 22 32 110 51 138 240 138 53 162 134 236 50 50 50 134 237 138 50 51 138 50 50 50
1 23 32 111 138 240 139 138 50 136 130 50 50 52 160 237 138 134 236 51 138 134 236 50 50
1 15 3 50 50 50 50 50 134 236 51 138 53 162 51 147 236
1 21 32 110 51 138 50 134 236 51 138 50 50 134 237 138 240 138 50 51 138 50 50
1 4 3 50 51 147
1 7 21 90 214 285 282 50 50
1 14 32 110 51 147 249 166 134 236 51 138 50 50 136 130
1 15 44 130 51 138 134 236 51 138 50 51 138 240 138 50 134
1 22 32 112 236 51 138 240 138 134 236 53 162 50 50 51 138 240 138 50 50 50 50 50
1 11 32 114 225 236 51 138 52 97 51 138 50
1 6 7 64 50 50 134 236
1 26 32 111 138 50 136 239 236 50 50 50 50 51 138 50 50 51 138 50 135 118 158 252 301 322 236 136
1 9 32 110 50 50 50 51 138 50 50
1 5 7 64 50 50 134
1 25 32 112 224 162 50 136 130 51 138 240 138 50 51 147 248 237 138 50 50 55 169 50 50 50 51
1 11 32 112 236 50 50 50 50 134 236 50 50
1 5 4 138 50 50 137
1 23 32 112 237 138 240 138 50 50 51 138 240 147 236 50 51 147 236 50 134 237 138 50 50
1 14 3 50 51 147 248 236 50 50 51 138 240 138 240 138
1 25 32 110 51 154 166 50 50 50 51 138 240 138 134 236 51 138 50 50 50 54 166 50 51 138 50
1 13 32 114 225 236 134 236 50 51 138 134 236 51 138
1 6 3 50 50 50 134 236
1 23 32 112 236 51 147 236 51 138 134 237 138 240 138 50 51 138 240 138 134 236 52 97 52
1 9 32 110 51 138 50 50 134 236 50
1 5 3 50 54 166 134
1 23 32 110 51 138 240 138 240 138 50 51 147 237 138 50 50 51 139 138 50 134 236 50 54
1 10 32 112 236 50 51 138 50 50 51 147
1 7 4 138 50 50 51 147 250
1 10 32 110 51 138 50 50 50 50 50 134
1 20 32 110 51 138 50 134 236 50 50 134 248 237 299 130 55 169 51 138 50 50
1 9 32 112 236 50 51 138 240 138 240
1 6 3 50 51 138 50 137
1 23 32 111 138 50 51 138 50 51 138 136 130 50 134 237 139 147 237 138 50 50 50 50 50
1 12 32 110 134 236 50 53 163 138 50 134 236 134
1 4 3 50 134 236
1 25 32 110 50 51 140 64 51 138 240 138 50 51 147 237 138 50 51 138 240 138 50 51 138 50 50
1 19 3 51 139 138 134 236 50 52 97 134 237 147 236 50 51 139 139 147 236
1 6 21 90 214 286 313 329
1 5 21 90 213 283 51
1 6 23 96 216 64 51 150
1 5 5 62 177 173 261
1 5 21 90 212 282 51
1 3 3 55 170
1 10 5 57 173 256 138 240 138 52 157 251
1 3 5 57 173
1 5 3 51 138 240 150
1 4 5 57 173 261
1 4 3 53 164 254
1 4 3 51 138 240
1 4 5 58 62 177
1 4 3 51 140 243
1 4 3 51 138 240
1 3 3 52 156
1 8 5 57 372 197 64 51 138 240
1 4 3 51 138 52
1 5 35 118 158 304 51
1 3 24 97 51
1 4 3 51 138 240
1 4 3 51 138 240
1 4 3 52 97 51
1 3 24 97 51
1 9 7 64 379 64 51 141 288 51 140
1 8 5 57 173 257 251 97 51 140
1 4 3 51 150 161
1 17 12 191 269 201 325 307 365 372 380 255 51 138 240 140 251 157 251
1 3 11 72 192
1 3 24 161 161
1 3 24 161 161
1 4 3 51 150 161
1 7 4 150 157 66 182 161 161
1 6 5 57 173 255 51 140
1 11 45 131 106 120 228 292 319 333 344 356 363
1 3 3 51 140
1 4 24 158 304 51
1 5 24 97 52 157 251
1 6 5 57 173 255 51 144
1 16 5 61 71 191 270 305 324 336 346 358 365 372 380 257 64 51
1 13 11 71 191 270 81 201 324 336 346 358 365 372 380
1 12 11 71 191 270 305 324 336 346 358 365 370 378
1 3 4 138 240
1 7 46 132 235 298 321 335 186
1 3 23 95 157
1 3 12 191 272
1 3 5 57 173
1 4 3 51 138 240
