406 350
1 6 1 47 129 209 129 209
1 6 1 47 129 209 129 209
1 8 3 50 150 47 129 209 129 209
1 6 1 47 129 209 129 209
1 9 4 53 153 219 47 129 209 129 209
1 8 1 47 129 209 129 209 129 209
1 6 1 47 129 209 129 209
1 11 4 53 153 221 55 47 131 55 47 129 209
1 3 4 53 153
1 3 1 47 131
1 5 8 59 160 47 132
1 4 9 60 47 131
1 3 1 47 131
1 4 6 219 47 133
1 4 1 47 129 209
1 6 4 53 153 219 47 134
1 13 11 64 162 226 266 290 303 310 317 323 328 336 347
1 15 11 64 162 226 266 290 303 310 317 323 330 339 219 47 130
1 14 11 64 162 226 266 290 303 310 317 323 331 333 219 47
1 4 1 47 129 209
1 4 1 47 129 209
1 4 1 47 129 209
1 10 18 203 252 284 299 316 322 326 160 47
1 6 1 47 129 209 129 209
1 6 1 47 129 209 129 209
1 6 1 47 129 209 129 209
1 6 1 47 129 209 129 209
1 20 11 64 162 226 266 291 310 317 323 153 221 262 207 129 209 131 55 155 159 47
1 8 1 47 129 209 129 209 129 209
1 8 1 47 129 209 129 209 129 209
1 4 1 47 129 209
1 4 1 47 129 209
1 6 7 55 47 129 209 131
1 4 1 47 129 209
1 4 1 47 129 209
1 5 22 89 91 47 132
1 5 22 89 179 237 129
1 4 1 47 129 209
1 8 7 58 159 47 131 58 159 47
1 4 9 60 47 131
1 3 7 55 47
1 3 1 47 136
1 4 1 47 129 209
1 3 1 46 209
1 5 12 162 227 268 324
1 3 10 63 129
1 3 1 47 130
1 3 1 47 130
1 3 1 47 131
1 3 1 47 131
1 3 7 55 47
1 3 24 272 47
1 3 1 46 209
1 11 11 64 69 168 229 330 340 341 143 55 47
1 5 13 72 291 305 312
1 7 20 83 177 235 48 142 209
1 3 26 95 187
1 3 19 284 300
1 14 12 67 165 228 269 325 333 223 264 341 349 183 55 47
1 6 28 96 72 170 230 312
1 13 29 98 72 171 231 270 293 323 332 343 94 94 94
1 10 30 99 189 330 342 350 341 144 217 47
1 7 11 66 164 72 291 305 312
1 3 25 94 94
1 3 1 46 209
1 3 33 104 47
1 7 12 67 165 323 330 341 348
1 7 13 73 172 291 305 313 319
1 6 34 106 193 245 47 137
1 6 34 106 193 245 48 145
1 6 34 106 193 245 48 145
1 6 34 106 193 245 48 145
1 6 34 106 193 245 48 145
1 6 34 106 193 245 48 145
1 6 34 106 193 245 48 145
1 6 34 106 193 245 48 145
1 5 34 106 193 245 278
1 6 34 106 193 245 48 145
1 6 34 106 193 241 272 47
1 6 34 106 193 241 272 47
1 7 34 106 192 244 277 272 47
1 4 12 71 169 304
1 6 34 106 193 241 272 47
1 3 31 101 190
1 5 34 106 193 241 272
1 5 34 106 193 241 272
1 7 7 56 55 47 129 209 131
1 4 1 47 129 209
1 5 22 89 180 238 47
1 5 22 89 180 238 47
1 4 1 47 129 209
1 5 22 89 91 47 132
1 4 22 85 236 47
1 3 9 60 47
1 4 9 60 47 131
1 5 36 112 47 131 56
1 6 24 93 185 241 272 47
1 6 24 93 185 241 272 47
1 5 4 53 153 219 47
1 4 4 53 152 347
1 7 4 53 153 222 93 185 241
1 5 4 53 153 219 47
1 6 24 93 185 241 93 186
1 6 24 93 185 241 272 47
1 6 24 93 185 241 272 47
1 6 24 93 185 241 272 47
1 6 24 93 185 241 272 47
1 6 24 93 185 241 272 47
1 6 24 93 185 241 272 47
1 10 7 57 158 131 55 47 129 209 129 209
1 8 1 47 129 209 129 209 129 209
1 8 1 47 129 209 129 209 129 209
1 8 1 47 129 209 129 209 129 209
1 8 1 47 129 209 129 209 129 209
1 8 1 47 129 209 129 209 129 209
1 10 7 57 158 131 55 47 129 209 129 209
1 14 7 55 47 131 213 91 47 129 209 131 55 47 129 209
1 4 31 100 47 131
1 4 16 76 47 133
1 5 22 89 180 238 48
1 3 31 101 101
1 5 22 89 179 236 48
1 5 4 53 153 219 47
1 10 7 55 48 143 55 47 129 209 129 209
1 3 4 53 153
1 5 4 53 153 219 47
1 10 7 55 48 143 55 47 257 206 46 209
1 10 1 48 142 209 257 206 46 209 129 209
1 13 7 55 48 143 55 47 129 209 129 46 209 129 209
1 12 1 48 142 209 257 206 46 209 129 209 129 209
1 10 1 48 142 209 257 206 46 209 129 209
1 10 1 48 142 209 257 206 46 209 129 209
1 10 1 48 142 209 257 206 46 209 129 209
1 11 1 48 142 209 129 46 209 256 287 302 47
1 13 7 55 48 143 55 47 129 209 129 46 209 129 209
1 6 4 53 153 219 48 143
1 4 25 142 48 144
1 6 1 47 129 209 129 209
1 8 1 47 135 91 47 131 55 47
1 8 1 47 129 209 129 48 142 209
1 4 1 47 129 209
1 4 1 47 129 209
1 4 1 48 142 209
1 6 1 48 143 56 55 47
1 6 7 55 47 129 209 131
1 3 16 79 79
1 3 22 88 89
1 3 31 100 47
1 14 23 91 47 129 209 346 277 272 47 129 209 257 194 246
1 5 5 175 328 336 346
1 7 1 47 129 209 129 209 135
1 6 1 47 129 209 129 209
1 6 1 47 129 209 129 209
1 6 1 47 129 209 129 209
1 11 1 47 135 91 47 129 209 129 209 129 209
1 6 1 47 129 209 129 209
1 6 1 47 129 209 129 209
1 6 1 47 129 209 129 209
1 12 23 91 47 135 91 47 129 209 129 209 129 209
1 3 1 47 131
1 3 1 47 132
1 4 31 100 47 131
1 3 1 47 133
1 4 33 104 47 131
1 8 24 93 183 55 47 129 209 131
1 11 7 57 158 137 93 245 47 129 209 129 209
1 10 1 47 137 93 245 47 129 209 129 209
1 10 1 47 137 93 245 47 129 209 129 209
1 10 1 47 137 93 245 47 129 209 129 209
1 8 24 93 245 47 129 209 129 209
1 5 33 104 47 129 209
1 4 37 113 241 273
1 10 24 93 183 55 47 129 209 129 209 131
1 9 24 93 184 236 47 129 46 209 132
1 10 1 47 137 93 245 47 129 209 129 209
1 10 1 47 137 93 245 47 129 209 129 209
1 11 1 46 209 137 93 245 47 129 209 129 209
1 10 1 47 137 93 245 47 129 209 129 209
1 13 7 55 47 137 93 183 55 47 129 209 129 209 131
1 14 11 64 162 226 266 290 303 310 317 323 328 336 131 212
1 12 38 114 117 198 197 247 279 280 297 308 315 321
1 8 1 47 129 209 129 209 129 209
1 4 1 47 129 209
1 8 1 47 129 209 129 209 129 209
1 6 1 47 129 209 129 209
1 7 5 328 336 345 47 129 209
1 4 1 47 129 209
1 6 12 68 166 328 336 131
1 12 28 97 188 242 274 295 306 314 320 325 334 344
1 14 11 64 162 226 266 290 303 310 317 323 328 336 131 212
1 14 11 64 162 226 266 290 303 310 317 323 328 336 131 212
1 14 11 64 162 226 266 290 303 310 317 323 328 336 131 212
1 14 11 64 162 226 266 290 303 310 317 323 328 336 131 212
1 11 32 102 119 202 251 250 282 243 276 296 307
1 3 25 94 94
1 13 41 120 203 252 284 301 309 316 322 326 335 236 47
1 14 11 64 162 226 266 290 303 310 317 323 328 336 131 212
1 12 11 64 162 226 266 291 310 317 323 328 338 212
1 11 12 162 226 266 290 303 310 317 323 329 212
1 14 11 64 162 226 266 290 303 310 317 323 328 336 131 212
1 12 11 64 162 226 266 291 310 317 323 328 338 212
1 6 12 68 166 328 336 131
1 12 28 97 188 242 274 295 306 314 320 325 334 344
1 5 32 103 191 243 275
1 5 40 119 201 250 283
1 8 18 82 176 316 322 327 236 47
1 4 1 47 129 209
1 4 1 47 129 209
1 4 1 47 129 209
1 4 1 47 129 209
1 4 1 47 129 209
1 16 11 64 162 226 266 290 303 310 317 323 152 131 212 261 157 47
1 25 1 49 146 336 131 55 48 143 55 47 258 143 55 47 258 143 55 47 129 209 131 211 129 48 143
1 4 33 104 47 131
1 3 9 61 143
1 11 22 89 181 240 238 47 134 215 129 48 143
1 4 22 86 238 47
1 13 7 55 47 131 55 47 129 209 131 211 129 48 143
1 28 21 206 209 129 49 149 121 143 55 338 55 47 141 121 145 272 47 141 121 145 298 159 47 137 216 129 48 143
1 5 22 89 179 236 47
1 19 1 49 146 336 345 48 142 209 129 209 258 142 209 258 142 209 129 209 258
1 20 1 49 146 336 345 49 148 142 209 129 209 258 142 209 258 142 209 129 48 94
1 17 1 49 146 336 345 48 142 209 258 142 209 258 142 209 129 48 94
1 19 1 49 146 336 345 48 142 210 260 47 258 142 209 258 142 209 129 209 258
1 20 1 49 146 336 345 49 148 142 209 129 209 258 142 209 258 142 209 129 48 94
1 22 1 49 146 336 345 49 148 94 142 209 129 209 129 48 142 209 258 142 209 129 48 94
1 9 25 142 209 258 142 209 129 48 94
1 9 25 142 209 258 142 209 129 209 258
1 20 1 49 146 336 345 49 148 142 209 129 209 258 142 209 258 142 209 129 48 94
1 4 43 122 92 92
1 4 1 47 129 209
1 6 7 55 47 129 209 131
1 4 1 47 129 209
1 4 1 46 46 209
1 6 14 74 53 328 48 143
1 3 14 74 53
1 6 14 74 53 328 48 144
1 7 14 74 53 154 217 47 130
1 4 1 47 129 209
1 4 1 47 129 209
1 6 35 110 123 204 253 47
1 4 1 47 129 209
1 3 35 107 209
1 5 14 74 53 328 336
1 3 1 47 139
1 3 1 47 139
1 3 1 47 139
1 3 1 47 139
1 4 1 47 129 209
1 4 1 47 129 209
1 4 1 210 260 49
1 3 1 47 139
1 5 22 90 182 91 47
1 3 43 123 123
1 6 1 47 129 209 129 209
1 8 1 46 46 209 129 209 129 48
1 7 2 130 129 46 209 129 209
1 4 1 47 129 209
1 4 23 92 91 47
1 5 33 105 129 46 209
1 13 12 162 226 266 290 303 310 317 323 153 220 131 55
1 9 44 124 124 124 124 124 124 124 205
1 13 11 64 162 226 266 290 303 310 317 323 328 336 347
1 4 1 47 129 209
1 3 16 77 175
1 5 27 185 241 272 47
1 5 23 92 92 92 92
1 4 23 91 47 131
1 3 1 46 209
1 6 1 47 129 209 129 209
1 5 1 47 129 209 131
1 5 12 69 167 47 133
1 7 27 245 47 138 245 48 145
1 6 27 245 47 137 272 47
1 9 24 93 185 245 47 138 245 48 145
1 7 27 185 241 272 47 129 209
1 5 12 68 75 167 47
1 4 27 241 272 47
1 4 1 47 138 241
1 6 4 53 153 219 47 136
1 12 11 64 162 226 266 290 303 310 317 323 330 339
1 5 7 56 55 46 209
1 8 4 53 153 219 47 129 209 131
1 10 12 162 226 266 291 310 317 323 330 339
1 4 13 226 267 292
1 3 12 68 75
1 4 1 47 129 209
1 4 1 47 129 209
1 4 2 129 46 209
1 7 4 53 153 219 47 129 209
1 10 11 64 162 226 266 290 303 310 317 324
1 5 15 290 304 174 234
1 6 15 75 173 233 234 318
1 3 16 78 318
1 3 15 75 174
1 3 15 75 174
1 6 15 290 304 174 234 318
1 4 39 118 200 318
1 12 11 64 162 226 266 290 303 310 317 323 330 339
1 12 11 64 162 226 266 290 303 310 317 323 330 339
1 4 12 68 75 174
1 6 15 75 173 232 339 318
1 5 15 290 304 311 318
1 5 15 290 304 311 318
1 3 4 53 153
1 12 11 64 162 226 266 290 303 310 317 323 330 339
1 14 11 64 162 226 266 290 303 310 317 323 330 158 131 212
1 10 41 120 203 252 284 301 309 316 322 326
1 5 39 117 199 249 207
1 8 1 47 129 209 129 209 129 209
1 3 21 206 209
1 3 14 266 75
1 3 1 46 209
1 6 14 74 53 153 219 47
1 3 39 116 47
1 3 1 47 140
1 5 12 70 81 55 47
1 3 45 125 47
1 3 7 55 210
1 3 1 46 209
1 3 22 84 47
1 3 22 87 178
1 3 16 77 175
1 5 22 84 47 129 46
1 15 35 107 209 257 206 254 286 129 46 46 46 209 129 209 257
1 14 1 46 209 130 129 46 209 129 46 209 129 46 46 46
1 25 35 107 209 257 207 129 48 142 46 209 257 206 209 129 46 209 130 129 46 46 46 46 209 257 206
1 7 7 57 157 47 129 46 127
1 28 35 107 209 129 209 129 126 207 259 146 126 207 129 209 257 206 209 129 209 129 46 128 208 46 126 206 209 129
1 14 1 46 209 258 142 46 209 130 129 46 46 46 46 209
1 3 1 46 46
1 22 35 107 209 129 209 129 210 260 126 206 46 46 46 126 207 129 46 209 129 46 46 46
1 15 1 46 126 206 46 46 126 207 129 209 257 207 129 126 207
1 15 1 46 46 46 46 46 126 206 209 129 210 260 47 257 206
1 21 35 107 209 129 46 126 206 209 129 46 46 126 207 129 209 129 46 209 129 46 46
1 11 35 111 195 46 209 129 46 46 46 46 46
1 4 1 46 209 257
1 7 22 89 181 240 238 46 46
1 3 22 84 46
1 22 35 109 206 209 129 209 129 126 206 210 260 46 46 209 129 209 129 46 46 46 46 46
1 6 7 55 46 46 126 206
1 9 35 107 46 46 46 209 129 46 46
1 5 7 55 46 46 126
1 25 35 109 194 260 46 254 285 47 129 209 129 46 209 257 288 207 129 46 46 128 208 46 46 46 209
1 5 2 129 46 46 127
1 23 35 109 207 129 209 129 46 46 209 129 209 257 206 46 209 257 206 46 126 207 129 46 46
1 14 1 46 209 257 288 206 46 46 209 129 209 129 209 129
1 25 35 107 209 259 146 46 46 46 209 129 209 129 126 206 209 129 46 46 46 49 146 46 209 129 46
1 13 35 111 196 206 126 206 46 209 129 126 206 209 129
1 6 1 46 46 46 126 206
1 23 35 109 206 209 257 206 209 129 126 207 129 209 129 46 209 129 209 129 126 206 48 142 48
1 9 35 107 209 129 46 46 126 206 46
1 5 1 46 49 146 126
1 23 35 107 209 129 209 129 209 129 46 209 257 207 129 46 46 209 130 129 46 126 206 46 49
1 7 2 129 46 46 209 257 289
1 29 35 107 49 147 129 46 126 207 129 46 46 209 129 210 260 46 209 257 206 209 129 46 209 129 46 46 209 129 46
1 10 17 81 55 156 92 91 254 285 156 224
1 20 35 107 209 129 46 126 206 46 46 126 288 207 255 285 128 208 47 129 46 46
1 9 35 109 206 46 209 129 209 129 209
1 6 1 46 209 129 46 127
1 23 35 108 129 46 209 129 46 209 129 254 285 46 126 207 130 257 207 129 46 46 46 46 46
1 4 1 46 126 206
1 25 35 107 46 209 131 55 47 129 209 129 46 209 257 207 129 46 209 129 209 129 46 209 129 46 46
1 19 1 47 130 129 126 206 46 48 142 126 207 257 206 46 209 130 130 257 206
1 6 22 89 181 239 271 294
1 5 22 89 179 236 47
1 6 9 62 161 55 47 258
1 5 4 151 218 153 223
1 5 1 47 129 209 258
1 4 4 53 153 223
1 7 4 51 48 144 217 47 133
1 4 1 47 129 209
1 8 4 52 151 218 153 219 47 131
1 4 4 52 151 218
1 4 1 47 131 213
1 4 1 47 129 209
1 8 4 53 330 81 55 47 129 209
1 4 1 47 129 209
1 4 1 47 129 48
1 5 42 121 145 272 47
1 4 1 47 129 209
1 4 1 47 129 209
1 3 25 142 209
1 9 7 55 338 55 47 138 245 47 131
1 8 4 53 153 221 263 142 209 131
1 3 1 47 131
1 4 1 47 131 214
1 4 1 47 258 94
1 17 12 162 225 265 291 268 323 330 339 219 47 129 209 131 263 143 263
1 3 11 65 163
1 3 25 94 94
1 3 25 94 94
1 4 1 47 258 94
1 6 4 53 153 219 47 131
1 5 25 142 48 143 263
1 10 11 64 162 226 266 290 303 310 317 324
1 16 4 54 64 162 226 266 290 303 310 317 323 330 339 221 55 47
1 13 11 64 162 226 74 265 290 303 310 317 323 330 339
1 12 11 64 162 226 266 290 303 310 317 323 328 337
1 3 2 129 209
1 8 39 117 199 249 281 298 159 47
1 7 38 115 197 248 280 297 186
1 3 9 61 143
1 3 16 80 143
1 4 1 47 129 209
1 3 31 101 101
