784 502
1 6 1 43 51 56 327 257
1 3 6 83 198
1 4 6 83 200 87
1 9 2 200 83 201 351 88 249 93 200
1 6 1 43 197 198 68 327
1 4 1 43 202 354
1 3 1 43 196
1 3 1 43 197
1 6 2 196 327 71 83 198
1 6 1 43 196 43 196 330
1 7 1 43 197 196 42 43 197
1 5 4 68 43 203 99
1 5 4 71 83 247 400
1 4 4 73 114 203
1 3 9 98 43
1 4 9 102 104 272
1 9 9 99 196 42 195 323 43 198 74
1 9 6 83 196 43 196 43 206 324 434
1 4 4 68 43 205
1 7 1 45 98 43 196 333 436
1 6 1 43 198 346 443 481
1 5 1 43 198 345 441
1 4 1 43 196 43
1 4 4 68 43 208
1 6 15 128 290 263 399 468
1 3 2 209 366
1 3 1 43 210
1 3 2 209 366
1 4 8 96 43 211
1 5 4 73 114 196 332
1 4 6 83 196 43
1 3 1 43 212
1 3 4 71 85
1 5 2 197 200 83 198
1 10 11 114 201 352 446 57 51 228 386 466
1 3 21 156 199
1 3 2 204 114
1 3 1 43 212
1 5 2 51 57 197 198
1 5 6 83 200 83 198
1 6 4 71 86 86 83 198
1 5 4 69 197 196 327
1 3 6 83 197
1 3 1 43 212
1 3 1 43 201
1 4 7 94 114 201
1 5 6 83 196 327 69
1 3 1 49 227
1 3 17 135 43
1 3 17 136 196
1 4 6 82 43 212
1 4 1 43 204 361
1 5 2 197 197 198 69
1 4 1 43 204 361
1 4 2 196 43 198
1 3 1 43 197
1 6 3 56 43 209 366 449
1 3 3 62 131
1 4 14 125 289 416
1 3 11 114 198
1 3 3 60 238
1 3 5 79 196
1 4 1 43 214 371
1 3 1 43 210
1 3 5 78 43
1 4 6 82 43 198
1 4 11 360 43 209
1 4 1 43 210 449
1 4 1 43 196 47
1 4 1 43 209 366
1 4 21 156 196 337
1 5 6 86 83 198 68
1 4 1 43 197 196
1 4 6 82 43 198
1 3 2 198 346
1 3 1 43 198
1 3 1 43 198
1 3 1 43 198
1 4 1 43 197 197
1 3 6 82 43
1 3 6 86 83
1 3 1 44 85
1 5 6 83 202 356 447
1 3 2 201 93
1 5 6 84 68 45 102
1 3 1 43 200
1 3 11 114 198
1 3 6 83 197
1 3 6 86 82
1 3 20 145 43
1 3 2 52 150
1 3 2 197 52
1 3 20 150 150
1 3 22 160 162
1 3 20 150 150
1 5 1 43 198 71 86
1 3 1 43 196
1 5 9 101 83 196 44
1 3 9 99 196
1 3 9 105 274
1 3 9 101 86
1 5 9 102 99 200 350
1 3 6 86 82
1 3 21 156 210
1 3 2 196 44
1 4 21 155 43 203
1 5 6 83 200 83 197
1 6 1 43 200 83 196 327
1 8 1 43 196 43 196 43 196 43
1 3 2 197 212
1 5 4 68 43 196 327
1 4 1 43 196 47
1 3 2 196 338
1 3 2 212 368
1 3 1 43 212
1 4 1 43 196 338
1 3 11 114 199
1 6 1 43 196 42 246 372
1 5 21 156 196 42 327
1 5 1 43 196 42 47
1 4 20 151 155 327
1 4 1 43 197 198
1 4 1 43 200 84
1 5 1 335 156 196 327
1 4 6 83 197 342
1 6 18 139 295 419 420 474
1 6 6 83 202 96 43 342
1 8 2 200 83 198 345 99 203 359
1 8 1 43 197 203 107 276 401 497
1 3 4 68 43
1 11 3 57 196 43 196 43 196 329 92 44 83
1 3 1 43 209
1 7 9 98 43 203 358 401 497
1 5 4 72 249 92 43
1 7 4 69 198 68 43 198 267
1 3 2 197 200
1 3 2 197 212
1 5 1 43 202 353 199
1 4 1 43 200 238
1 4 6 88 92 329
1 5 6 83 198 71 238
1 3 2 198 69
1 7 4 68 327 69 197 197 216
1 3 3 57 210
1 4 1 47 131 159
1 7 20 147 76 157 69 197 216
1 3 1 47 366
1 3 16 131 159
1 3 6 84 257
1 6 6 83 198 69 198 71
1 3 1 43 196
1 5 1 338 165 215 164
1 10 1 43 198 71 83 196 327 267 406 238
1 9 9 100 264 402 469 496 501 502 271
1 3 1 43 209
1 4 4 77 251 394
1 7 6 83 198 71 83 198 267
1 3 4 68 328
1 3 4 70 267
1 3 7 93 199
1 3 1 43 53
1 5 9 107 276 401 497
1 4 1 42 43 203
1 5 9 99 247 401 497
1 6 32 173 43 196 43 215
1 6 8 96 43 203 99 202
1 4 1 43 200 83
1 7 9 100 68 43 196 43 209
1 4 3 56 43 210
1 4 19 144 131 159
1 4 9 104 273 411
1 4 2 51 60 83
1 3 2 197 197
1 7 3 61 120 177 313 457 461
1 6 9 100 68 246 167 471
1 5 33 381 457 490 182
1 3 33 177 313
1 3 2 247 393
1 4 3 60 222 385
1 3 33 382 461
1 3 27 167 182
1 4 10 112 280 414
1 5 9 110 381 426 271
1 3 9 103 271
1 5 10 403 313 426 271
1 3 33 381 457
1 4 27 166 239 383
1 3 33 177 313
1 5 9 107 277 278 271
1 6 1 43 217 381 457 490
1 4 9 108 278 271
1 10 1 43 196 43 196 43 217 177 313 457
1 3 33 177 313
1 11 1 42 42 43 196 43 217 376 315 300 422
1 9 2 197 217 376 452 457 490 300 422
1 8 28 168 307 376 315 313 457 486
1 9 3 58 56 43 51 57 255 396 306
1 6 1 43 197 214 498 449
1 4 3 66 313 427
1 3 33 178 243
1 4 2 213 370 180
1 3 1 48 449
1 8 12 122 184 65 241 493 396 306
1 4 1 43 213 161
1 6 33 178 314 313 427 478
1 7 31 172 310 161 305 396 306
1 5 1 43 197 214 306
1 5 33 177 313 427 479
1 3 3 67 243
1 6 3 63 156 196 43 212
1 5 33 177 313 457 383
1 8 3 57 196 339 177 313 457 383
1 4 12 121 286 181
1 3 1 43 219
1 7 2 200 83 217 381 456 498
1 4 34 180 316 485
1 3 2 196 336
1 7 33 177 313 427 366 451 485
1 8 35 184 317 139 295 419 420 474
1 4 34 180 316 430
1 4 2 52 146 301
1 9 3 64 240 315 313 427 366 448 271
1 7 9 100 69 247 403 471 497
1 9 2 206 119 285 240 315 313 427 366
1 5 9 106 275 412 271
1 3 23 161 305
1 3 20 146 218
1 9 9 109 240 315 313 427 366 448 271
1 5 2 200 83 255 396
1 3 20 154 302
1 4 29 170 316 485
1 3 20 146 214
1 8 3 65 376 452 427 366 451 485
1 4 20 146 255 396
1 6 33 381 427 366 450 484
1 4 2 209 477 498
1 3 1 43 214
1 7 33 177 313 427 366 451 485
1 8 35 184 317 139 295 419 420 474
1 3 1 43 214
1 6 33 177 313 302 451 485
1 11 2 197 196 339 177 313 427 477 498 451 485
1 3 12 119 152
1 7 33 177 313 427 366 451 485
1 7 35 184 317 139 296 420 474
1 7 33 177 313 427 477 499 430
1 4 11 114 218 383
1 3 33 177 313
1 4 1 339 382 490
1 4 6 83 218 383
1 3 33 177 313
1 3 9 103 271
1 4 1 43 218 383
1 5 33 177 313 426 271
1 9 1 43 216 374 376 315 182 488 271
1 6 2 217 381 457 487 315
1 7 1 43 217 376 315 313 428
1 4 9 103 271 280
1 8 1 43 196 43 217 177 313 457
1 3 28 169 308
1 3 33 177 313
1 6 36 186 188 308 425 476
1 4 33 177 313 457
1 3 37 188 308
1 3 36 187 319
1 11 2 196 43 197 196 44 222 120 177 313 457
1 7 1 43 217 379 455 457 383
1 4 9 111 470 271
1 7 12 120 177 313 457 488 271
1 4 2 217 177 313
1 3 33 381 457
1 6 1 43 217 177 313 457
1 5 2 217 381 460 494
1 3 34 183 311
1 7 2 55 234 177 313 457 491
1 3 32 174 311
1 3 1 43 212
1 4 33 381 459 319
1 5 12 120 177 313 457
1 3 36 187 319
1 5 1 43 217 382 383
1 4 2 197 196 340
1 4 33 177 313 457
1 7 2 217 379 454 313 457 383
1 5 6 83 217 382 490
1 4 2 200 83 255
1 4 33 381 458 493
1 5 6 83 217 381 458
1 4 6 83 255 397
1 7 1 43 206 120 379 455 457
1 4 18 142 300 422
1 5 9 358 403 470 271
1 4 34 182 488 271
1 4 10 113 281 271
1 5 33 177 313 457 492
1 7 38 189 320 490 313 429 480
1 4 33 376 315 313
1 4 2 255 313 457
1 9 2 217 381 457 489 500 315 470 271
1 3 1 43 218
1 3 33 177 313
1 5 2 247 403 313 457
1 3 9 103 271
1 6 12 115 283 381 457 490
1 9 2 200 83 217 177 313 457 488 271
1 8 6 83 217 381 457 490 470 271
1 7 12 117 284 313 457 383 465
1 6 2 207 364 457 383 465
1 3 34 181 181
1 3 34 181 179
1 3 5 315 181
1 3 34 181 181
1 3 34 181 181
1 3 34 181 181
1 3 34 181 181
1 3 34 181 181
1 3 34 181 181
1 4 34 179 315 181
1 3 34 181 181
1 3 34 181 181
1 4 33 175 217 382
1 4 2 52 231 383
1 5 6 83 217 382 383
1 7 15 126 43 217 382 462 418
1 3 33 176 382
1 4 15 129 291 418
1 7 6 83 217 177 182 488 271
1 5 2 247 393 488 271
1 3 6 91 262
1 3 6 83 218
1 4 13 123 287 288
1 6 6 83 217 379 320 383
1 3 13 124 288
1 4 33 382 463 288
1 7 18 138 217 378 453 486 422
1 6 18 141 298 383 464 422
1 3 2 217 382
1 3 3 61 239
1 6 3 56 43 218 488 271
1 3 2 217 382
1 7 2 217 377 83 217 382 383
1 6 9 110 377 83 217 382
1 4 6 83 217 382
1 3 9 103 271
1 3 34 179 315
1 3 20 153 181
1 4 1 43 196 43
1 3 1 43 210
1 4 11 114 210 449
1 7 6 83 197 196 43 198 68
1 3 5 79 196
1 6 3 56 43 196 329 92
1 3 17 136 209
1 5 11 114 196 43 196
1 4 2 200 84 68
1 7 20 146 197 196 43 215 164
1 3 1 43 215
1 5 1 43 196 43 197
1 3 6 83 198
1 12 2 198 71 82 43 53 156 203 107 276 401 497
1 4 1 43 199 348
1 11 1 46 114 53 156 198 345 107 276 401 497
1 7 2 202 355 140 419 420 474
1 3 1 43 209
1 3 11 114 198
1 5 1 42 43 216 372
1 3 1 43 197
1 3 6 83 198
1 3 2 209 365
1 4 1 43 196 327
1 4 2 53 156 198
1 3 4 68 246
1 4 6 82 43 201
1 4 6 86 90 133
1 3 6 90 133
1 4 6 83 196 43
1 3 22 159 159
1 4 6 83 196 43
1 4 16 133 293 293
1 10 1 43 200 83 200 86 222 324 209 130
1 5 1 43 198 69 197
1 7 2 198 68 43 200 82 43
1 3 8 353 197
1 7 7 351 83 206 115 83 196
1 3 1 43 196
1 3 21 156 196
1 3 6 82 43
1 3 21 156 196
1 4 6 82 43 199
1 4 7 92 329 435
1 3 1 43 196
1 3 4 75 366
1 3 6 90 366
1 3 4 266 404
1 9 4 69 197 198 258 398 272 410 293
1 4 4 69 198 71
1 4 4 71 84 71
1 5 4 68 43 198 346
1 3 4 70 258
1 4 4 71 84 258
1 4 4 71 84 258
1 5 6 86 86 86 283
1 4 1 43 209 366
1 4 1 43 209 366
1 4 1 43 209 366
1 5 4 68 43 209 366
1 4 1 43 210 367
1 3 1 43 210
1 3 1 43 200
1 3 20 145 43
1 4 1 43 197 196
1 6 2 196 43 197 197 199
1 3 2 204 360
1 3 20 146 196
1 4 2 196 42 44
1 3 1 43 200
1 6 1 42 44 83 200 83
1 5 6 83 196 43 200
1 5 1 43 196 43 196
1 3 2 196 43
1 7 4 68 43 197 198 68 43
1 3 30 171 309
1 5 9 100 264 401 497
1 3 3 59 81
1 6 1 43 220 184 65 242
1 7 6 88 261 290 417 473 475
1 9 12 116 351 444 482 57 263 399 468
1 4 18 141 299 421
1 6 15 127 93 263 399 468
1 6 36 185 318 308 424 475
1 5 9 100 264 401 497
1 5 18 139 296 420 474
1 7 9 100 267 276 413 472 497
1 4 4 68 43 209
1 3 33 177 312
1 4 1 43 207 284
1 3 18 139 297
1 7 9 100 71 83 247 401 497
1 7 4 69 203 98 244 401 497
1 6 9 100 269 409 247 400
1 5 9 100 71 248 400
1 8 4 69 203 101 270 276 401 497
1 9 1 43 196 43 203 100 264 401 497
1 7 18 139 97 83 254 420 474
1 7 2 197 211 139 296 420 474
1 7 1 43 211 139 296 420 474
1 7 4 345 440 93 247 401 497
1 7 1 45 107 276 413 472 497
1 6 9 100 69 247 401 497
1 3 4 68 43
1 3 9 100 265
1 6 2 203 100 69 247 400
1 4 9 100 264 400
1 4 9 100 267 407
1 5 9 100 71 83 253
1 6 4 345 107 276 401 497
1 4 9 100 264 400
1 6 1 45 100 69 247 400
1 6 4 69 203 358 401 497
1 7 2 203 100 69 247 401 497
1 6 9 100 267 276 401 497
1 3 9 100 268
1 3 27 276 400
1 3 1 43 200
1 5 9 100 69 247 400
1 7 4 68 43 203 100 267 407
1 8 26 164 43 55 235 389 467 495
1 5 9 100 71 83 253
1 6 4 345 99 247 401 497
1 6 9 100 69 247 401 497
1 7 2 216 373 100 264 401 497
1 4 2 197 197 197
1 7 21 156 200 84 68 43 196
1 6 21 157 68 43 197 196
1 3 3 57 199
1 4 1 43 196 43
1 4 2 52 230 227
1 6 6 83 196 43 198 257
1 4 1 43 210 367
1 10 2 197 196 43 196 43 200 83 196 43
1 4 1 328 81 367
1 4 2 196 43 209
1 6 1 43 196 43 210 367
1 5 21 156 196 334 404
1 7 1 43 196 43 198 68 43
1 7 3 56 43 209 366 449 483
1 11 20 146 196 42 43 198 68 43 196 43 198
1 8 6 83 51 229 387 92 43 196
1 4 2 197 196 49
1 5 1 43 197 53 156
1 7 2 196 43 196 43 197 212
1 4 2 197 204 114
1 6 2 196 43 198 346 442
1 4 2 196 43 197
1 5 11 114 200 83 199
1 5 2 198 68 44 83
1 8 1 43 198 68 43 196 43 198
1 3 1 43 196
1 4 4 68 43 51
1 3 7 92 43
1 8 9 100 68 43 247 403 471 497
1 7 9 100 68 43 247 401 497
1 4 4 74 250 102
1 8 4 68 43 203 98 244 401 497
1 4 4 68 43 197
1 10 25 163 43 221 384 92 195 318 473 475
1 13 3 56 43 213 161 304 161 304 161 304 161 304 161
1 4 1 43 196 43
1 7 1 43 211 139 296 420 474
1 7 1 43 203 100 264 401 497
1 3 1 43 200
1 5 4 68 43 207 363
1 6 1 43 196 327 69 196
1 5 8 96 43 196 331
1 6 7 92 43 201 92 43
1 6 2 196 42 43 197 197
1 4 1 43 198 71
1 4 4 68 43 196
1 5 4 68 43 196 43
1 9 8 97 83 200 83 197 206 323 46
1 4 1 43 209 130
1 6 6 83 206 324 197 196
1 3 1 43 197
1 3 6 83 196
1 4 2 202 353 217
1 3 6 83 252
1 4 2 196 42 43
1 3 3 56 43
1 3 6 85 259
1 3 2 196 328
1 5 9 107 276 401 497
1 5 6 83 197 196 43
1 3 2 196 44
1 5 20 146 196 335 439
1 3 2 199 79
1 3 1 43 52
1 3 5 79 199
1 3 6 83 196
1 3 17 137 130
1 6 35 184 61 120 241 392
1 5 18 139 296 420 474
1 4 40 192 321 431
1 3 5 80 83
1 5 1 43 204 114 197
1 3 5 81 367
1 4 21 156 209 366
1 4 6 83 209 366
1 4 3 57 204 114
1 4 6 82 43 200
1 4 6 84 68 43
1 5 4 73 114 209 366
1 3 20 149 367
1 3 2 209 366
1 3 19 143 212
1 8 1 335 156 196 43 200 82 44
1 3 2 196 43
1 4 1 42 43 198
1 3 1 43 199
1 4 3 56 43 198
1 3 1 42 43
1 5 4 68 43 196 43
1 8 4 68 43 203 107 276 401 497
1 4 26 165 196 43
1 13 3 56 43 201 92 43 217 380 156 303 423 399 468
1 4 1 44 83 217
1 4 1 43 197 217
1 13 1 43 217 375 43 202 97 83 197 211 141 420 474
1 13 6 83 196 43 196 43 200 83 196 42 43 200 83
1 11 6 83 196 43 200 83 200 83 197 196 43
1 5 2 203 358 401 497
1 5 2 196 339 377 86
1 9 1 43 200 83 196 43 200 349 228
1 3 1 43 217
1 3 20 145 339
1 3 2 196 43
1 3 1 43 217
1 3 1 43 217
1 8 1 194 56 194 57 197 51 62
1 3 1 43 210
1 3 21 156 198
1 4 1 43 196 43
1 6 6 83 196 43 197 198
1 4 2 196 43 198
1 3 19 143 209
1 4 2 197 198 71
1 4 20 146 200 86
1 5 1 43 196 335 156
1 5 21 156 197 198 69
1 4 1 43 197 197
1 7 2 196 43 197 198 267 408
1 3 9 358 400
1 3 1 43 201
1 3 3 57 215
1 3 1 43 209
1 3 1 43 198
1 3 2 198 75
1 5 9 107 276 401 497
1 5 4 71 83 209 366
1 7 2 198 345 107 276 401 497
1 7 2 198 345 107 276 401 497
1 4 1 43 197 198
1 3 1 43 197
1 5 18 140 419 420 474
1 3 1 43 202
1 14 1 43 196 195 323 43 204 360 43 197 197 197 197 197
1 10 3 57 237 390 195 323 43 196 46 114
1 9 6 222 323 42 42 43 196 46 114
1 7 2 196 42 42 42 42 49
1 4 2 197 197 197
1 5 2 206 323 194 57
1 8 1 195 323 43 196 43 196 43
1 8 12 323 43 197 196 42 43 282
1 6 6 89 107 276 401 497
1 3 1 43 197
1 14 21 157 71 84 68 44 83 198 68 45 107 276 401 497
1 17 1 43 197 196 43 200 83 200 82 43 200 86 86 83 196 44 83
1 19 6 83 201 92 44 83 201 92 44 83 201 93 201 92 42 43 201 249 92
1 13 1 43 198 68 42 43 198 76 157 68 327 70 70
1 14 1 43 202 97 83 202 353 202 357 156 211 141 420 474
1 11 3 60 84 256 57 198 345 107 276 401 497
1 9 6 83 198 68 45 107 276 401 497
1 10 21 156 198 256 57 198 68 44 83 198
1 11 1 43 197 196 43 196 43 196 44 83 197
1 8 11 114 196 42 43 200 83 196
1 3 1 43 200
1 4 6 84 68 42
1 5 11 114 197 204 362
1 5 2 197 200 82 43
1 3 17 136 212
1 3 20 146 196
1 3 2 196 42
1 6 2 196 43 202 353 202
1 4 7 93 212 369
1 5 1 43 196 43 196
1 3 1 43 200
1 5 4 76 156 209 366
1 16 2 197 197 196 43 196 341 391 323 43 282 409 204 114 196 47
1 9 6 83 196 42 42 42 42 47 130
1 6 8 353 196 43 197 344
1 16 1 43 196 195 324 434 42 42 195 324 434 43 196 43 196 47
1 12 6 86 83 196 42 42 42 341 391 324 197 209
1 4 2 201 351 445
1 15 3 56 195 323 43 196 46 114 196 43 196 327 346 442 43
1 10 1 42 42 195 324 434 42 43 197 198
1 8 1 43 196 43 204 360 43 209
1 3 2 198 347
1 9 21 438 324 434 42 43 196 43 209
1 3 1 327 69
1 4 4 68 43 197
1 10 12 323 43 196 42 195 324 197 196 43
1 5 1 42 195 324 434
1 10 1 42 42 42 43 237 391 323 433 294
1 4 1 43 196 43
1 5 16 134 294 130 130
1 6 1 42 195 323 42 43
1 15 1 42 195 323 43 206 323 42 43 196 42 42 42 43 196
1 6 1 195 324 197 196 47
1 4 1 42 43 196
1 16 1 335 438 323 42 42 195 323 42 50 409 196 42 46 360 43
1 11 6 82 44 222 323 42 43 196 43 196 195
1 8 1 42 195 323 43 196 43 209
1 10 1 42 335 437 222 323 43 196 42 47
1 10 12 323 43 196 46 360 43 196 43 196
1 4 1 195 323 43
1 8 1 42 42 335 438 324 204 360
1 4 16 130 130 130
1 11 1 42 335 438 323 42 43 196 46 360 43
1 9 1 195 323 42 43 196 43 196 42
1 3 1 43 196
1 10 1 195 324 434 42 46 360 50 409 196
1 3 2 253 395
1 3 1 43 253
1 3 24 162 306
1 3 24 162 306
1 3 24 162 306
1 4 9 100 267 407
1 9 1 42 195 324 434 42 42 42 42
1 6 9 100 264 403 471 497
1 9 1 195 324 434 43 196 42 42 42
1 5 9 100 264 401 497
1 13 1 42 42 42 42 195 324 434 42 46 360 42 43
1 11 1 50 191 324 434 42 42 42 42 339 177
1 13 1 42 195 323 43 197 204 360 42 42 42 46 223
1 4 9 100 264 400
1 8 1 42 195 323 43 196 42 42
1 4 9 100 264 400
1 8 4 69 196 45 107 276 401 497
1 3 9 100 265
1 14 2 197 196 42 42 195 324 434 42 46 360 42 42 42
1 6 9 100 264 403 471 497
1 7 21 438 324 204 360 42 42
1 6 9 100 264 403 471 497
1 9 2 196 335 155 195 324 434 42 42
1 5 9 100 266 405 400
1 11 39 190 42 195 324 204 360 42 46 386 59
1 7 9 100 267 276 403 471 497
1 12 1 195 323 43 204 360 42 42 42 46 114 196
1 3 21 158 366
1 3 20 152 306
1 11 1 195 323 43 196 42 42 42 42 42 194
1 10 1 43 196 335 438 323 43 196 42 42
1 12 1 43 197 282 415 155 195 324 434 42 42 42
1 8 1 42 195 324 434 42 42 194
1 13 3 56 50 190 195 324 204 360 42 42 43 196 338
1 13 1 50 190 195 323 43 196 46 360 42 42 46 226
1 7 12 324 434 42 42 42 194
1 16 7 95 191 324 434 46 114 197 196 46 225 482 57 263 399 468
1 7 6 82 335 155 195 324 434
1 10 1 42 195 324 434 46 360 42 42 42
1 5 1 195 324 434 42
1 8 12 324 434 42 42 42 42 42
1 10 1 42 42 195 324 434 42 42 42 42
1 3 9 100 265
1 6 9 100 68 244 401 497
1 4 2 196 195 323
1 3 2 197 206
1 4 11 114 282 191
1 7 15 127 92 43 263 399 468
1 3 1 195 323
1 3 1 43 199
1 7 12 118 139 295 419 420 474
1 11 1 42 42 42 42 195 324 434 42 42 194
1 9 39 191 323 42 42 42 42 42 194
1 4 23 161 304 161
1 14 1 42 42 195 323 42 43 196 42 46 360 42 43 196
1 3 41 193 322
1 13 1 44 222 323 42 43 196 42 46 360 43 196 46
1 9 1 43 197 197 197 204 360 195 323
1 3 1 329 93
1 3 2 196 328
1 6 6 89 100 267 167 471
1 3 1 42 195
1 5 1 44 90 366 449
1 5 2 196 195 323 42
1 7 3 56 45 100 264 401 497
1 5 1 46 360 195 323
1 5 1 43 204 224 323
1 3 2 209 366
1 7 9 100 266 146 247 401 497
1 4 9 100 264 400
1 9 2 196 43 197 196 42 195 323 42
1 5 1 42 43 196 195
1 5 20 146 196 195 323
1 5 6 89 100 264 400
1 10 1 42 43 196 42 195 326 224 323 432
1 6 20 148 100 264 401 497
1 3 1 43 255
1 4 2 196 195 323
1 3 2 53 233
1 4 1 46 224 115
1 7 4 68 43 203 358 401 497
1 4 7 92 195 325
1 4 9 100 68 245
1 6 9 100 68 244 401 497
1 8 3 56 43 204 360 42 195 323
1 6 9 100 264 403 471 497
1 6 9 100 69 247 403 470
1 4 1 42 42 195
1 3 2 196 195
1 3 1 46 224
1 7 3 60 83 197 53 232 388
1 5 22 483 449 159 159
1 4 1 43 210 449
1 4 2 54 159 159
1 6 1 43 209 366 449 483
1 5 2 51 56 236 159
1 4 1 43 196 45
1 3 1 43 199
1 3 16 132 292
1 4 2 196 43 200
1 3 6 83 197
1 5 1 43 196 43 197
1 3 6 87 260
1 5 1 43 209 366 449
1 3 9 102 102
1 5 4 73 114 209 366
1 5 9 109 279 43 210
1 4 7 93 197 343
1 3 15 128 128
1 5 8 96 43 196 43
1 4 9 98 43 210
1 5 4 68 43 209 366
1 3 3 62 366
1 4 6 86 86 82
