748 469
1 6 1 41 187 59 218 350
1 3 6 82 188
1 4 6 82 190 86
1 5 6 85 82 190 85
1 9 2 190 82 250 367 87 95 94 190
1 6 1 41 186 188 67 218
1 7 6 82 186 191 97 263 373
1 4 1 41 191 330
1 3 1 41 52
1 3 1 41 186
1 3 5 77 52
1 6 2 52 218 70 82 188
1 6 1 41 52 41 52 45
1 7 1 41 186 52 40 41 186
1 5 4 67 41 192 100
1 5 4 70 82 242 374
1 4 9 103 106 272
1 9 9 100 52 40 185 314 41 188 325
1 9 6 82 52 41 52 41 53 315 52
1 7 1 46 99 41 52 220 351
1 4 1 41 188 324
1 4 1 41 52 41
1 4 4 67 41 193
1 3 2 194 333
1 3 1 41 195
1 3 2 194 333
1 5 4 73 130 52 219
1 4 6 82 52 41
1 3 1 41 197
1 3 4 70 84
1 5 2 186 190 82 188
1 10 16 130 250 368 436 60 187 321 404 449
1 3 19 144 189
1 3 2 196 130
1 7 3 60 190 81 41 186 197
1 5 2 187 60 186 188
1 6 4 70 85 85 82 188
1 5 4 68 186 52 218
1 3 6 82 186
1 6 4 73 130 186 190 83
1 5 6 82 52 218 68
1 3 15 129 52
1 4 6 81 41 197
1 4 1 41 186 55
1 4 18 135 186 188
1 4 1 41 196 336
1 5 2 186 186 188 68
1 4 1 41 196 336
1 4 2 52 41 188
1 3 1 41 186
1 6 3 59 41 194 333 410
1 4 13 124 282 386
1 3 16 130 188
1 3 3 63 245
1 5 1 40 41 190 83
1 3 5 77 52
1 4 1 41 199 342
1 3 1 41 195
1 3 5 76 41
1 4 6 81 41 188
1 4 16 335 41 194
1 4 1 41 195 410
1 4 1 41 52 221
1 3 1 41 197
1 7 19 144 52 40 40 41 188
1 3 1 41 190
1 3 1 41 186
1 3 2 52 218
1 4 1 41 186 52
1 4 6 81 41 188
1 3 2 188 326
1 3 1 41 188
1 3 2 190 91
1 3 1 41 188
1 3 1 41 188
1 4 1 41 186 186
1 3 6 81 41
1 3 6 85 82
1 3 1 43 84
1 5 6 83 67 46 103
1 3 6 82 186
1 3 6 85 81
1 3 18 134 41
1 4 2 53 228 291
1 3 2 186 54
1 3 18 138 138
1 3 6 88 102
1 3 20 148 150
1 3 18 138 138
1 5 1 41 188 70 85
1 3 1 41 52
1 4 9 100 52 43
1 5 9 102 82 52 43
1 3 9 100 52
1 3 9 107 132
1 6 9 109 275 184 62 79
1 3 9 102 85
1 5 9 103 100 190 328
1 3 6 85 81
1 3 19 144 195
1 4 19 143 41 192
1 5 6 82 190 82 186
1 8 1 41 52 41 52 41 52 41
1 7 4 67 41 186 52 218 68
1 5 4 67 41 52 218
1 4 1 41 52 221
1 3 2 52 224
1 3 2 197 337
1 3 1 41 197
1 4 1 41 52 224
1 6 1 41 52 40 50 346
1 5 19 144 52 40 218
1 4 3 65 144 188
1 5 1 41 52 40 221
1 4 18 139 143 218
1 4 1 41 186 188
1 5 1 49 144 52 218
1 4 6 82 186 317
1 6 6 82 191 97 41 317
1 8 1 41 186 192 407 451 375 437
1 3 4 67 41
1 3 1 41 194
1 7 9 99 41 192 104 375 437
1 5 4 71 95 93 41
1 3 2 186 190
1 3 2 186 197
1 5 1 41 191 329 189
1 4 1 41 190 245
1 4 6 87 93 44
1 5 6 82 188 70 245
1 3 2 188 68
1 5 4 267 376 218 267
1 7 4 67 218 68 186 186 202
1 3 3 60 195
1 3 19 147 333
1 4 1 221 352 415
1 5 2 52 221 352 415
1 3 1 221 333
1 3 14 352 415
1 6 3 59 221 352 415 415
1 5 1 224 153 201 152
1 10 1 41 188 70 82 52 218 267 377 245
1 3 1 41 194
1 7 6 82 188 70 82 188 267
1 4 1 41 188 267
1 3 24 153 201
1 3 4 69 267
1 3 6 82 52
1 6 1 41 190 85 85 82
1 4 1 41 250 94
1 3 1 41 318
1 5 9 407 451 375 437
1 5 9 100 242 375 437
1 6 26 156 41 52 41 201
1 7 9 101 67 41 242 375 437
1 6 8 97 41 192 100 191
1 4 1 41 190 82
1 7 9 101 67 41 52 41 194
1 8 1 41 192 103 407 451 375 437
1 4 3 59 41 195
1 4 9 106 273 381
1 4 2 187 63 82
1 3 1 41 197
1 7 3 64 119 159 296 358 362
1 6 9 101 67 50 155 432
1 5 27 236 358 420 163
1 3 2 242 365
1 4 3 63 90 258
1 3 27 237 362
1 3 25 155 163
1 4 10 112 277 383
1 4 6 82 186 252
1 6 1 50 216 159 296 358
1 3 9 105 271
1 5 10 364 296 388 271
1 3 2 186 252
1 3 27 236 358
1 4 6 88 256 277
1 4 25 154 293 421
1 5 9 407 452 276 271
1 6 1 41 57 236 358 420
1 4 9 111 276 271
1 10 1 41 52 41 52 41 57 159 296 358
1 3 27 159 296
1 9 2 186 57 232 354 358 420 457 468
1 8 30 166 299 232 80 296 358 465
1 9 3 61 59 41 187 60 252 370 291
1 3 27 160 238
1 3 1 47 410
1 8 11 120 168 301 394 427 370 291
1 6 1 41 187 323 406 450
1 6 27 160 297 296 389 440
1 4 22 291 415 415
1 7 23 151 292 149 290 370 291
1 5 1 41 186 199 291
1 5 27 159 296 389 441
1 3 3 66 238
1 6 3 65 144 52 41 197
1 5 27 159 296 358 421
1 8 3 60 52 225 159 296 358 421
1 3 1 41 204
1 7 2 190 82 57 236 357 417
1 3 2 194 333
1 3 2 52 223
1 7 27 159 296 389 333 411 454
1 8 31 168 303 171 307 395 396 447
1 6 18 135 57 236 359 426
1 4 2 54 135 286
1 7 9 101 68 242 364 432 437
1 9 2 53 117 280 384 80 296 389 333
1 5 9 108 274 382 271
1 3 21 149 290
1 3 18 135 203
1 5 2 190 82 252 370
1 3 18 142 287
1 4 1 41 197 339
1 7 27 159 296 389 333 411 454
1 3 1 41 199
1 8 31 168 303 171 307 395 396 447
1 3 1 41 199
1 6 27 159 296 287 411 454
1 11 2 186 52 225 159 296 389 439 417 411 454
1 3 11 117 140
1 7 27 159 296 389 333 411 454
1 7 31 168 303 171 308 396 447
1 3 6 90 257
1 7 27 159 296 389 439 464 467
1 4 16 130 203 421
1 3 27 159 296
1 6 16 131 216 159 163 362
1 4 6 82 203 421
1 5 27 159 296 388 271
1 7 16 130 57 159 296 358 421
1 3 9 105 271
1 9 1 41 202 216 232 80 163 419 271
1 6 2 57 236 358 418 80
1 7 1 41 57 232 80 296 390
1 3 30 167 300
1 3 2 197 341
1 6 33 175 176 300 393 444
1 4 27 159 296 358
1 3 34 176 300
1 11 2 52 41 186 52 43 90 119 159 296 358
1 4 9 110 431 271
1 7 11 119 159 296 358 419 271
1 3 1 41 197
1 4 9 111 276 271
1 3 27 236 358
1 4 9 111 276 271
1 6 1 41 57 159 296 358
1 5 2 57 236 360 428
1 3 28 164 294
1 7 2 56 230 159 296 358 423
1 3 27 159 296
1 3 26 157 294
1 4 27 236 361 429
1 5 11 119 159 296 358
1 6 2 57 236 358 420 162
1 4 2 186 52 226
1 4 27 159 296 358
1 7 2 57 235 340 296 358 421
1 5 6 82 57 237 420
1 4 2 190 82 252
1 4 27 236 359 427
1 5 6 82 57 236 359
1 4 6 82 252 371
1 7 1 41 53 119 235 356 358
1 7 3 63 82 57 159 296 358
1 3 9 105 271
1 5 9 104 364 431 271
1 4 28 163 419 271
1 7 2 186 197 340 296 391 442
1 4 10 113 278 271
1 5 27 159 296 358 424
1 7 35 177 341 420 296 391 443
1 4 1 41 186 203
1 4 27 232 80 296
1 4 2 252 296 358
1 9 2 57 236 358 422 462 80 431 271
1 6 1 41 52 41 203 420
1 5 1 41 186 197 341
1 3 9 105 271
1 5 2 242 364 296 358
1 3 9 105 271
1 6 11 114 279 236 358 420
1 9 2 190 82 57 159 296 358 419 271
1 8 6 82 57 236 358 420 431 271
1 9 6 82 57 159 296 358 421 458 271
1 3 6 89 365
1 7 6 82 200 343 296 358 425
1 7 11 118 343 296 358 421 460
1 6 2 200 344 358 421 460
1 3 28 162 162
1 4 18 141 162 162
1 3 28 162 162
1 3 28 162 162
1 3 5 80 162
1 3 28 162 162
1 3 28 162 162
1 3 28 162 162
1 3 28 162 162
1 3 28 162 162
1 4 28 161 80 162
1 3 28 162 162
1 3 28 162 162
1 5 1 41 57 237 421
1 3 1 41 203
1 4 2 54 229 421
1 5 6 82 57 237 421
1 3 28 162 162
1 3 27 158 237
1 3 2 57 237
1 4 36 180 311 398
1 5 2 242 365 419 271
1 5 6 82 57 237 419
1 3 6 92 260
1 8 12 122 82 57 237 421 461 385
1 3 6 82 203
1 4 12 123 281 385
1 6 2 52 219 123 281 385
1 6 6 82 57 235 341 421
1 7 32 170 57 234 355 465 468
1 5 30 395 446 465 468
1 6 32 173 446 421 459 468
1 7 32 169 41 57 237 465 468
1 3 2 57 237
1 6 3 59 41 203 419 271
1 3 5 80 162
1 3 2 57 237
1 7 2 57 233 82 57 237 421
1 4 9 111 276 271
1 3 9 105 271
1 3 18 141 162
1 3 3 59 41
1 3 1 41 195
1 4 16 130 195 410
1 7 6 82 186 52 41 188 67
1 6 3 59 41 52 44 93
1 5 2 186 52 41 194
1 3 15 129 194
1 5 16 130 52 41 52
1 4 2 190 83 67
1 7 18 135 186 52 41 201 152
1 3 1 41 201
1 9 19 144 250 93 261 372 207 348 413
1 12 2 188 70 81 41 318 144 192 407 451 375 437
1 7 2 191 332 172 395 396 447
1 5 2 186 52 41 188
1 3 16 130 188
1 5 1 40 41 202 346
1 3 19 144 188
1 3 1 41 186
1 4 1 41 52 218
1 4 6 81 41 250
1 4 6 85 91 259
1 3 6 91 259
1 4 6 82 52 41
1 3 20 415 415
1 10 1 41 190 82 190 85 90 315 194 126
1 5 1 41 188 68 186
1 7 2 188 67 41 190 81 41
1 7 7 367 82 53 114 82 52
1 5 6 82 186 186 52
1 3 1 41 52
1 3 1 42 77
1 3 19 144 52
1 3 6 81 41
1 3 5 76 41
1 3 19 144 52
1 3 19 144 52
1 4 6 81 41 189
1 3 4 67 240
1 3 19 147 333
1 5 1 41 194 333 410
1 4 7 93 44 262
1 3 1 41 52
1 3 4 74 248
1 3 14 333 334
1 3 4 70 245
1 4 1 41 186 52
1 4 4 70 83 70
1 3 1 41 189
1 3 4 69 244
1 3 7 95 262
1 5 6 85 85 85 279
1 4 1 41 194 333
1 4 1 41 194 333
1 5 4 67 41 194 333
1 5 1 41 52 41 195
1 4 1 41 195 334
1 3 1 41 186
1 4 1 41 52 40
1 3 1 41 190
1 3 18 134 41
1 4 1 41 186 52
1 6 2 52 41 186 186 189
1 3 18 135 52
1 3 1 41 190
1 6 1 40 43 82 190 82
1 5 6 82 52 41 190
1 5 1 41 52 41 52
1 3 2 52 41
1 7 4 67 41 186 188 67 41
1 3 29 165 298
1 5 9 101 265 375 437
1 3 3 62 79
1 9 11 115 367 434 463 60 207 348 413
1 5 33 174 309 397 448
1 6 33 174 309 300 392 448
1 6 2 58 168 301 394 445
1 5 32 171 308 396 447
1 7 9 101 267 451 466 469 437
1 4 4 67 41 194
1 3 27 159 295
1 5 11 314 41 187 62
1 6 8 98 264 119 394 445
1 4 1 41 200 343
1 3 31 168 302
1 3 31 168 302
1 3 32 171 306
1 4 1 41 186 190
1 7 9 101 67 41 242 375 437
1 7 4 68 192 99 239 375 437
1 6 9 101 270 380 242 374
1 5 9 101 70 89 374
1 8 4 68 192 102 246 451 375 437
1 9 1 41 52 41 192 101 265 375 437
1 7 32 171 305 82 304 396 447
1 8 6 81 41 191 332 173 396 447
1 7 2 186 205 171 308 396 447
1 7 1 41 205 171 308 396 447
1 7 1 46 407 451 466 469 437
1 3 9 101 266
1 6 2 192 101 68 242 374
1 4 9 101 267 378
1 5 1 45 332 409 447
1 4 9 101 265 374
1 6 1 41 192 101 68 243
1 5 9 101 70 82 251
1 6 4 324 407 451 375 437
1 4 9 101 265 374
1 5 9 101 265 375 437
1 6 4 68 192 104 375 437
1 8 1 41 192 101 67 41 242 374
1 6 9 101 267 451 375 437
1 3 9 101 268
1 3 1 41 190
1 5 9 101 68 242 374
1 6 11 116 101 267 451 374
1 7 4 67 41 192 101 267 378
1 7 2 52 41 201 345 412 455
1 8 24 152 41 56 231 353 416 456
1 10 6 82 52 41 201 345 231 353 416 456
1 4 1 41 200 343
1 5 9 101 70 82 251
1 6 4 324 100 242 375 437
1 6 9 101 68 242 375 437
1 7 2 202 347 101 265 375 437
1 4 2 186 186 186
1 3 1 41 197
1 6 19 145 67 41 186 52
1 4 1 41 52 41
1 6 6 82 52 41 188 350
1 4 1 41 195 334
1 10 2 186 52 41 52 41 190 82 52 41
1 4 1 42 79 334
1 4 2 52 41 194
1 6 1 41 52 41 195 334
1 5 19 144 52 222 248
1 4 1 49 144 195
1 7 3 59 41 194 333 410 453
1 8 6 82 187 322 405 93 41 52
1 4 2 186 52 240
1 5 1 41 186 318 144
1 6 6 85 82 186 188 67
1 6 2 52 41 188 326 408
1 8 1 41 188 67 41 52 41 188
1 7 2 52 41 188 67 41 188
1 3 1 41 52
1 3 1 41 197
1 9 4 67 41 52 41 192 104 375 437
1 8 9 101 67 41 242 364 432 437
1 7 9 101 67 41 242 375 437
1 4 4 67 41 186
1 5 16 130 285 387 438
1 13 3 59 41 198 149 289 149 289 149 289 149 289 149
1 7 1 41 192 101 265 375 437
1 3 1 41 189
1 3 1 41 190
1 6 1 41 52 218 68 52
1 4 25 451 375 437
1 6 2 52 40 41 186 186
1 4 1 41 188 70
1 3 1 41 52
1 6 7 94 52 41 52 41
1 4 4 67 41 52
1 4 1 41 194 126
1 6 6 82 53 315 186 52
1 6 6 81 41 52 43 82
1 4 2 191 329 57
1 4 2 52 40 41
1 3 17 132 41
1 3 6 82 195
1 3 6 84 254
1 3 2 52 42
1 12 2 190 82 188 68 188 73 247 366 433 278 271
1 5 9 407 451 375 437
1 5 6 82 186 52 41
1 3 2 52 43
1 5 18 135 52 49 215
1 3 1 41 54
1 3 1 41 189
1 3 5 77 189
1 11 2 186 196 130 192 101 350 414 430 278 271
1 3 6 82 52
1 3 1 41 57
1 6 31 168 64 119 394 445
1 4 38 182 312 399
1 3 5 78 82
1 5 1 41 196 130 186
1 3 5 79 334
1 4 19 144 194 333
1 4 6 82 194 333
1 4 3 60 196 130
1 4 1 41 194 333
1 4 6 83 67 41
1 3 18 137 334
1 3 16 130 195
1 8 1 49 144 52 41 190 81 43
1 3 2 52 41
1 4 1 40 41 188
1 3 1 41 189
1 3 6 82 250
1 4 3 59 41 188
1 3 1 40 41
1 8 4 67 41 192 407 451 375 437
1 4 24 153 52 41
1 4 1 43 82 57
1 14 6 82 188 67 41 188 67 41 52 46 407 451 375 437
1 4 1 41 186 57
1 13 6 82 52 41 52 41 190 82 52 40 41 190 82
1 11 1 41 188 67 41 52 41 190 327 59 41
1 8 2 192 101 67 41 242 375 437
1 9 1 41 190 82 52 41 190 327 321
1 3 18 134 225
1 4 3 60 52 225
1 3 2 52 41
1 3 19 143 225
1 3 1 41 195
1 3 3 60 250
1 3 2 186 201
1 3 19 144 188
1 4 1 41 52 41
1 6 6 82 52 41 186 188
1 3 1 41 186
1 3 17 133 194
1 4 2 186 188 70
1 4 18 135 190 85
1 5 1 41 52 49 144
1 5 19 144 186 188 68
1 7 2 52 41 186 188 267 379
1 3 9 104 374
1 3 1 41 250
1 3 3 60 201
1 3 1 41 194
1 3 1 41 188
1 3 2 188 72
1 7 2 188 324 407 451 375 437
1 7 2 188 324 407 451 375 437
1 4 1 41 186 188
1 5 32 172 395 396 447
1 3 1 41 191
1 14 1 41 52 185 314 41 196 335 41 186 186 186 186 186
1 9 6 90 314 40 40 41 52 48 130
1 9 2 53 314 41 52 40 41 186 196
1 7 2 52 40 40 40 40 240
1 5 2 53 314 184 60
1 8 1 185 314 41 52 41 52 41
1 8 11 314 41 186 52 40 41 319
1 6 6 88 407 451 375 437
1 3 1 41 186
1 12 4 70 83 68 188 253 59 41 188 70 83 69
1 14 6 82 250 94 250 93 41 206 178 93 41 207 348 413
1 19 6 82 250 93 43 82 250 93 43 82 250 94 250 93 40 41 250 95 93
1 14 1 41 188 67 41 188 70 82 188 324 407 451 375 437
1 14 1 41 191 305 82 191 329 191 331 144 205 173 396 447
1 6 8 332 170 304 396 447
1 12 19 146 329 191 97 41 191 329 191 97 41 191
1 11 3 63 83 253 60 188 324 407 451 375 437
1 9 6 82 188 67 46 407 451 375 437
1 10 19 144 188 253 60 188 67 43 82 188
1 11 1 41 186 52 41 52 41 52 43 82 186
1 8 16 130 52 40 41 190 82 52
1 5 2 186 190 81 41
1 3 15 129 197
1 3 18 135 52
1 3 2 52 40
1 6 2 52 41 191 329 191
1 4 2 52 40 43
1 4 7 94 197 338
1 5 1 41 52 41 52
1 5 4 75 144 194 333
1 16 2 186 186 52 41 52 227 349 314 41 319 380 196 130 52 221
1 9 6 82 52 40 40 40 40 221 126
1 6 8 329 52 41 186 320
1 16 1 41 52 185 315 52 40 40 185 315 52 41 52 41 52 221
1 12 6 85 82 52 40 40 40 227 349 315 186 194
1 4 2 250 367 435
1 15 3 59 185 314 41 52 48 130 52 41 52 218 326 408 41
1 10 1 40 40 185 315 52 40 41 186 188
1 8 1 41 52 41 196 335 41 194
1 9 19 214 315 52 40 41 52 41 194
1 3 1 218 68
1 11 1 43 90 315 53 314 40 48 335 41 194
1 4 4 67 41 186
1 10 11 314 41 52 40 185 315 186 52 41
1 5 1 40 185 315 52
1 3 14 128 284
1 10 1 40 40 40 41 208 349 314 401 284
1 4 1 41 52 41
1 5 14 128 284 126 126
1 6 1 40 185 314 40 41
1 15 1 40 185 314 41 53 314 40 41 52 40 40 40 41 52
1 6 1 185 315 186 52 221
1 4 1 40 41 52
1 16 1 49 214 314 40 40 185 314 40 51 380 52 40 48 335 41
1 11 6 81 43 90 314 40 41 52 41 52 185
1 8 1 40 185 314 41 52 41 194
1 7 1 40 41 52 41 52 185
1 10 1 40 49 213 90 314 41 52 40 221
1 10 11 314 41 52 48 335 41 52 41 52
1 8 1 40 40 49 214 315 196 335
1 4 14 126 126 126
1 9 3 59 185 314 41 186 52 48 335
1 11 1 40 49 214 314 40 41 52 48 335 41
1 9 1 185 314 40 41 52 41 52 40
1 3 1 41 52
1 10 1 185 315 52 40 48 335 51 380 52
1 3 2 190 82
1 3 2 251 369
1 3 1 41 251
1 3 22 150 291
1 3 22 150 291
1 3 22 150 291
1 3 13 125 291
1 9 1 40 185 315 52 40 40 40 40
1 6 9 101 265 364 432 437
1 9 1 185 315 52 41 52 40 40 40
1 5 9 101 265 375 437
1 13 1 40 40 40 40 185 315 52 40 48 335 40 41
1 6 9 101 68 242 364 431
1 11 1 51 181 315 52 40 40 40 40 225 159
1 4 9 101 269 431
1 13 1 40 185 314 41 186 196 335 40 40 40 48 209
1 4 9 101 265 374
1 8 1 40 185 314 41 52 40 40
1 4 9 101 265 374
1 5 6 81 40 185 315
1 8 4 68 52 46 407 451 375 437
1 11 1 40 185 315 52 40 261 178 310 348 413
1 6 9 101 265 364 432 437
1 7 19 214 315 196 335 40 40
1 6 9 101 265 364 432 437
1 9 2 52 49 143 185 315 52 40 40
1 5 9 101 74 249 374
1 12 1 185 314 41 196 335 40 40 40 48 130 52
1 3 18 140 291
1 11 1 185 314 41 52 40 40 40 40 40 184
1 10 1 41 52 49 214 314 41 52 40 40
1 12 1 41 186 319 403 143 185 315 52 40 40 40
1 8 1 40 185 315 52 40 40 184
1 13 3 59 51 217 185 315 196 335 40 40 41 52 224
1 13 1 51 217 185 314 41 52 48 335 40 40 48 211
1 7 11 315 52 40 40 40 184
1 16 7 96 181 315 52 48 130 186 52 48 212 463 60 207 348 413
1 10 1 40 185 315 52 48 335 40 40 40
1 8 11 315 52 40 40 40 40 40
1 10 1 40 40 185 315 52 40 40 40 40
1 3 9 101 266
1 6 9 101 67 239 375 437
1 4 2 52 185 314
1 5 9 101 70 246 378
1 3 2 186 53
1 7 36 178 93 41 207 348 413
1 3 1 41 53
1 7 11 121 171 307 395 396 447
1 11 1 40 40 40 40 185 315 52 40 40 184
1 9 37 181 314 40 40 40 40 40 184
1 4 21 149 289 149
1 14 1 40 40 185 314 40 41 52 40 48 335 40 41 52
1 3 39 183 313
1 8 9 101 67 241 363 430 278 271
1 3 4 324 105
1 9 1 41 186 186 186 196 335 185 314
1 3 1 44 94
1 3 2 52 42
1 3 1 40 185
1 5 1 43 91 333 410
1 5 2 52 185 314 40
1 5 1 48 335 185 314
1 5 1 41 196 210 314
1 3 2 194 333
1 4 9 101 265 374
1 9 2 52 41 186 52 40 185 314 40
1 5 1 40 41 52 185
1 5 18 135 52 185 314
1 5 6 88 101 265 374
1 5 6 82 53 314 46
1 4 9 101 265 374
1 10 1 40 41 52 40 185 316 210 314 400
1 6 18 136 101 265 375 437
1 4 2 52 185 314
1 3 2 318 402
1 4 1 48 210 114
1 4 7 93 185 116
1 8 1 41 190 81 40 48 335 40
1 6 18 135 190 81 40 185
1 8 3 59 41 196 335 40 185 314
1 4 2 52 40 185
1 6 9 101 68 242 364 431
1 3 2 52 185
1 4 1 48 335 185
1 3 1 48 210
1 4 6 82 190 82
1 7 3 63 82 186 318 146 288
1 5 2 52 40 41 206
1 5 20 453 410 415 415
1 4 1 41 195 410
1 4 2 55 415 415
1 6 1 41 194 333 410 453
1 4 4 72 126 333
1 3 1 41 189
1 3 14 127 283
1 4 2 52 41 190
1 3 6 82 186
1 4 3 60 186 52
1 5 1 41 52 41 186
1 3 6 86 255
1 3 9 103 103
1 7 1 41 194 333 410 415 415
1 5 4 73 130 194 333
1 5 9 109 275 41 195
1 5 1 48 335 40 185
1 3 36 179 179
1 5 8 97 41 52 41
1 4 9 99 41 195
1 5 1 41 194 333 410
1 4 6 85 85 81
