771 494
1 3 1 40 211
1 4 1 40 209 41
1 5 1 39 40 209 39
1 6 4 64 210 211 57 326
1 7 1 40 210 213 76 327 433
1 4 4 64 213 339
1 3 6 79 212
1 6 2 212 326 54 40 211
1 7 4 64 210 212 65 64 210
1 5 3 54 40 201 387
1 4 3 58 84 216
1 3 9 89 64
1 4 9 91 92 256
1 9 9 87 212 65 236 380 64 211 59
1 9 1 40 212 64 212 64 218 379 212
1 4 3 57 64 217
1 7 4 69 89 64 212 329 435
1 6 4 64 211 323 432 475
1 4 4 64 211 322
1 5 4 64 211 322 191
1 4 4 64 212 64
1 4 3 57 64 220
1 6 13 110 266 399 462 489
1 3 2 222 356
1 3 4 64 223
1 3 2 222 356
1 4 5 76 64 224
1 5 3 58 84 212 328
1 3 4 64 225
1 10 8 84 226 362 444 142 227 363 445 480
1 3 21 152 214
1 3 2 215 84
1 7 20 142 209 42 64 210 225
1 3 4 64 225
1 5 2 227 142 210 211
1 5 1 40 209 40 211
1 6 3 54 39 39 40 211
1 6 3 58 84 210 209 198
1 3 4 64 225
1 3 4 64 226
1 4 18 131 84 226
1 5 1 40 212 326 55
1 3 4 71 241
1 3 15 117 64
1 3 15 116 212
1 4 4 64 210 51
1 4 19 133 210 211
1 5 2 210 210 211 55
1 4 4 64 215 344
1 4 2 212 64 211
1 3 4 64 210
1 3 20 146 436
1 4 12 107 265 398
1 3 20 141 199
1 5 4 65 64 209 198
1 4 4 64 228 366
1 3 6 80 64
1 4 4 64 223 441
1 4 4 64 222 356
1 3 4 64 225
1 7 21 152 212 65 65 64 211
1 4 21 152 212 333
1 5 1 39 40 211 57
1 3 4 64 209
1 3 4 64 210
1 3 2 212 326
1 4 1 42 64 211
1 3 2 211 323
1 3 2 209 46
1 3 4 64 211
1 4 4 64 210 210
1 3 1 42 64
1 3 1 39 40
1 3 4 63 43
1 5 1 40 213 341 439
1 3 2 226 129
1 5 1 198 57 69 91
1 3 4 64 209
1 3 8 84 211
1 3 1 40 210
1 3 19 135 64
1 4 2 218 350 290
1 3 2 49 138
1 3 19 138 138
1 3 1 45 86
1 3 19 138 138
1 5 4 64 211 54 39
1 3 4 64 212
1 4 9 87 212 63
1 5 9 86 40 212 63
1 3 9 93 126
1 6 9 94 258 72 144 81
1 5 9 91 87 209 318
1 3 1 39 42
1 3 21 152 223
1 3 2 212 63
1 4 21 154 64 216
1 5 1 40 209 40 210
1 6 4 64 209 40 212 326
1 8 4 64 212 64 212 64 212 64
1 3 2 210 225
1 7 3 57 64 210 212 326 55
1 5 3 57 64 212 326
1 4 4 64 212 330
1 3 2 212 334
1 3 2 225 358
1 4 4 64 212 334
1 3 8 84 214
1 6 4 64 212 65 73 368
1 4 20 148 152 211
1 5 4 64 212 65 330
1 4 4 64 210 211
1 4 4 64 209 198
1 6 16 121 272 402 403 463
1 8 2 209 40 211 322 87 216 348
1 3 3 57 64
1 11 20 142 212 64 212 64 212 331 130 63 40
1 3 4 64 222
1 5 3 61 132 130 64
1 7 3 55 211 57 64 211 250
1 3 2 210 209
1 5 4 64 213 338 214
1 4 4 64 209 199
1 5 1 40 211 54 199
1 3 2 211 55
1 5 3 250 392 326 250
1 3 21 156 356
1 4 4 330 436 477
1 5 2 212 330 436 477
1 7 19 134 282 153 55 210 230
1 3 4 330 356
1 3 14 436 477
1 3 1 198 309
1 6 1 40 211 55 211 54
1 3 4 64 212
1 6 20 143 330 436 477 477
1 5 4 334 161 229 162
1 10 4 64 211 54 40 212 326 250 391 199
1 9 9 88 247 388 459 488 493 494 255
1 4 3 62 207 315
1 3 3 57 67
1 4 4 64 211 250
1 3 26 161 229
1 3 3 56 250
1 3 1 40 212
1 6 4 64 209 39 39 40
1 3 18 129 214
1 4 4 64 226 129
1 3 4 64 50
1 5 9 95 260 389 460
1 4 4 65 64 216
1 5 9 87 201 389 460
1 7 9 88 57 64 201 389 460
1 4 4 64 209 40
1 7 9 88 57 64 212 64 222
1 8 4 64 216 91 95 260 389 460
1 4 17 127 436 477
1 4 9 92 257 396
1 3 2 210 210
1 3 4 64 225
1 7 20 145 103 170 295 415 452
1 5 31 171 415 469 176
1 3 31 170 295
1 3 2 201 312
1 4 20 141 208 317
1 3 31 376 452
1 3 27 163 176
1 4 7 83 244 384
1 4 1 40 210 321
1 5 9 97 171 412 255
1 6 4 73 242 170 295 415
1 3 9 90 255
1 5 7 311 295 412 255
1 3 2 210 321
1 3 31 171 415
1 4 1 45 191 244
1 3 31 170 295
1 5 9 95 261 262 255
1 10 4 64 212 64 212 64 231 170 295 415
1 3 31 170 295
1 11 4 65 65 64 212 64 231 373 82 277 406
1 9 2 210 231 373 450 415 469 277 406
1 8 28 164 291 373 82 295 415 404
1 9 20 147 143 64 227 142 321 429 290
1 6 4 64 210 228 490 441
1 4 20 151 295 413
1 3 31 172 299
1 4 2 52 197 174
1 3 4 70 441
1 4 4 64 52 158
1 6 4 64 227 365 447 481
1 6 31 172 298 295 413 466
1 4 24 290 477 477
1 5 4 64 210 228 290
1 5 31 170 295 413 467
1 6 20 148 152 212 64 225
1 8 20 142 212 335 170 295 415 454
1 4 10 104 263 175
1 3 4 64 233
1 7 2 209 40 231 171 296 490
1 4 32 174 300 479
1 3 2 222 356
1 3 2 212 332
1 7 31 170 295 413 356 443 479
1 8 33 178 303 121 272 402 403 463
1 6 19 133 231 171 297 418
1 4 32 174 300 420
1 9 20 149 259 82 295 413 356 440 255
1 7 9 88 55 201 311 426 460
1 3 23 158 289
1 9 9 94 259 82 295 413 356 440 255
1 5 2 209 40 321 429
1 4 29 166 300 479
1 4 4 64 225 359
1 7 31 170 295 413 356 443 479
1 3 19 133 228
1 8 20 150 373 450 413 356 443 479
1 4 19 133 321 429
1 6 31 171 413 356 442 478
1 4 2 222 465 490
1 7 31 170 295 413 356 443 479
1 3 4 64 228
1 6 31 170 295 414 443 479
1 11 2 210 212 335 170 295 413 465 490 443 479
1 7 31 170 295 413 356 443 479
1 7 33 178 303 121 273 403 463
1 3 1 208 316
1 7 31 170 295 413 465 491 420
1 4 8 84 232 454
1 6 8 85 242 170 176 452
1 4 4 335 376 469
1 3 31 170 295
1 3 9 90 255
1 4 4 64 232 454
1 7 8 84 231 170 295 415 454
1 3 9 90 255
1 9 4 64 230 242 373 82 176 301 255
1 6 2 231 171 415 468 82
1 7 4 64 231 373 82 295 416
1 4 9 90 255 244
1 8 4 64 212 64 231 170 295 415
1 3 28 165 292
1 3 2 225 361
1 3 31 170 295
1 6 34 180 182 292 411 464
1 4 31 170 295 415
1 3 35 182 292
1 3 34 181 306
1 11 2 212 64 210 212 63 208 103 170 295 415
1 7 4 64 231 374 451 415 454
1 4 9 98 425 255
1 3 4 64 225
1 4 2 231 170 295
1 4 9 96 262 255
1 4 9 96 262 255
1 6 4 64 231 170 295 415
1 3 32 177 302
1 3 31 170 295
1 3 4 64 225
1 5 10 103 170 295 415
1 3 34 181 306
1 6 2 231 171 415 469 175
1 5 4 64 231 376 454
1 4 2 210 212 336
1 4 31 170 295 415
1 7 2 231 374 360 295 415 454
1 4 2 209 40 321
1 4 31 171 297 419
1 5 1 40 231 171 297
1 7 4 64 218 103 374 451 415
1 4 16 124 277 406
1 7 20 141 40 231 170 295 415
1 3 9 90 255
1 4 32 176 301 255
1 7 2 210 225 360 295 417 472
1 5 31 170 295 415 470
1 4 4 64 210 232
1 4 31 373 82 295
1 6 4 64 212 64 232 469
1 3 4 64 232
1 5 4 64 210 225 361
1 3 31 170 295
1 3 9 90 255
1 9 1 40 231 170 295 415 454 483 255
1 3 1 44 312
1 7 1 40 219 352 295 415 471
1 7 10 100 352 295 415 454 485
1 6 2 219 353 415 454 485
1 3 32 175 175
1 4 19 140 175 175
1 3 32 175 175
1 3 32 175 173
1 3 32 175 175
1 3 6 82 175
1 3 32 175 175
1 3 32 175 175
1 3 32 175 175
1 3 32 175 175
1 3 32 175 175
1 3 32 175 175
1 3 32 175 175
1 5 4 64 231 376 454
1 3 4 64 232
1 4 31 168 231 376
1 4 2 49 195 454
1 5 1 40 231 376 454
1 3 32 175 175
1 7 13 109 64 231 376 453 401
1 3 31 169 376
1 3 2 231 376
1 4 13 112 268 401
1 7 1 40 231 170 176 301 255
1 5 2 201 312 301 255
1 5 1 40 231 376 301
1 8 11 105 40 231 376 454 486 264
1 3 1 40 232
1 6 2 212 328 434 476 264
1 6 1 40 231 374 361 454
1 3 11 106 264
1 4 31 376 455 264
1 7 16 119 231 372 449 404 406
1 5 28 402 275 404 406
1 6 16 123 275 454 484 406
1 7 16 120 64 231 376 404 406
1 3 2 231 376
1 3 20 145 285
1 6 20 143 64 232 301 255
1 3 6 82 175
1 7 2 231 370 40 231 376 454
1 6 9 97 370 40 231 376
1 4 9 96 262 255
1 4 1 40 231 376
1 3 9 90 255
1 3 32 173 82
1 3 19 140 175
1 3 20 143 64
1 4 4 64 212 64
1 3 4 64 223
1 7 1 40 210 212 64 211 57
1 3 6 79 212
1 6 20 143 64 212 331 130
1 5 2 210 212 64 222
1 3 15 116 222
1 5 8 84 212 64 212
1 4 2 209 198 57
1 3 4 64 229
1 9 21 152 226 130 280 266 399 462 489
1 5 4 64 212 64 210
1 3 1 40 211
1 4 4 64 214 343
1 11 4 68 84 50 152 211 322 95 260 389 460
1 7 2 213 340 122 402 403 463
1 3 4 64 222
1 5 2 210 212 64 211
1 3 8 84 211
1 5 4 65 64 230 368
1 3 21 152 211
1 3 1 40 211
1 3 2 222 355
1 4 4 64 212 326
1 4 2 50 152 211
1 3 3 57 73
1 4 1 42 64 226
1 4 1 39 46 114
1 3 1 46 114
1 3 22 477 477
1 4 1 40 212 64
1 4 14 114 269 269
1 5 4 64 211 55 210
1 7 2 211 57 64 209 42 64
1 3 5 338 210
1 7 18 128 40 218 349 40 212
1 5 1 40 210 210 212
1 3 4 67 79
1 3 21 152 212
1 3 1 42 64
1 3 6 80 64
1 3 21 152 212
1 4 1 42 64 214
1 3 3 57 71
1 3 21 156 356
1 5 4 64 222 356 441
1 4 18 130 331 281
1 3 4 64 212
1 3 3 60 356
1 3 1 46 356
1 3 14 356 357
1 3 3 54 199
1 4 4 64 210 212
1 9 3 55 210 211 310 424 256 395 269
1 4 3 55 211 54
1 4 3 54 198 54
1 3 4 64 214
1 5 3 57 64 211 323
1 3 3 56 310
1 4 3 54 198 310
1 4 3 54 198 310
1 3 18 132 281
1 5 1 39 39 39 187
1 4 4 64 222 356
1 4 4 64 222 356
1 5 3 57 64 222 356
1 5 4 64 212 64 223
1 4 4 64 223 357
1 3 4 64 223
1 4 4 64 223 357
1 3 4 64 210
1 4 4 64 212 65
1 3 4 64 209
1 3 19 135 64
1 4 4 64 210 212
1 3 2 215 345
1 4 2 212 65 63
1 6 4 65 63 40 209 40
1 5 1 40 212 64 209
1 5 4 64 212 64 212
1 3 2 212 64
1 7 3 57 64 210 211 57 64
1 3 30 167 293
1 5 9 88 247 389 460
1 3 20 144 81
1 6 4 64 53 178 150 286
1 7 1 47 192 266 400 421 473
1 9 10 102 128 278 407 142 399 462 489
1 5 34 179 305 421 473
1 4 16 123 276 405
1 6 13 111 129 399 462 489
1 6 34 179 305 292 410 473
1 5 9 88 247 389 460
1 6 2 53 178 150 287 409
1 7 9 88 250 260 397 461 460
1 3 31 170 294
1 5 10 380 64 227 144
1 6 5 77 243 103 287 409
1 4 4 64 219 352
1 3 33 178 304
1 3 33 178 304
1 3 16 121 274
1 4 4 64 210 209
1 7 9 88 54 40 201 389 460
1 7 9 88 57 64 201 389 460
1 7 3 55 216 89 254 389 460
1 6 9 88 253 394 201 387
1 5 9 88 54 44 387
1 9 4 64 212 64 216 88 247 389 460
1 7 16 121 75 40 271 403 463
1 8 1 42 64 213 340 123 403 463
1 7 2 210 224 121 273 403 463
1 7 4 64 224 121 273 403 463
1 7 3 322 430 129 201 389 460
1 7 4 69 95 260 397 461 460
1 6 9 88 55 201 389 460
1 3 3 57 64
1 4 9 88 247 387
1 5 4 66 340 438 463
1 4 9 88 247 387
1 6 4 64 216 88 55 202
1 5 9 88 54 40 48
1 4 9 88 247 387
1 6 4 69 88 55 201 387
1 5 9 88 247 389 460
1 6 3 55 216 347 389 460
1 7 2 216 88 55 201 389 460
1 8 4 64 216 88 57 64 201 387
1 6 9 88 250 260 389 460
1 3 9 88 251
1 3 27 260 387
1 6 10 99 88 250 260 387
1 7 3 57 64 216 88 250 393
1 7 2 212 64 229 367 448 482
1 8 26 162 64 235 378 456 487 492
1 10 1 40 212 64 229 367 378 456 487 492
1 4 4 64 219 352
1 6 3 322 87 201 389 460
1 6 9 88 55 201 389 460
1 7 2 230 369 88 247 389 460
1 7 21 152 209 198 57 64 212
1 3 4 64 225
1 6 21 153 57 64 210 212
1 3 20 142 214
1 4 4 64 212 64
1 4 2 49 194 241
1 4 4 64 223 357
1 10 2 210 212 64 212 64 209 40 212 64
1 4 4 67 81 357
1 4 2 212 64 222
1 6 4 64 212 64 223 357
1 7 4 64 212 64 211 57 64
1 4 4 237 152 223
1 11 19 133 212 65 64 211 57 64 212 64 211
1 8 1 40 227 364 446 130 64 212
1 4 2 210 212 71
1 7 2 212 64 212 64 210 225
1 4 2 210 215 84
1 6 1 39 40 210 211 57
1 4 2 212 64 210
1 5 8 84 209 40 214
1 5 2 211 57 63 40
1 8 4 64 211 57 64 212 64 211
1 7 2 212 64 211 57 64 211
1 3 4 64 212
1 3 4 64 225
1 4 3 57 64 227
1 3 18 130 64
1 9 3 57 64 212 64 216 347 389 460
1 8 9 88 57 64 201 311 426 460
1 7 9 88 57 64 201 389 460
1 4 3 59 206 91
1 8 3 57 64 216 89 254 389 460
1 4 3 57 64 210
1 10 25 160 64 234 377 130 236 305 421 473
1 5 8 84 245 385 458
1 4 4 64 212 64
1 7 4 64 224 121 273 403 463
1 3 4 64 214
1 3 4 64 209
1 5 3 57 64 219 351
1 6 4 64 212 326 55 212
1 4 27 260 389 460
1 5 5 76 64 212 327
1 6 18 130 64 226 130 64
1 3 4 64 212
1 6 18 129 212 64 212 64
1 4 3 57 64 212
1 5 3 57 64 212 64
1 9 5 75 40 209 40 210 218 380 68
1 4 4 64 222 113
1 6 1 40 218 379 210 212
1 6 1 42 64 212 63 40
1 3 4 64 210
1 3 1 40 212
1 3 1 40 188
1 4 2 212 65 64
1 3 17 126 64
1 3 1 40 223
1 3 20 143 64
1 3 1 43 190
1 3 2 212 67
1 12 2 209 40 211 55 211 58 205 314 428 474 255
1 5 9 95 260 389 460
1 5 1 40 210 212 64
1 3 2 212 63
1 3 2 214 79
1 3 4 64 49
1 3 4 64 214
1 11 2 210 215 84 216 88 309 423 427 474 255
1 3 1 40 212
1 3 15 118 113
1 3 4 64 231
1 5 16 121 273 403 463
1 4 37 185 307 422
1 3 6 78 40
1 5 4 64 215 84 210
1 3 6 81 357
1 4 1 42 64 209
1 4 4 64 222 356
1 5 3 58 84 222 356
1 3 19 137 357
1 3 8 84 223
1 3 2 222 356
1 3 17 125 225
1 4 4 65 64 211
1 3 1 40 226
1 5 3 57 64 212 64
1 8 3 57 64 216 95 260 389 460
1 4 26 161 212 64
1 13 20 143 64 226 130 64 231 375 152 221 354 462 489
1 4 4 63 40 231
1 14 1 40 211 57 64 211 57 64 212 69 95 260 389 460
1 4 4 64 210 231
1 13 4 64 231 371 64 213 75 40 210 224 123 403 463
1 11 4 64 211 57 64 212 64 209 319 143 64
1 11 1 40 212 64 209 40 209 40 210 212 64
1 8 2 216 88 57 64 201 389 460
1 5 2 216 347 389 460
1 5 2 212 335 370 39
1 9 4 64 209 40 212 64 209 319 363
1 3 4 64 231
1 4 20 142 212 335
1 3 2 212 64
1 3 21 154 335
1 3 4 64 231
1 3 4 64 231
1 8 4 72 143 72 142 210 227 146
1 3 4 64 223
1 3 20 142 226
1 3 2 210 229
1 3 21 152 211
1 4 4 64 212 64
1 6 1 40 212 64 210 211
1 3 4 64 210
1 4 2 212 64 211
1 3 17 125 222
1 4 19 133 209 39
1 5 4 64 212 237 152
1 5 21 152 210 211 55
1 4 4 64 210 210
1 3 9 347 387
1 3 4 64 222
1 3 4 64 211
1 3 2 211 60
1 5 9 95 260 389 460
1 5 3 54 40 222 356
1 7 2 211 322 95 260 389 460
1 7 2 211 322 95 260 389 460
1 3 4 64 210
1 5 16 122 402 403 463
1 3 4 64 213
1 14 4 64 212 236 380 64 215 345 64 210 210 210 210 210
1 10 20 142 283 408 236 380 64 212 68 84
1 9 2 218 380 64 212 65 64 210 215
1 7 2 212 65 65 65 65 71
1 4 2 210 210 210
1 8 10 380 64 210 212 65 64 246
1 3 4 64 210
1 14 21 153 54 198 57 63 40 211 57 69 95 260 389 460
1 12 3 54 198 55 211 324 143 64 211 54 198 56
1 17 4 64 210 212 64 209 40 209 42 64 209 39 39 40 212 63 40
1 14 1 40 226 129 226 130 64 221 111 130 64 399 462 489
1 14 4 64 211 57 64 211 54 40 211 322 95 260 389 460
1 13 4 64 211 57 65 64 211 282 153 57 326 56 56
1 14 4 64 213 75 40 213 338 213 342 152 224 123 403 463
1 6 5 340 119 271 403 463
1 12 21 155 338 213 76 64 213 338 213 76 64 213
1 10 21 152 211 324 142 211 57 63 40 211
1 11 4 64 210 212 64 212 64 212 63 40 210
1 8 8 84 212 65 64 209 40 212
1 3 4 64 209
1 4 1 198 57 65
1 5 8 84 210 215 346
1 6 2 212 64 213 338 213
1 4 2 212 65 63
1 5 4 64 212 64 212
1 3 4 64 209
1 16 2 210 210 212 64 212 337 437 380 64 246 394 215 84 212 330
1 9 1 40 212 65 65 65 65 330 113
1 16 4 64 212 236 379 212 65 65 236 379 212 64 212 64 212 330
1 12 1 39 40 212 65 65 65 337 437 379 210 222
1 4 2 226 128 279
1 15 20 143 236 380 64 212 68 84 212 64 212 326 323 431 64
1 8 4 64 212 64 215 345 64 222
1 3 2 211 325
1 11 4 63 208 379 218 380 65 68 345 64 222
1 10 10 380 64 212 65 236 379 210 212 64
1 5 4 65 236 379 212
1 3 14 115 270
1 4 4 64 212 64
1 5 14 115 270 113 113
1 6 4 65 236 380 65 64
1 4 4 65 64 212
1 11 1 42 63 208 380 65 64 212 64 212 236
1 8 4 65 236 380 64 212 64 222
1 7 4 65 64 212 64 212 236
1 10 4 65 237 382 208 380 64 212 65 330
1 10 10 380 64 212 68 345 64 212 64 212
1 4 4 236 380 64
1 8 4 65 65 237 383 379 215 345
1 4 14 113 113 113
1 9 20 143 236 380 64 210 212 68 345
1 3 4 64 212
1 10 4 236 379 212 65 68 345 74 394 212
1 3 2 209 40
1 3 2 48 193
1 3 4 64 48
1 3 24 159 290
1 3 24 159 290
1 3 24 159 290
1 3 24 159 290
1 3 12 108 290
1 4 9 88 250 393
1 9 4 236 379 212 64 212 65 65 65
1 5 9 88 247 389 460
1 6 9 88 55 201 311 425
1 11 4 74 184 379 212 65 65 65 65 335 170
1 4 9 88 252 425
1 13 4 65 236 380 64 210 215 345 65 65 65 68 238
1 8 4 65 236 380 64 212 65 65
1 4 9 88 247 387
1 5 1 42 65 236 379
1 8 3 55 212 69 95 260 389 460
1 11 4 65 236 379 212 65 280 111 267 462 489
1 3 9 88 248
1 14 2 210 212 65 65 236 379 212 65 68 345 65 65 65
1 7 21 383 379 215 345 65 65
1 5 9 88 249 390 387
1 11 36 183 65 236 379 215 345 65 68 445 144
1 7 9 88 250 260 311 426 460
1 12 4 236 380 64 215 345 65 65 65 68 84 212
1 3 21 156 356
1 3 19 139 290
1 10 4 64 212 237 383 380 64 212 65 65
1 12 4 64 210 246 386 154 236 379 212 65 65 65
1 13 20 143 74 183 236 379 215 345 65 65 64 212 334
1 13 4 74 183 236 380 64 212 68 345 65 65 68 240
1 7 10 379 212 65 65 65 72
1 7 1 42 237 154 236 379 212
1 10 4 65 236 379 212 68 345 65 65 65
1 5 4 236 379 212 65
1 10 4 65 65 236 379 212 65 65 65 65
1 3 9 88 248
1 5 9 88 54 200 393
1 3 2 210 218
1 4 8 84 246 184
1 7 13 111 130 64 399 462 489
1 3 4 236 380
1 3 4 64 218
1 3 4 64 214
1 7 10 101 121 272 402 403 463
1 9 36 184 380 65 65 65 65 65 72
1 3 38 186 308
1 8 9 88 57 204 313 427 474 255
1 3 3 322 90
1 13 4 63 208 380 65 64 212 65 68 345 64 212 68
1 3 2 212 67
1 6 1 45 88 250 163 426
1 3 4 65 236
1 5 4 63 46 356 441
1 5 2 212 236 380 65
1 7 20 143 69 88 247 389 460
1 5 4 68 345 236 380
1 5 4 64 215 239 380
1 7 9 88 249 133 201 389 460
1 4 9 88 247 387
1 9 2 212 64 210 212 65 236 380 65
1 5 4 65 64 212 236
1 5 19 133 212 236 380
1 5 1 40 218 380 69
1 4 9 88 247 387
1 10 4 65 64 212 65 236 381 239 380 457
1 6 19 136 88 247 389 460
1 3 4 64 321
1 4 2 212 236 380
1 3 2 50 196
1 7 3 57 64 216 347 389 460
1 4 9 88 57 203
1 6 9 88 57 254 389 460
1 8 4 64 209 42 65 68 345 65
1 6 19 133 209 42 65 236
1 8 20 143 64 215 345 65 236 380
1 6 9 88 247 311 426 460
1 4 2 212 65 236
1 6 9 88 55 201 311 425
1 4 4 65 65 236
1 4 4 68 345 236
1 3 4 68 239
1 4 1 40 209 40
1 7 20 141 40 210 50 155 288
1 5 2 212 65 64 221
1 5 22 157 441 477 477
1 4 4 64 223 441
1 4 2 51 477 477
1 6 4 64 222 356 441 157
1 5 2 227 143 284 477
1 4 3 60 113 356
1 4 4 64 212 69
1 3 1 40 210
1 4 20 142 210 212
1 3 1 41 189
1 5 4 64 222 356 441
1 3 9 91 91
1 7 4 64 222 356 441 477 477
1 5 3 58 84 222 356
1 5 9 94 258 64 223
1 5 4 68 345 65 236
1 4 18 129 210 320
1 3 13 110 110
1 4 9 89 64 223
1 5 3 57 64 222 356
1 5 4 64 222 356 441
1 3 20 146 356
1 4 1 39 39 42
