768 492
1 6 1 40 184 55 219 384
1 3 6 79 185
1 4 6 79 187 335
1 5 6 81 79 187 81
1 9 2 187 79 188 336 82 89 88 187
1 7 6 79 183 189 92 221 372
1 4 1 40 189 338
1 3 1 40 49
1 3 1 40 183
1 3 5 76 49
1 6 2 49 219 68 79 185
1 6 1 40 49 40 49 43
1 7 1 40 183 49 39 40 183
1 5 4 65 40 190 96
1 5 4 68 79 247 389
1 4 4 70 110 190
1 3 9 95 40
1 9 9 96 49 39 181 321 40 185 71
1 4 4 65 40 192
1 7 1 44 95 40 49 223 373
1 6 1 40 185 331 423 472
1 4 1 40 185 69
1 5 1 40 185 69 259
1 4 1 40 49 40
1 4 4 65 40 194
1 6 15 125 289 262 388 455
1 3 1 40 196
1 3 2 197 352
1 4 8 92 40 198
1 4 6 79 49 40
1 3 4 68 80
1 5 2 183 187 79 185
1 7 3 56 187 78 40 183 199
1 3 1 40 199
1 5 6 79 187 79 185
1 6 4 68 81 81 79 185
1 5 4 66 183 49 219
1 3 6 79 183
1 6 4 70 110 183 187 249
1 3 1 40 199
1 3 1 40 188
1 4 7 90 110 188
1 5 6 79 49 219 66
1 3 1 46 213
1 3 16 126 40
1 4 6 78 40 199
1 4 1 40 183 325
1 4 21 144 183 185
1 4 1 40 191 344
1 5 2 183 183 185 66
1 4 1 40 191 344
1 6 3 55 40 197 352 429
1 3 3 59 374
1 4 14 121 287 402
1 3 11 110 185
1 5 1 39 40 187 249
1 3 5 76 49
1 3 1 40 196
1 3 5 75 40
1 4 6 78 40 185
1 4 11 209 40 197
1 4 1 40 49 224
1 4 1 40 197 352
1 3 1 40 199
1 7 23 152 49 39 39 40 185
1 4 23 152 49 226
1 5 6 81 79 185 65
1 3 1 40 187
1 3 1 40 183
1 3 2 49 219
1 4 1 40 183 49
1 3 2 185 331
1 3 1 40 185
1 3 2 187 85
1 3 1 40 185
1 4 1 40 183 183
1 3 6 78 40
1 3 6 81 79
1 5 6 79 189 340 427
1 3 2 188 88
1 3 1 40 187
1 3 11 110 185
1 3 6 81 78
1 4 2 51 231 305
1 3 2 52 233
1 3 2 183 52
1 3 6 83 98
1 3 20 142 157
1 4 9 96 49 220
1 3 9 96 49
1 6 9 103 274 180 320 208
1 3 9 98 81
1 3 23 152 196
1 3 2 49 220
1 4 23 151 40 190
1 5 6 79 187 79 183
1 6 1 40 187 79 49 219
1 3 2 183 199
1 7 4 65 40 183 49 219 66
1 3 2 49 228
1 3 2 199 354
1 3 1 40 199
1 4 1 40 49 228
1 3 11 110 186
1 6 1 40 49 39 245 362
1 5 23 152 49 39 219
1 4 3 60 152 185
1 4 21 146 151 219
1 4 1 40 187 249
1 5 1 47 152 49 219
1 4 6 79 183 323
1 6 18 135 294 404 405 460
1 6 6 79 189 92 40 323
1 8 2 187 79 185 69 96 190 343
1 8 1 40 183 190 104 160 381 451
1 11 3 56 49 40 49 40 49 42 87 220 79
1 3 1 40 197
1 7 9 95 40 190 342 381 451
1 7 4 66 185 65 40 185 268
1 3 2 183 199
1 5 1 40 189 337 186
1 4 1 40 187 250
1 4 6 82 87 42
1 5 6 79 185 68 250
1 5 4 268 394 219 268
1 7 4 65 219 66 183 183 203
1 3 3 56 196
1 3 23 155 352
1 4 1 224 374 449
1 5 2 49 224 374 449
1 7 21 145 73 153 66 183 203
1 3 6 249 384
1 6 6 79 185 66 185 68
1 3 1 40 49
1 6 3 55 224 374 449 449
1 9 9 97 265 390 456 486 490 492 271
1 3 1 40 197
1 4 4 74 255 387
1 7 6 79 185 68 79 185 268
1 3 4 65 41
1 4 1 40 185 268
1 3 27 159 202
1 3 4 67 268
1 3 6 79 49
1 6 1 40 187 81 81 79
1 3 7 88 186
1 4 1 40 188 88
1 4 1 39 40 190
1 5 9 96 247 381 451
1 6 31 165 40 49 40 202
1 7 9 97 65 40 247 381 451
1 6 8 92 40 190 96 189
1 7 9 97 65 40 49 40 197
1 8 1 40 190 99 104 160 381 451
1 4 3 55 40 196
1 4 19 141 374 449
1 4 9 101 272 397
1 4 2 184 57 79
1 3 2 183 183
1 3 1 40 199
1 6 9 97 65 245 162 458
1 3 33 172 313
1 3 2 247 382
1 4 3 57 371 448
1 3 33 368 443
1 3 28 162 314
1 4 10 108 278 399
1 4 6 79 183 327
1 5 9 107 367 438 271
1 6 1 245 379 172 313 411
1 3 2 183 327
1 3 33 367 411
1 4 6 83 259 278
1 4 28 161 238 445
1 3 33 172 313
1 5 9 104 275 276 271
1 6 1 40 204 367 411 463
1 4 9 105 276 271
1 11 1 39 39 40 49 40 204 171 309 299 408
1 8 29 163 307 171 309 313 411 406
1 6 1 40 183 201 432 429
1 4 3 62 313 410
1 3 33 173 242
1 4 2 200 359 168
1 8 12 117 174 63 240 377 418 305
1 4 1 40 200 150
1 6 1 40 184 330 421 471
1 4 25 305 449 449
1 7 26 158 306 150 303 418 305
1 3 3 64 242
1 5 33 172 313 411 445
1 8 3 56 49 229 172 313 411 445
1 4 12 116 284 169
1 3 1 40 206
1 7 2 187 79 204 367 439 432
1 4 32 168 310 475
1 3 2 197 352
1 3 2 49 227
1 8 34 174 315 135 294 404 405 460
1 6 21 144 204 367 440 478
1 4 32 168 310 409
1 4 2 52 144 300
1 9 3 61 239 309 313 410 352 428 271
1 9 2 51 114 283 239 309 313 410 352
1 5 9 102 273 398 271
1 3 22 150 303
1 3 21 144 205
1 9 9 103 239 309 313 410 352 428 271
1 5 2 187 79 327 418
1 3 21 149 301
1 4 30 164 310 475
1 4 1 40 199 356
1 7 33 172 313 410 352 431 475
1 3 21 144 201
1 8 3 63 171 311 410 352 431 475
1 4 21 144 327 418
1 6 33 367 410 352 430 474
1 4 2 197 353 432
1 3 1 40 201
1 7 33 172 313 410 352 431 475
1 8 34 174 315 135 294 404 405 460
1 3 1 40 201
1 3 12 114 147
1 7 34 174 315 135 295 405 460
1 3 6 371 447
1 7 33 172 313 410 353 433 409
1 3 33 172 313
1 6 11 111 379 172 314 443
1 4 1 229 368 463
1 4 6 79 205 445
1 3 33 172 313
1 3 9 100 271
1 4 1 40 205 445
1 5 33 172 313 438 271
1 7 11 110 204 172 313 411 445
1 3 9 100 271
1 4 9 100 271 278
1 8 1 40 49 40 204 172 313 411
1 3 2 199 358
1 3 33 172 313
1 3 35 176 318
1 11 2 49 40 183 49 220 371 115 172 313 411
1 7 1 40 204 365 437 411 445
1 4 9 106 457 271
1 7 12 115 172 313 411 461 271
1 3 1 40 199
1 4 2 204 172 313
1 4 9 105 276 271
1 3 33 367 411
1 4 9 105 276 271
1 6 1 40 204 172 313 411
1 5 2 204 367 442 479
1 7 2 53 235 172 313 411 464
1 3 33 172 313
1 3 31 166 308
1 3 1 40 199
1 4 33 367 441 318
1 3 35 176 318
1 6 2 204 367 411 463 169
1 5 1 40 204 368 445
1 5 6 79 204 368 463
1 4 6 79 327 419
1 7 1 40 51 115 365 437 411
1 4 18 138 299 408
1 7 3 57 79 204 172 313 411
1 3 9 100 271
1 5 9 342 391 457 271
1 7 2 183 199 357 313 412 467
1 4 10 109 279 271
1 5 33 172 313 411 465
1 7 36 177 358 463 313 412 468
1 4 1 40 183 205
1 4 33 171 309 313
1 4 2 327 313 411
1 9 2 204 367 411 462 487 309 457 271
1 6 1 40 49 40 205 463
1 3 1 40 205
1 5 1 40 183 199 358
1 3 33 172 313
1 3 9 100 271
1 5 2 247 391 313 411
1 3 9 100 271
1 6 12 112 282 367 411 463
1 9 2 187 79 204 172 313 411 461 271
1 8 6 79 204 367 411 463 457 271
1 9 6 79 204 172 313 411 445 481 271
1 3 6 84 382
1 7 6 79 193 347 313 411 466
1 6 2 193 348 411 445 483
1 3 32 169 169
1 4 21 148 169 169
1 3 32 169 169
1 3 32 169 167
1 3 32 169 169
1 3 32 169 169
1 3 32 169 169
1 3 32 169 169
1 3 32 169 169
1 3 32 169 169
1 3 32 169 169
1 4 32 167 309 169
1 3 32 169 169
1 5 1 40 204 368 445
1 3 1 40 205
1 4 33 170 204 368
1 4 2 52 234 445
1 5 6 79 204 368 445
1 3 32 169 169
1 7 15 123 40 204 368 444 480
1 3 2 204 368
1 7 6 79 204 172 314 461 271
1 5 2 247 382 461 271
1 5 6 79 204 368 461
1 3 6 86 260
1 8 13 118 79 204 368 445 484 286
1 3 6 79 205
1 4 13 119 285 286
1 6 2 49 222 119 285 286
1 3 13 120 286
1 4 33 368 446 286
1 7 18 134 204 364 436 406 408
1 5 29 404 297 406 408
1 6 18 137 297 445 482 408
1 7 18 133 40 204 368 406 408
1 3 2 204 368
1 3 3 58 238
1 3 5 309 169
1 3 2 204 368
1 6 9 107 277 79 204 368
1 4 9 105 276 271
1 4 6 79 204 368
1 3 32 167 309
1 3 3 55 40
1 4 1 40 49 40
1 3 1 40 196
1 4 11 110 196 429
1 7 6 79 183 49 40 185 65
1 3 5 76 49
1 5 2 183 49 40 197
1 5 11 110 49 40 49
1 4 2 187 249 65
1 7 21 144 183 49 40 202 360
1 9 23 152 188 87 261 289 262 388 455
1 5 1 40 49 40 183
1 3 6 79 185
1 12 2 185 68 78 40 326 152 190 104 160 381 451
1 4 1 40 186 333
1 11 1 45 110 326 152 185 69 104 160 381 451
1 7 2 189 339 136 404 405 460
1 3 1 40 197
1 5 2 183 49 40 185
1 3 11 110 185
1 5 1 39 40 203 362
1 3 23 152 185
1 3 1 40 183
1 3 6 79 185
1 3 2 197 351
1 4 1 40 49 219
1 4 2 326 152 185
1 3 4 65 245
1 4 6 81 85 131
1 4 6 79 49 40
1 4 6 79 49 40
1 4 17 131 291 291
1 10 1 40 187 79 187 81 371 322 197 129
1 5 1 40 185 66 183
1 3 8 337 183
1 5 6 79 183 183 49
1 3 1 40 49
1 3 1 41 76
1 3 23 152 49
1 3 6 78 40
1 3 5 75 40
1 3 23 152 49
1 3 23 152 49
1 3 4 65 46
1 3 23 155 352
1 5 1 40 197 352 429
1 3 1 40 49
1 3 4 72 352
1 3 6 85 352
1 3 4 267 392
1 3 17 352 350
1 3 4 68 250
1 4 1 40 183 49
1 9 4 66 183 185 385 453 485 489 291
1 4 4 66 185 68
1 4 4 68 249 68
1 3 1 40 186
1 5 4 65 40 185 331
1 4 4 68 249 385
1 4 4 68 249 385
1 3 7 89 263
1 4 1 40 197 352
1 4 1 40 197 352
1 5 1 40 49 40 196
1 4 1 40 196 350
1 3 1 40 196
1 4 1 40 196 350
1 3 1 40 183
1 4 1 40 49 39
1 6 2 49 40 183 183 186
1 3 2 191 209
1 3 21 144 49
1 4 2 49 39 220
1 3 1 40 187
1 6 1 39 220 79 187 79
1 5 9 97 265 381 451
1 6 1 40 54 174 63 241
1 7 6 82 258 289 403 413 469
1 5 35 175 317 413 469
1 4 18 137 298 407
1 6 15 124 88 262 388 455
1 6 35 175 317 414 470 469
1 5 9 97 265 381 451
1 6 2 54 174 63 240 378
1 5 18 135 295 405 460
1 4 4 65 40 197
1 3 33 172 312
1 5 12 321 40 184 320
1 6 8 94 264 115 240 378
1 4 1 40 193 347
1 3 34 174 316
1 3 34 174 316
1 3 18 135 296
1 4 1 40 183 187
1 7 9 97 68 79 247 381 451
1 7 9 97 65 40 247 381 451
1 7 4 66 190 95 243 381 451
1 5 9 97 68 84 389
1 8 4 66 190 98 251 160 381 451
1 8 6 78 40 189 339 137 405 460
1 7 2 183 198 135 295 405 460
1 7 4 69 252 88 247 381 451
1 6 9 97 66 247 381 451
1 3 4 65 40
1 3 9 97 266
1 6 2 190 97 66 247 389
1 4 9 97 265 389
1 4 9 97 268 395
1 5 1 43 339 426 460
1 4 9 97 265 389
1 6 1 40 190 97 66 248
1 6 4 69 104 160 381 451
1 6 1 44 97 66 247 389
1 5 9 97 265 381 451
1 6 4 66 190 342 381 451
1 7 2 190 97 66 247 381 451
1 8 1 40 190 97 65 40 247 389
1 6 9 97 268 160 381 451
1 3 9 97 269
1 3 28 160 389
1 3 1 40 187
1 5 9 97 66 247 389
1 6 12 113 97 268 160 389
1 7 4 65 40 190 97 268 395
1 7 2 49 40 202 361 434 476
1 10 6 79 49 40 202 361 435 477 488 491
1 4 1 40 193 347
1 5 9 97 68 79 50
1 6 4 69 96 247 381 451
1 4 2 183 183 183
1 7 23 152 187 249 65 40 49
1 3 1 40 199
1 6 23 153 65 40 183 49
1 3 3 56 186
1 4 2 52 232 213
1 6 6 79 49 40 185 384
1 4 1 41 208 350
1 5 23 152 49 225 392
1 7 1 40 49 40 185 65 40
1 4 1 47 152 196
1 7 3 55 40 197 352 429 473
1 11 21 144 49 39 40 185 65 40 49 40 185
1 8 6 79 184 329 420 87 40 49
1 4 2 183 49 46
1 5 1 40 183 326 152
1 7 2 49 40 49 40 183 199
1 4 2 183 191 110
1 6 6 81 79 183 185 65
1 6 2 49 40 185 331 422
1 4 2 49 40 183
1 5 11 110 187 79 186
1 5 2 185 65 220 79
1 7 2 49 40 185 65 40 185
1 3 1 40 199
1 4 4 65 40 184
1 3 7 87 40
1 9 4 65 40 49 40 190 342 381 451
1 8 9 97 65 40 247 391 458 451
1 7 9 97 65 40 247 381 451
1 4 4 71 254 99
1 8 4 65 40 190 95 243 381 451
1 10 24 156 40 207 369 87 181 317 413 469
1 5 11 110 280 400 459
1 13 3 55 40 200 150 302 150 302 150 302 150 302 150
1 4 1 40 49 40
1 7 1 40 198 135 295 405 460
1 7 1 40 190 97 265 381 451
1 3 1 40 186
1 5 4 65 40 193 346
1 4 28 160 381 451
1 5 8 92 40 49 221
1 6 7 87 40 188 87 40
1 6 2 49 39 40 183 183
1 4 1 40 185 68
1 3 1 40 49
1 6 7 88 49 40 49 40
1 5 4 65 40 49 40
1 9 8 93 79 187 79 183 51 321 45
1 6 6 78 40 49 220 79
1 3 1 40 183
1 3 6 79 49
1 4 2 189 337 204
1 3 6 79 256
1 4 2 49 39 40
1 3 19 139 40
1 3 6 79 196
1 3 3 55 40
1 3 6 80 257
1 12 2 187 79 185 66 185 70 253 386 454 279 271
1 3 2 49 220
1 5 21 144 49 47 216
1 3 2 186 76
1 3 1 40 186
1 3 5 76 186
1 11 2 183 191 110 190 97 384 452 450 279 271
1 3 6 79 49
1 3 16 128 129
1 3 1 40 204
1 6 34 174 58 115 240 378
1 5 18 135 295 405 460
1 4 37 178 319 415
1 3 5 77 79
1 4 23 152 197 352
1 4 6 79 197 352
1 4 3 56 191 110
1 4 6 78 40 187
1 4 1 40 197 352
1 4 6 249 65 40
1 5 4 70 110 197 352
1 3 11 110 196
1 3 2 197 352
1 3 19 140 199
1 8 1 47 152 49 40 187 78 220
1 3 2 49 40
1 3 1 40 186
1 3 6 79 188
1 4 3 55 40 185
1 3 1 39 40
1 5 4 65 40 49 40
1 8 4 65 40 190 104 160 381 451
1 13 3 55 40 188 87 40 204 366 152 195 349 388 455
1 14 6 79 185 65 40 185 65 40 49 44 104 160 381 451
1 13 1 40 204 363 40 189 93 79 183 198 137 405 460
1 13 6 79 49 40 49 40 187 79 49 39 40 187 79
1 11 1 40 185 65 40 49 40 187 334 55 40
1 11 6 79 49 40 187 79 187 79 183 49 40
1 8 2 190 97 65 40 247 381 451
1 5 2 190 342 381 451
1 5 2 49 229 277 81
1 9 1 40 187 79 49 40 187 334 424
1 3 1 40 204
1 3 21 143 229
1 4 3 56 49 229
1 3 23 151 229
1 3 1 40 204
1 3 1 40 204
1 8 1 180 55 180 56 183 184 59
1 3 3 56 188
1 3 2 183 202
1 3 23 152 185
1 4 1 40 49 40
1 6 6 79 49 40 183 185
1 3 1 40 183
1 4 2 49 40 185
1 4 2 183 185 68
1 5 1 40 49 47 152
1 4 1 40 183 183
1 7 2 49 40 183 185 268 396
1 3 9 342 389
1 3 1 40 188
1 3 3 56 202
1 3 1 40 197
1 3 1 40 185
1 3 2 185 72
1 5 9 104 160 381 451
1 5 4 68 79 197 352
1 4 1 40 183 185
1 3 1 40 183
1 5 18 136 404 405 460
1 3 1 40 189
1 14 1 40 49 181 321 40 191 209 40 183 183 183 183 183
1 10 3 56 237 375 181 321 40 49 45 110
1 9 6 371 321 39 39 40 49 45 110
1 9 2 51 321 40 49 39 40 183 191
1 7 2 49 39 39 39 39 46
1 4 2 183 183 183
1 5 2 51 321 180 56
1 8 1 181 321 40 49 40 49 40
1 8 12 321 40 183 49 39 40 281
1 6 6 83 104 160 381 451
1 14 23 153 68 249 65 220 79 185 65 44 104 160 381 451
1 12 4 68 249 66 185 383 55 40 185 68 249 67
1 17 1 40 183 49 40 187 79 187 78 40 187 81 81 79 49 220 79
1 14 6 79 188 88 188 87 40 195 124 87 40 262 388 455
1 19 6 79 188 87 220 79 188 87 220 79 188 88 188 87 39 40 188 89 87
1 14 1 40 185 65 40 185 68 79 185 69 104 160 381 451
1 13 1 40 185 65 39 40 185 73 153 65 219 67 67
1 14 1 40 189 93 79 189 337 189 341 152 198 137 405 460
1 6 8 339 134 293 405 460
1 12 23 154 337 189 92 40 189 337 189 92 40 189
1 11 3 57 249 383 56 185 69 104 160 381 451
1 9 6 79 185 65 44 104 160 381 451
1 10 23 152 185 383 56 185 65 220 79 185
1 8 11 110 49 39 40 187 79 49
1 3 1 40 187
1 4 6 249 65 39
1 5 11 110 183 191 345
1 5 2 183 187 78 40
1 3 16 127 199
1 3 21 144 49
1 3 2 49 39
1 6 2 49 40 189 337 189
1 4 2 49 39 220
1 4 7 88 199 355
1 5 1 40 49 40 49
1 3 1 40 187
1 5 4 73 152 197 352
1 9 6 79 49 39 39 39 39 224 129
1 6 8 337 49 40 183 328
1 16 1 40 49 181 322 417 39 39 181 322 417 40 49 40 49 224
1 12 6 81 79 49 39 39 39 182 376 322 183 197
1 4 2 188 336 425
1 15 3 55 181 321 40 49 45 110 49 40 49 219 331 422 40
1 10 1 39 39 181 322 417 39 40 183 185
1 8 1 40 49 40 191 209 40 197
1 3 2 185 332
1 9 23 215 322 417 39 40 49 40 197
1 3 1 219 66
1 11 1 220 371 322 51 321 39 45 209 40 197
1 4 4 65 40 183
1 3 17 132 292
1 10 1 39 39 39 40 237 376 321 416 292
1 5 17 132 292 129 129
1 6 1 39 181 321 39 40
1 15 1 39 181 321 40 51 321 39 40 49 39 39 39 40 49
1 6 1 181 322 183 49 224
1 4 1 39 40 49
1 16 1 47 215 321 39 39 181 321 39 48 217 49 39 45 209 40
1 11 6 78 220 371 321 39 40 49 40 49 181
1 7 1 39 40 49 40 49 181
1 10 1 39 47 214 371 321 40 49 39 224
1 10 12 321 40 49 45 209 40 49 40 49
1 4 1 181 321 40
1 8 1 39 39 47 215 322 191 209
1 4 17 129 129 129
1 9 3 55 181 321 40 183 49 45 209
1 11 1 39 47 215 321 39 40 49 45 209 40
1 9 1 181 321 39 40 49 40 49 39
1 10 1 181 322 417 39 45 209 48 217 49
1 3 2 187 79
1 3 2 50 230
1 3 25 157 305
1 3 25 157 305
1 3 25 157 305
1 3 14 122 305
1 4 9 97 268 395
1 9 1 39 181 322 417 39 39 39 39
1 6 9 97 265 391 458 451
1 13 1 39 39 39 39 181 322 417 39 45 209 39 40
1 6 9 97 66 247 391 457
1 11 1 48 218 322 417 39 39 39 39 229 172
1 4 9 97 270 457
1 4 9 97 265 389
1 8 1 39 181 321 40 49 39 39
1 5 6 78 39 181 322
1 8 4 66 49 44 104 160 381 451
1 11 1 39 181 322 417 39 261 124 288 388 455
1 3 9 97 266
1 14 2 183 49 39 39 181 322 417 39 45 209 39 39 39
1 6 9 97 265 391 458 451
1 6 9 97 265 391 458 451
1 9 2 49 47 151 181 322 417 39 39
1 5 9 97 267 393 389
1 11 38 179 39 181 322 191 209 39 45 210 320
1 7 9 97 268 160 391 458 451
1 3 23 155 352
1 3 21 147 305
1 11 1 181 321 40 49 39 39 39 39 39 180
1 10 1 40 49 47 215 321 40 49 39 39
1 12 1 40 183 281 401 151 181 322 417 39 39 39
1 8 1 39 181 322 417 39 39 180
1 7 12 322 417 39 39 39 180
1 16 7 91 218 322 417 45 110 183 49 45 212 370 56 262 388 455
1 7 6 78 47 151 181 322 417
1 5 1 181 322 417 39
1 8 12 322 417 39 39 39 39 39
1 6 9 97 65 243 381 451
1 4 2 49 181 321
1 5 9 97 68 251 395
1 4 11 110 281 218
1 7 15 124 87 40 262 388 455
1 3 1 181 321
1 3 1 40 51
1 3 1 40 186
1 11 1 39 39 39 39 181 322 417 39 39 180
1 4 22 150 302 150
1 14 1 39 39 181 321 39 40 49 39 45 209 39 40 49
1 8 9 97 65 246 380 450 279 271
1 3 4 69 100
1 13 1 220 371 321 39 40 49 39 45 209 40 49 45
1 9 1 40 183 183 183 191 209 181 321
1 3 1 42 88
1 6 6 83 97 268 162 458
1 3 1 39 181
1 7 3 55 44 97 265 381 451
1 5 1 45 209 181 321
1 5 1 40 191 211 321
1 3 2 197 352
1 7 9 97 267 144 247 381 451
1 4 9 97 265 389
1 9 2 49 40 183 49 39 181 321 39
1 5 1 39 40 49 181
1 5 6 83 97 265 389
1 5 6 79 51 321 44
1 4 9 97 265 389
1 3 1 40 327
1 4 2 49 181 321
1 4 1 45 211 112
1 7 4 65 40 190 342 381 451
1 4 7 87 181 113
1 4 9 97 65 244
1 6 9 97 65 243 381 451
1 8 1 40 187 78 39 45 209 39
1 6 21 144 187 78 39 181
1 8 3 55 40 191 209 39 181 321
1 6 9 97 265 391 458 451
1 4 2 49 39 181
1 6 9 97 66 247 391 457
1 4 1 39 39 181
1 3 2 49 181
1 4 1 45 209 181
1 3 1 45 211
1 4 6 79 187 79
1 7 3 57 79 183 326 154 304
1 5 2 49 39 40 195
1 5 20 473 429 449 449
1 4 1 40 196 429
1 6 1 40 197 352 429 473
1 5 2 184 55 236 449
1 4 4 72 129 352
1 4 1 40 49 44
1 3 1 40 186
1 3 17 130 290
1 4 2 49 40 187
1 4 3 56 183 49
1 5 1 40 49 40 183
1 5 1 40 197 352 429
1 3 9 99 99
1 7 1 40 197 352 429 449 449
1 5 4 70 110 197 352
1 5 1 45 209 39 181
1 4 7 88 183 324
1 5 8 92 40 49 40
1 5 4 65 40 197 352
1 5 1 40 197 352 429
1 3 3 59 352
