789 492
1 6 1 42 54 62 232 274
1 5 6 91 89 206 91
1 9 2 206 89 207 101 92 102 100 206
1 6 1 42 203 204 74 232
1 7 6 89 203 270 105 235 376
1 3 1 42 53
1 3 1 42 203
1 3 5 85 53
1 6 1 42 53 42 53 44
1 5 4 74 42 208 111
1 4 4 78 121 208
1 3 9 110 42
1 4 9 114 294 404
1 9 6 89 53 42 53 42 55 228 375
1 4 4 74 42 209
1 6 1 42 204 342 430 475
1 4 1 42 204 341
1 5 1 42 204 341 277
1 6 12 134 306 283 391 454
1 3 2 212 354
1 4 8 105 42 214
1 5 4 78 121 53 237
1 4 6 89 53 42
1 3 1 42 215
1 3 4 340 222
1 5 2 203 206 89 204
1 10 10 121 207 347 431 63 54 243 377 448
1 3 19 163 205
1 3 2 336 121
1 7 3 63 206 88 42 203 215
1 3 1 42 215
1 5 2 54 63 203 204
1 5 6 89 206 89 204
1 5 4 75 203 53 232
1 3 6 89 203
1 6 4 78 121 203 206 90
1 3 1 42 215
1 3 1 42 207
1 4 7 103 121 207
1 3 1 49 230
1 3 14 140 42
1 3 14 141 53
1 4 6 88 42 215
1 4 1 42 203 58
1 4 18 154 203 204
1 4 1 42 336 422
1 4 2 53 42 204
1 3 1 42 203
1 6 3 62 42 212 354 432
1 3 3 68 136
1 3 10 121 204
1 3 3 66 253
1 5 1 41 42 206 90
1 3 5 85 53
1 4 1 42 216 361
1 3 1 42 213
1 4 6 88 42 204
1 4 10 421 42 212
1 4 1 42 213 432
1 4 1 42 53 236
1 4 1 42 212 354
1 3 1 42 215
1 7 19 163 53 41 41 42 204
1 4 19 163 53 239
1 5 6 91 89 204 74
1 3 1 42 206
1 3 1 42 203
1 3 2 53 232
1 4 1 42 203 53
1 4 6 88 42 204
1 3 1 42 204
1 3 2 206 95
1 3 1 42 204
1 3 1 42 204
1 3 1 43 222
1 5 6 89 270 387 453
1 3 2 207 100
1 5 6 90 74 45 114
1 3 1 42 206
1 3 10 121 204
1 3 6 89 203
1 3 6 91 88
1 3 18 153 42
1 4 2 55 245 319
1 3 2 56 158
1 3 2 203 56
1 3 18 158 158
1 3 6 93 113
1 3 20 169 170
1 3 18 158 158
1 5 1 42 204 340 91
1 3 1 42 53
1 4 9 111 53 43
1 5 9 113 89 53 43
1 3 9 111 53
1 3 9 115 150
1 6 9 116 295 202 65 86
1 3 9 113 91
1 5 9 114 111 206 346
1 3 6 91 88
1 3 2 53 43
1 6 1 42 206 89 53 232
1 8 1 42 53 42 53 42 53 42
1 3 2 203 215
1 7 4 74 42 203 53 232 75
1 5 4 74 42 53 232
1 4 1 42 53 236
1 3 1 42 215
1 3 10 121 205
1 5 19 163 53 41 232
1 4 3 69 163 204
1 5 1 42 53 41 236
1 4 18 159 162 232
1 4 1 42 203 204
1 4 1 42 206 90
1 5 1 50 163 53 232
1 4 6 89 203 335
1 6 15 144 311 173 409 461
1 6 6 89 270 105 42 335
1 8 2 206 89 204 341 111 208 348
1 8 1 42 203 208 428 474 399 455
1 3 4 74 42
1 11 3 63 53 42 53 42 53 234 99 43 89
1 7 9 110 42 208 349 399 455
1 5 4 77 102 99 42
1 7 4 75 204 74 42 204 289
1 3 2 203 206
1 3 2 203 215
1 4 6 92 99 234
1 3 2 204 75
1 5 4 289 394 232 289
1 7 4 74 232 75 203 203 59
1 3 3 63 213
1 3 19 167 354
1 5 2 53 236 136 168
1 7 18 155 82 164 75 203 59
1 3 1 236 354
1 3 13 136 168
1 3 6 90 274
1 6 6 89 204 75 204 340
1 3 1 42 53
1 6 3 62 236 136 168 168
1 5 1 51 179 217 178
1 10 1 42 204 340 89 53 232 289 395 253
1 9 9 112 290 401 456 487 490 492 296
1 3 1 42 212
1 4 4 83 269 386
1 7 6 89 204 340 89 204 289
1 3 4 74 233
1 4 1 42 204 289
1 3 28 179 217
1 3 6 89 53
1 6 1 42 206 91 91 89
1 3 7 100 205
1 4 1 42 207 100
1 3 1 42 57
1 5 9 428 474 399 455
1 4 1 41 42 208
1 6 30 181 42 53 42 217
1 7 9 112 74 42 263 399 455
1 6 8 105 42 208 111 270
1 4 1 42 206 89
1 8 1 42 208 114 428 474 399 455
1 4 3 62 42 213
1 4 17 152 136 168
1 4 2 54 66 89
1 3 2 203 203
1 3 1 42 215
1 7 3 67 129 185 326 416 329
1 6 9 112 74 259 398 457
1 5 31 368 416 468 190
1 3 31 185 326
1 4 6 89 203 338
1 5 9 119 368 415 296
1 6 1 259 383 185 326 416
1 3 9 117 296
1 5 27 402 326 415 296
1 3 2 203 338
1 4 6 93 277 390
1 4 26 176 254 444
1 3 31 185 326
1 6 1 42 218 368 416 468
1 4 9 118 297 296
1 10 1 42 53 42 53 42 218 185 326 416
1 3 31 185 326
1 11 1 41 41 42 53 42 218 364 87 314 411
1 9 2 203 218 364 438 416 468 314 411
1 9 3 64 62 42 54 63 338 424 319
1 6 1 42 203 216 436 432
1 4 3 72 326 414
1 4 2 220 371 188
1 3 1 48 432
1 8 11 131 192 71 256 481 424 319
1 4 1 42 220 370
1 6 1 42 54 244 378 449
1 6 31 186 327 326 414 464
1 4 21 319 168 168
1 7 23 172 320 370 446 424 319
1 5 1 42 203 216 319
1 5 31 185 326 414 463
1 3 3 73 258
1 6 3 69 163 53 42 215
1 5 31 185 326 416 444
1 4 11 130 304 189
1 4 32 188 328 478
1 3 2 212 354
1 7 31 185 326 414 354 435 478
1 6 18 154 218 368 440 480
1 4 32 188 328 419
1 4 2 56 154 317
1 9 3 70 255 87 326 414 354 434 296
1 7 9 112 75 263 402 457 455
1 9 2 55 128 303 255 87 326 414 354
1 5 9 120 298 405 296
1 3 18 154 219
1 9 9 116 255 87 326 414 354 434 296
1 3 18 161 318
1 4 25 175 328 478
1 4 1 42 215 358
1 7 31 185 326 414 354 435 478
1 3 18 154 216
1 8 3 71 364 438 414 354 435 478
1 4 18 154 338 424
1 6 31 368 414 354 433 477
1 4 2 212 355 436
1 3 1 42 216
1 7 31 185 326 414 354 435 478
1 8 34 192 330 144 311 173 409 461
1 6 31 185 326 318 435 478
1 11 2 203 53 240 185 326 414 355 436 435 478
1 3 11 128 302
1 7 31 185 326 414 354 435 478
1 3 6 94 278
1 4 10 121 219 444
1 3 31 185 326
1 6 10 122 383 185 190 329
1 4 1 240 369 468
1 4 6 89 219 444
1 3 31 185 326
1 3 9 117 296
1 4 1 42 219 444
1 5 31 185 326 415 296
1 7 10 121 218 185 326 416 444
1 3 9 117 296
1 9 1 42 59 383 364 87 190 466 296
1 6 2 218 368 416 465 87
1 7 1 42 218 364 87 326 417
1 4 9 117 296 390
1 8 1 42 53 42 218 185 326 416
1 3 24 174 322
1 3 2 215 360
1 3 31 185 326
1 6 35 194 196 322 413 462
1 4 31 185 326 416
1 3 36 196 322
1 3 35 195 333
1 7 1 42 218 366 439 416 444
1 7 11 129 185 326 416 466 296
1 3 1 42 215
1 4 2 218 185 326
1 4 9 118 297 296
1 3 31 368 416
1 4 9 118 297 296
1 5 2 218 368 442 482
1 3 32 191 325
1 7 2 60 249 185 326 416 469
1 3 31 185 326
1 3 30 182 325
1 3 1 42 215
1 4 31 368 441 333
1 5 11 129 185 326 416
1 3 35 195 333
1 6 2 218 368 416 468 189
1 5 1 42 218 369 444
1 4 2 203 53 241
1 4 31 185 326 416
1 7 2 218 366 359 326 416 444
1 5 6 89 218 369 468
1 4 2 206 89 338
1 4 31 368 440 481
1 5 6 89 218 368 440
1 4 6 89 338 425
1 4 15 146 314 411
1 7 3 66 89 218 185 326 416
1 3 9 117 296
1 5 9 349 402 458 296
1 4 32 190 466 296
1 7 2 203 215 359 326 418 471
1 4 27 177 323 296
1 7 37 197 360 468 326 418 472
1 4 1 42 203 219
1 4 2 338 326 416
1 9 2 218 368 416 467 488 87 458 296
1 6 1 42 53 42 219 468
1 3 1 42 219
1 5 1 42 203 215 360
1 3 31 185 326
1 3 9 117 296
1 5 2 263 402 326 416
1 3 9 117 296
1 6 11 123 301 368 416 468
1 9 2 206 89 218 185 326 416 466 296
1 8 6 89 218 368 416 468 458 296
1 9 6 89 218 185 326 416 444 483 296
1 3 6 96 279
1 7 6 89 210 351 326 416 470
1 7 11 126 351 326 416 444 484
1 4 18 160 189 189
1 3 32 189 189
1 3 32 189 187
1 3 32 189 189
1 3 5 87 189
1 3 32 189 189
1 3 32 189 189
1 3 32 189 189
1 3 32 189 189
1 3 32 189 189
1 4 32 187 87 189
1 3 32 189 189
1 3 32 189 189
1 5 1 42 218 369 444
1 3 1 42 219
1 4 31 183 218 369
1 3 32 189 189
1 7 12 132 42 218 369 443 408
1 3 31 184 369
1 3 2 218 369
1 4 12 135 307 408
1 7 6 89 218 185 190 466 296
1 5 6 89 218 369 466
1 3 6 97 280
1 8 16 147 89 218 369 444 485 316
1 4 16 148 315 316
1 6 2 53 237 148 315 316
1 6 6 89 218 366 360 444
1 3 16 149 316
1 4 31 369 445 316
1 5 24 173 321 412 411
1 7 15 143 42 218 369 412 411
1 3 3 67 254
1 6 3 62 42 219 466 296
1 3 5 87 189
1 3 2 218 369
1 7 2 218 365 89 218 369 444
1 6 9 119 365 89 218 369
1 4 9 118 297 296
1 4 6 89 218 369
1 3 9 117 296
1 3 32 187 87
1 3 18 160 189
1 3 3 62 42
1 4 1 42 53 42
1 4 10 121 213 432
1 3 5 85 53
1 6 3 62 42 53 234 99
1 5 2 203 53 42 212
1 3 14 141 212
1 7 18 154 203 53 42 217 178
1 3 1 42 217
1 9 19 163 207 99 282 306 283 391 454
1 5 1 42 53 42 203
1 3 6 89 204
1 12 2 204 340 88 42 57 163 208 428 474 399 455
1 4 1 42 205 344
1 11 1 46 121 57 163 204 341 428 474 399 455
1 3 1 42 212
1 5 2 203 53 42 204
1 3 19 163 204
1 3 1 42 203
1 3 6 89 204
1 3 2 212 353
1 4 2 57 163 204
1 3 4 74 259
1 4 6 88 42 207
1 3 6 95 138
1 4 6 89 53 42
1 3 20 168 168
1 4 6 89 53 42
1 4 13 138 309 309
1 10 1 42 206 89 206 91 94 228 212 266
1 7 2 204 74 42 206 88 42
1 3 8 106 203
1 7 7 101 89 55 123 89 53
1 5 6 89 203 203 53
1 3 1 42 53
1 3 1 233 85
1 3 5 84 42
1 3 19 163 53
1 3 19 163 53
1 4 6 88 42 205
1 3 4 74 49
1 3 19 167 354
1 5 1 42 212 354 432
1 4 7 99 234 285
1 3 4 79 354
1 3 6 95 354
1 3 4 81 268
1 3 13 354 356
1 3 4 340 253
1 4 1 42 203 53
1 9 4 75 203 204 275 389 404 459 309
1 4 4 75 204 340
1 3 1 42 205
1 5 4 74 42 204 342
1 3 4 76 275
1 4 4 340 90 275
1 4 4 340 90 275
1 3 7 102 285
1 5 6 91 91 91 301
1 4 1 42 212 354
1 4 1 42 212 354
1 4 1 42 212 354
1 5 4 74 42 212 354
1 5 1 42 53 42 213
1 4 1 42 213 356
1 3 1 42 213
1 4 1 42 213 356
1 3 1 42 203
1 4 1 42 53 41
1 3 1 42 206
1 3 18 153 42
1 4 1 42 203 53
1 6 2 53 42 203 203 205
1 3 2 336 421
1 3 18 154 53
1 4 2 53 41 43
1 3 1 42 206
1 5 6 89 53 42 206
1 5 1 42 53 42 53
1 3 2 53 42
1 7 4 74 42 203 204 74 42
1 3 29 180 324
1 3 3 65 86
1 6 1 42 61 192 71 257
1 7 6 92 276 306 407 420 473
1 9 11 124 101 284 392 63 283 391 454
1 5 35 193 332 420 473
1 4 15 145 313 410
1 6 12 133 100 283 391 454
1 5 9 112 290 399 455
1 6 2 61 192 71 256 382
1 5 15 144 312 409 461
1 7 9 112 289 474 489 491 455
1 4 4 74 42 212
1 5 11 227 42 54 65
1 6 8 109 288 129 256 382
1 3 34 192 331
1 3 34 192 331
1 4 1 42 203 206
1 7 9 112 340 89 263 399 455
1 7 9 112 74 42 263 399 455
1 6 9 112 293 403 263 400
1 8 4 75 208 113 426 474 399 455
1 9 1 42 53 42 208 112 290 399 455
1 7 15 144 107 89 393 409 461
1 8 6 88 42 270 108 145 409 461
1 7 1 42 214 144 312 409 461
1 7 4 341 427 100 263 399 455
1 7 1 45 428 474 489 491 455
1 6 9 112 75 263 399 455
1 3 4 74 42
1 3 9 112 291
1 6 2 208 112 75 263 400
1 4 9 112 290 400
1 4 9 112 289 397
1 5 1 44 108 287 461
1 4 9 112 290 400
1 6 1 42 208 112 75 264
1 5 9 112 340 89 271
1 6 4 341 428 474 399 455
1 4 9 112 290 400
1 6 1 45 112 75 263 400
1 5 9 112 290 399 455
1 7 2 208 112 75 263 399 455
1 8 1 42 208 112 74 42 263 400
1 3 26 474 400
1 3 1 42 206
1 5 9 112 75 263 400
1 6 11 125 112 289 474 400
1 7 2 53 42 217 362 437 479
1 8 28 178 42 60 250 379 450 486
1 10 6 89 53 42 217 362 250 379 450 486
1 4 1 42 210 351
1 5 9 112 340 89 271
1 6 9 112 75 263 399 455
1 7 2 59 248 112 290 399 455
1 4 2 203 203 203
1 7 19 163 206 90 74 42 53
1 3 1 42 215
1 3 3 63 205
1 4 1 42 53 42
1 4 2 56 246 230
1 6 6 89 53 42 204 274
1 4 1 42 213 356
1 10 2 203 53 42 53 42 206 89 53 42
1 4 2 53 42 212
1 6 1 42 53 42 213 356
1 5 19 163 53 238 268
1 7 1 42 53 42 204 74 42
1 4 1 50 163 213
1 7 3 62 42 212 354 432 476
1 11 18 154 53 41 42 204 74 42 53 42 204
1 5 1 42 203 57 163
1 7 2 53 42 53 42 203 215
1 4 2 203 336 121
1 6 6 91 89 203 204 74
1 6 2 53 42 204 342 429
1 4 2 53 42 203
1 5 10 121 206 89 205
1 5 2 204 74 43 89
1 8 1 42 204 74 42 53 42 204
1 7 2 53 42 204 74 42 204
1 3 1 42 53
1 3 1 42 215
1 4 4 74 42 54
1 3 7 99 42
1 9 4 74 42 53 42 208 349 399 455
1 4 4 80 267 114
1 8 4 74 42 208 110 260 399 455
1 4 4 74 42 203
1 10 22 171 42 221 372 99 47 332 420 473
1 5 10 121 299 406 460
1 13 3 62 42 220 370 447 370 447 370 447 370 447 370
1 4 1 42 53 42
1 7 1 42 214 144 312 409 461
1 7 1 42 208 112 290 399 455
1 3 1 42 205
1 3 1 42 206
1 5 4 74 42 210 350
1 6 1 42 53 232 75 53
1 4 26 474 399 455
1 5 8 105 42 53 235
1 6 7 99 42 207 99 42
1 6 2 53 41 42 203 203
1 4 1 42 204 340
1 3 1 42 53
1 6 7 100 53 42 53 42
1 4 4 74 42 53
1 5 4 74 42 53 42
1 9 8 107 89 206 89 203 55 227 46
1 4 1 42 212 266
1 6 6 89 55 228 203 53
1 6 6 88 42 53 43 89
1 3 1 42 203
1 3 6 89 53
1 4 2 270 106 218
1 3 6 89 272
1 3 17 150 42
1 3 6 89 213
1 3 3 62 42
1 3 2 53 233
1 12 2 206 89 204 75 204 78 265 385 452 323 296
1 5 9 428 474 399 455
1 5 6 89 203 53 42
1 5 18 154 53 50 231
1 3 2 205 85
1 3 1 42 56
1 3 1 42 205
1 3 5 85 205
1 11 2 203 336 121 208 112 274 388 451 323 296
1 3 14 142 266
1 3 1 42 218
1 6 34 192 67 129 256 382
1 5 15 144 312 409 461
1 5 1 42 336 121 203
1 3 5 86 356
1 4 19 163 212 354
1 4 6 89 212 354
1 4 3 63 336 121
1 4 6 88 42 206
1 4 1 42 212 354
1 4 6 90 74 42
1 5 4 78 121 212 354
1 3 18 157 356
1 3 10 121 213
1 3 2 212 354
1 3 17 151 215
1 8 1 50 163 53 42 206 88 43
1 3 2 53 42
1 4 1 41 42 204
1 3 1 42 205
1 3 6 89 207
1 4 3 62 42 204
1 3 1 41 42
1 5 4 74 42 53 42
1 4 28 179 53 42
1 13 3 62 42 207 99 42 218 367 163 211 352 391 454
1 4 1 43 89 218
1 14 6 89 204 74 42 204 74 42 53 45 428 474 399 455
1 4 1 42 203 218
1 13 1 42 218 363 42 270 107 89 203 214 145 409 461
1 13 6 89 53 42 53 42 206 89 53 41 42 206 89
1 11 1 42 204 74 42 53 42 206 345 62 42
1 11 6 89 53 42 206 89 206 89 203 53 42
1 8 2 208 112 74 42 263 399 455
1 5 2 208 349 399 455
1 5 2 53 240 365 91
1 3 1 42 218
1 3 18 153 240
1 4 3 63 53 240
1 3 2 53 42
1 3 19 162 240
1 3 1 42 218
1 3 1 42 218
1 8 1 202 62 202 63 203 54 68
1 3 1 42 213
1 3 3 63 207
1 3 2 203 217
1 3 1 42 203
1 4 2 53 42 204
1 3 17 151 212
1 4 2 203 204 340
1 4 18 154 206 91
1 5 19 163 203 204 75
1 4 1 42 203 203
1 7 2 53 42 203 204 289 396
1 3 1 42 207
1 3 3 63 217
1 5 9 428 474 399 455
1 5 4 340 89 212 354
1 7 2 204 341 428 474 399 455
1 7 2 204 341 428 474 399 455
1 4 1 42 203 204
1 3 1 42 203
1 10 3 63 252 380 47 227 42 53 46 121
1 9 6 94 227 41 41 42 53 46 121
1 9 2 55 227 42 53 41 42 203 336
1 4 2 203 203 203
1 5 2 55 227 202 63
1 8 1 47 227 42 53 42 53 42
1 6 6 93 428 474 399 455
1 3 1 42 203
1 14 19 164 340 90 74 43 89 204 74 45 428 474 399 455
1 12 4 340 90 75 204 273 62 42 204 340 90 76
1 17 1 42 203 53 42 206 89 206 88 42 206 91 91 89 53 43 89
1 14 6 89 207 100 207 99 42 211 133 99 42 283 391 454
1 19 6 89 207 99 43 89 207 99 43 89 207 100 207 99 41 42 207 102 99
1 14 1 42 204 74 42 204 340 89 204 341 428 474 399 455
1 13 1 42 204 74 41 42 204 82 164 74 232 76 76
1 6 8 108 286 393 409 461
1 12 19 165 106 270 105 42 270 106 270 105 42 270
1 11 3 66 90 273 63 204 341 428 474 399 455
1 9 6 89 204 74 45 428 474 399 455
1 11 1 42 203 53 42 53 42 53 43 89 203
1 3 1 42 206
1 4 6 90 74 41
1 5 10 121 203 336 423
1 5 2 203 206 88 42
1 3 14 141 215
1 3 18 154 53
1 3 2 53 41
1 4 2 53 41 43
1 4 7 100 215 357
1 3 1 42 206
1 5 4 82 163 212 354
1 16 2 203 203 53 42 53 242 381 227 42 300 403 336 121 53 236
1 6 8 106 53 42 203 339
1 10 1 41 41 47 228 375 41 42 203 204
1 3 2 204 343
1 9 19 166 228 375 41 42 53 42 212
1 3 1 232 75
1 11 1 43 94 228 55 227 41 46 421 42 212
1 4 4 74 42 203
1 10 11 227 42 53 41 47 228 203 53 42
1 5 1 41 47 228 375
1 3 13 139 310
1 10 1 41 41 41 42 252 381 227 374 310
1 4 1 42 53 42
1 15 1 41 47 227 42 55 227 41 42 53 41 41 41 42 53
1 6 1 47 228 203 53 236
1 16 1 50 166 227 41 41 47 227 41 52 403 53 41 46 421 42
1 8 1 41 47 227 42 53 42 212
1 7 1 41 42 53 42 53 47
1 4 1 47 227 42
1 9 3 62 47 227 42 203 53 46 421
1 11 1 41 50 166 227 41 42 53 46 421 42
1 9 1 47 227 41 42 53 42 53 41
1 3 1 42 53
1 3 2 206 89
1 3 1 42 271
1 3 21 170 319
1 3 21 170 319
1 3 21 170 319
1 3 39 200 319
1 4 9 112 289 397
1 9 1 41 47 228 375 41 41 41 41
1 6 9 112 290 402 457 455
1 9 1 47 228 375 42 53 41 41 41
1 5 9 112 290 399 455
1 13 1 41 41 41 41 47 228 375 41 46 421 41 42
1 6 9 112 75 263 402 458
1 4 9 112 292 458
1 13 1 41 47 227 42 203 336 421 41 41 41 46 223
1 4 9 112 290 400
1 4 9 112 290 400
1 5 6 88 41 47 228
1 11 1 41 47 228 375 41 282 133 305 391 454
1 3 9 112 291
1 14 2 203 53 41 41 47 228 375 41 46 421 41 41 41
1 6 9 112 290 402 457 455
1 7 19 166 228 336 421 41 41
1 6 9 112 290 402 457 455
1 9 2 53 50 162 47 228 375 41 41
1 11 38 198 41 47 228 336 421 41 46 377 65
1 7 9 112 289 474 402 457 455
1 12 1 47 227 42 336 421 41 41 41 46 121 53
1 3 19 167 354
1 11 1 47 227 42 53 41 41 41 41 41 202
1 8 1 41 47 228 375 41 41 202
1 13 3 62 52 198 47 228 336 421 41 41 42 53 51
1 13 1 52 198 47 227 42 53 46 421 41 41 46 226
1 16 7 104 199 228 375 46 121 203 53 46 225 392 63 283 391 454
1 7 6 88 50 162 47 228 375
1 10 1 41 47 228 375 46 421 41 41 41
1 5 1 47 228 375 41
1 8 11 228 375 41 41 41 41 41
1 10 1 41 41 47 228 375 41 41 41 41
1 3 9 112 291
1 6 9 112 74 260 399 455
1 4 2 53 47 227
1 5 9 112 340 426 397
1 3 2 203 55
1 4 10 121 300 199
1 3 1 47 227
1 3 1 42 55
1 3 1 42 205
1 7 11 127 144 311 173 409 461
1 11 1 41 41 41 41 47 228 375 41 41 202
1 9 38 199 227 41 41 41 41 41 202
1 4 33 370 447 370
1 14 1 41 41 47 227 41 42 53 41 46 421 41 42 53
1 3 40 201 334
1 8 9 112 74 262 384 451 323 296
1 3 4 341 117
1 13 1 43 94 227 41 42 53 41 46 421 42 53 46
1 9 1 42 203 203 203 336 421 47 227
1 3 1 234 100
1 3 2 53 233
1 6 6 93 112 289 398 457
1 5 1 43 95 354 432
1 5 2 53 47 227 41
1 7 3 62 45 112 290 399 455
1 3 2 212 354
1 7 9 112 81 154 263 399 455
1 5 18 154 53 47 227
1 5 6 93 112 290 400
1 5 6 89 55 227 45
1 4 9 112 290 400
1 10 1 41 42 53 41 47 229 224 227 373
1 6 18 156 112 290 399 455
1 3 1 42 338
1 3 2 57 247
1 4 1 46 224 123
1 7 4 74 42 208 349 399 455
1 4 7 99 47 125
1 4 9 112 74 261
1 6 9 112 74 260 399 455
1 8 1 42 206 88 41 46 421 41
1 6 18 154 206 88 41 47
1 6 9 112 290 402 457 455
1 4 2 53 41 47
1 4 1 41 41 47
1 3 2 53 47
1 4 1 46 421 47
1 4 6 89 206 89
1 5 2 53 41 42 211
1 4 2 58 168 168
1 5 2 54 62 251 168
1 4 4 79 266 354
1 4 1 42 53 45
1 3 1 42 205
1 3 13 137 308
1 4 2 53 42 206
1 3 6 89 203
1 4 3 63 203 53
1 5 1 42 53 42 203
1 3 6 98 281
1 5 1 42 212 354 432
1 7 1 42 212 354 432 168 168
1 5 9 116 295 42 213
1 5 1 46 421 41 47
1 4 7 100 203 337
1 3 12 134 134
1 5 8 105 42 53 42
1 4 9 110 42 213
1 5 4 74 42 212 354
1 5 1 42 212 354 432
1 3 3 68 354
1 4 6 91 91 88
