751 91
1 6 1 2 3 49 4 3
1 3 2 4 5
1 4 6 5 4 5
1 5 5 5 4 5 5
1 9 5 4 7 7 5 7 4 5 4
1 6 2 3 2 4 4 3
1 7 1 8 3 9 4 4 5
1 4 8 9 4 3
1 3 4 4 3
1 3 3 4 1
1 6 2 4 5 2 3 4
1 7 4 4 3 3 4 4 3
1 5 10 74 85 5 2
1 3 4 3 90
1 4 11 11 90 90
1 9 12 2 4 3 46 3 3 4 90
1 4 11 4 3 2
1 6 13 90 47 2 4 3
1 4 90 2 4 3
1 5 14 90 2 4 3
1 4 4 3 4 3
1 6 15 56 78 4 51 51
1 3 16 17 4
1 3 16 4 3
1 4 52 4 3 9
1 5 12 3 4 48 2
1 3 18 4 3
1 3 1 5 2
1 5 2 4 5 4 4
1 10 7 49 48 49 4 49 19 7 4 48
1 3 4 48 4
1 7 18 4 4 3 5 4 49
1 3 18 4 3
1 5 2 4 5 4 5
1 6 2 4 5 5 5 2
1 5 2 3 4 4 2
1 6 2 5 4 4 48 2
1 3 18 4 3
1 4 7 4 48 7
1 5 4 2 3 4 5
1 3 16 18 3
1 3 3 4 16
1 4 18 4 3 5
1 4 20 4 4 3
1 4 2 4 4 19
1 4 2 48 4 3
1 5 4 2 4 4 4
1 4 2 4 3 4
1 3 4 4 3
1 6 20 16 17 4 3 49
1 4 21 60 58 60
1 3 2 4 48
1 3 18 5 49
1 5 2 5 4 3 3
1 3 3 4 1
1 3 16 4 3
1 3 4 3 1
1 4 2 4 3 5
1 4 17 4 3 48
1 4 20 16 4 3
1 4 17 3 4 3
1 4 16 17 4 3
1 3 18 4 3
1 7 2 4 3 3 3 4 50
1 4 22 3 4 50
1 5 3 2 4 5 5
1 3 5 4 3
1 4 3 4 4 3
1 3 47 2 4
1 3 17 5 4
1 3 2 4 3
1 3 2 4 3
1 4 4 4 4 3
1 3 4 3 5
1 3 4 5 5
1 3 1 5 3
1 5 90 90 3 2 5
1 3 5 4 3
1 3 4 4 5
1 3 3 5 5
1 3 4 3 19
1 4 20 59 46 4
1 3 19 19 4
1 3 19 4 4
1 3 19 19 19
1 3 5 90 5
1 3 59 59 20
1 3 19 19 19
1 5 5 5 2 4 3
1 3 3 4 3
1 4 5 3 4 90
1 5 5 3 4 5 90
1 3 3 4 90
1 3 3 18 90
1 6 16 1 49 3 45 90
1 3 5 5 90
1 5 19 5 4 90 90
1 3 16 4 50
1 3 5 3 4
1 4 90 4 3 50
1 5 4 4 5 4 5
1 6 2 3 4 5 4 3
1 8 4 3 4 3 4 3 4 3
1 3 18 4 4
1 7 4 2 3 4 4 3 2
1 5 2 3 4 3 2
1 4 17 3 4 3
1 3 7 18 4
1 3 1 4 48
1 6 2 86 3 3 4 3
1 5 2 3 3 4 50
1 4 2 4 50 49
1 4 2 5 4 3
1 4 8 4 4 5
1 6 23 61 79 88 9 52
1 8 17 90 4 90 2 4 5 4
1 3 4 3 2
1 11 4 5 3 7 3 4 3 4 3 4 49
1 3 17 4 3
1 7 10 53 74 90 4 3 90
1 5 4 3 7 7 2
1 7 86 2 4 3 2 4 2
1 3 5 4 4
1 3 18 4 4
1 5 1 4 9 4 3
1 4 18 5 4 3
1 4 7 3 7 5
1 5 18 5 2 4 5
1 3 4 2 4
1 7 86 4 4 4 2 3 2
1 3 16 4 49
1 4 20 20 17 3
1 5 20 20 17 3 4
1 7 86 4 4 2 50 2 19
1 3 16 17 3
1 3 1 2 5
1 6 5 2 4 2 4 5
1 3 3 4 3
1 6 20 20 20 17 3 49
1 5 3 24 4 24 3
1 10 18 5 86 2 3 4 5 2 4 3
1 9 14 55 75 76 53 77 74 84 90
1 4 86 49 45 2
1 3 1 3 2
1 4 86 2 4 3
1 3 3 4 5
1 3 1 4 7
1 4 4 7 4 3
1 3 50 4 3
1 5 10 53 74 86 90
1 4 90 4 3 3
1 5 10 53 74 85 90
1 6 24 4 3 4 3 82
1 7 10 53 74 85 3 2 90
1 6 9 4 90 4 3 9
1 4 4 5 4 3
1 7 17 4 3 4 3 2 90
1 8 10 53 74 86 90 90 4 3
1 4 20 20 17 18
1 4 11 17 11 90
1 3 4 4 4
1 3 18 4 3
1 6 53 25 86 3 2 90
1 3 26 74 85
1 3 14 26 27
1 3 26 25 86
1 4 10 10 14 74
1 4 25 4 4 5
1 5 14 55 62 27 90
1 6 26 62 80 27 86 3
1 3 14 55 90
1 3 25 4 4
1 3 26 62 27
1 4 10 14 90 5
1 4 28 26 46 86
1 3 62 80 27
1 5 14 55 77 86 90
1 6 25 26 62 27 4 3
1 4 14 55 77 90
1 10 26 62 80 27 4 3 4 3 4 3
1 3 62 80 27
1 11 29 23 25 1 27 4 3 4 3 3 3
1 9 29 23 25 26 62 1 27 4 4
1 9 20 59 25 4 49 4 3 49 49
1 6 20 16 59 4 4 3
1 4 17 62 80 49
1 4 17 25 58 4
1 3 20 16 3
1 4 17 58 4 3
1 6 20 30 59 49 4 3
1 6 31 17 62 80 63 27
1 4 20 20 20 59
1 7 20 59 25 17 58 59 45
1 5 20 59 4 4 3
1 5 30 17 62 80 27
1 3 31 63 49
1 6 18 4 3 4 50 49
1 8 28 26 62 80 27 3 4 49
1 4 25 25 62 46
1 3 28 4 3
1 3 16 17 4
1 3 59 3 4
1 8 23 61 79 88 9 52 49 73
1 6 16 65 62 27 4 19
1 4 29 64 17 25
1 7 10 53 25 74 85 84 90
1 9 16 17 62 80 1 45 19 46 4
1 5 14 55 59 58 90
1 3 25 17 58
1 3 26 4 19
1 9 14 55 16 17 62 80 1 45 90
1 5 59 25 4 5 4
1 3 16 62 19
1 4 31 64 17 79
1 4 59 18 4 3
1 7 31 64 16 17 62 80 27
1 3 59 4 19
1 8 31 64 16 17 62 1 27 49
1 4 59 25 4 19
1 4 16 59 17 4
1 7 31 64 16 17 62 80 27
1 8 23 61 79 88 9 52 49 73
1 3 59 4 3
1 6 31 64 16 62 80 27
1 11 31 64 16 59 17 62 80 27 3 4 4
1 3 59 19 46
1 7 31 64 16 17 62 80 27
1 7 23 61 79 9 52 49 73
1 3 16 46 5
1 7 29 64 59 17 62 80 27
1 3 62 80 27
1 6 14 26 25 27 86 48
1 4 25 26 27 3
1 4 28 26 4 5
1 3 62 80 27
1 3 14 55 90
1 4 28 26 4 3
1 5 14 55 62 80 27
1 7 28 26 62 80 27 4 48
1 3 14 55 90
1 9 14 55 26 25 1 27 86 4 3
1 6 25 1 26 62 27 4
1 7 28 62 80 1 27 4 3
1 4 10 14 55 90
1 8 26 62 80 27 4 3 4 3
1 3 32 81 88
1 6 15 33 32 81 89 66
1 4 26 62 80 27
1 3 34 35 66
1 11 26 62 80 27 46 5 3 4 4 3 4
1 7 28 26 62 18 27 4 3
1 4 14 55 25 90
1 7 14 55 26 62 80 27 46
1 3 18 4 3
1 4 62 80 27 4
1 4 14 55 77 90
1 4 14 55 77 90
1 6 26 62 80 27 4 3
1 7 36 26 62 80 27 82 4
1 3 62 80 27
1 4 34 35 62 27
1 5 26 62 80 27 46
1 3 34 35 66
1 5 28 26 27 4 3
1 4 28 3 4 4
1 4 26 62 80 27
1 7 28 26 62 80 18 27 4
1 5 25 26 27 4 5
1 4 25 65 62 27
1 5 65 62 27 4 5
1 4 65 25 4 5
1 7 26 62 18 27 46 4 3
1 4 29 23 25 52
1 5 14 55 25 74 90
1 4 14 55 26 25
1 7 13 54 62 80 18 4 4
1 5 37 26 62 80 27
1 4 26 4 4 3
1 4 62 80 1 27
1 4 26 62 80 4
1 9 14 55 25 1 77 26 62 27 4
1 6 25 26 4 3 4 3
1 5 26 18 4 4 3
1 3 14 55 90
1 3 14 55 90
1 6 25 26 62 27 5 46
1 8 14 55 25 26 62 27 4 5
1 9 14 55 28 26 62 80 27 4 5
1 7 38 26 62 80 47 4 5
1 7 38 28 26 62 80 47 46
1 6 38 28 26 62 47 4
1 3 25 25 25
1 4 25 25 25 19
1 3 25 25 25
1 3 1 25 25
1 3 25 25 25
1 3 25 25 1
1 3 25 25 25
1 3 25 25 25
1 3 25 25 25
1 3 25 25 25
1 3 25 25 25
1 3 25 25 25
1 3 25 25 25
1 3 25 25 25
1 3 25 25 25
1 5 28 26 27 4 3
1 3 26 4 3
1 5 28 26 27 4 5
1 3 25 25 25
1 7 33 15 26 27 4 3 51
1 3 26 27 27
1 3 26 27 4
1 4 33 15 57 51
1 5 14 55 26 74 85
1 3 14 28 5
1 8 39 67 28 26 27 4 5 12
1 3 26 4 5
1 6 28 26 18 27 4 5
1 4 39 67 26 27
1 7 29 23 26 8 27 4 52
1 5 29 23 26 79 88
1 6 29 23 28 26 79 52
1 7 29 23 26 27 4 3 52
1 3 26 27 4
1 3 26 46 49
1 6 14 55 26 4 3 49
1 3 26 27 4
1 7 28 26 27 4 5 27 4
1 3 14 55 90
1 3 4 3 49
1 4 4 3 4 3
1 3 16 4 3
1 4 20 16 4 48
1 7 3 2 4 3 4 4 5
1 3 3 4 1
1 6 3 7 3 4 3 49
1 5 17 4 3 4 4
1 3 17 4 16
1 5 3 4 3 4 48
1 4 3 2 5 4
1 3 24 4 3
1 9 15 56 78 4 51 3 7 4 50
1 5 4 4 3 4 3
1 3 2 4 5
1 12 10 53 74 86 90 4 50 4 3 5 2 4
1 4 17 1 4 3
1 7 23 61 79 88 52 9 4
1 3 17 4 3
1 5 2 4 3 4 4
1 5 2 86 4 3 3
1 3 2 4 50
1 3 4 4 3
1 3 5 17 4
1 3 86 3 2
1 4 7 4 3 5
1 3 40 17 5
1 4 4 3 4 5
1 4 40 40 40 17
1 10 17 17 4 46 5 5 4 5 4 3
1 7 4 3 5 4 3 2 4
1 3 4 4 9
1 7 3 4 5 46 4 5 7
1 5 3 4 4 4 5
1 3 4 1 3
1 3 3 4 50
1 3 4 3 1
1 3 3 4 50
1 3 3 4 50
1 3 18 3 2
1 3 16 17 50
1 5 20 16 17 4 3
1 3 3 4 3
1 3 16 17 2
1 3 1 19 2
1 4 3 4 4 3
1 4 5 2 4 2
1 4 5 2 5 2
1 3 1 4 3
1 3 27 2 2
1 4 27 2 5 2
1 4 27 2 5 2
1 3 27 7 7
1 5 27 5 5 5 5
1 4 16 17 4 3
1 4 16 17 4 3
1 5 16 17 4 3 2
1 4 16 16 4 3
1 4 16 16 4 3
1 4 3 3 4 3
1 3 5 4 3
1 3 4 3 19
1 4 3 4 4 3
1 6 1 4 4 4 3 4
1 3 3 48 4
1 3 3 4 19
1 4 5 3 3 4
1 3 5 4 3
1 6 4 5 4 5 3 3
1 5 5 4 3 4 5
1 3 4 3 4
1 3 23 23 77
1 7 35 65 81 4 51 7 5
1 9 15 56 78 4 49 51 5 7 46
1 5 35 65 81 46 66
1 4 23 32 79 52
1 6 15 56 78 4 7 51
1 6 35 65 32 81 46 66
1 5 10 53 74 84 90
1 5 23 61 79 9 52
1 4 17 4 3 2
1 5 1 49 4 3 46
1 6 64 65 27 46 73 9
1 4 25 47 4 3
1 3 64 49 73
1 3 64 49 73
1 3 23 9 52
1 4 5 4 4 3
1 7 10 53 74 3 90 4 2
1 6 10 74 85 71 2 90
1 5 10 74 5 2 90
1 8 10 53 74 86 5 90 4 2
1 7 23 61 79 4 5 9 52
1 8 23 61 79 52 9 4 3 5
1 7 23 61 79 9 52 4 3
1 7 10 53 74 85 7 90 2
1 7 10 53 17 74 86 90 3
1 3 4 3 2
1 3 10 2 90
1 6 10 74 85 84 90 4
1 4 10 74 84 90
1 4 10 86 2 90
1 5 23 61 52 9 3
1 5 10 4 5 2 90
1 6 10 53 74 86 90 2
1 4 10 74 84 90
1 6 10 74 85 84 90 3
1 5 10 53 74 84 90
1 6 10 53 74 90 4 2
1 7 10 53 74 85 84 90 4
1 8 10 74 85 3 2 90 4 3
1 6 10 53 74 86 2 90
1 3 53 2 90
1 3 10 74 86
1 3 5 4 3
1 5 10 74 85 84 90
1 6 10 74 86 2 90 46
1 7 10 86 2 90 4 3 2
1 7 41 68 82 24 4 3 4
1 10 41 69 68 83 82 24 4 3 4 5
1 4 25 47 4 3
1 5 10 4 5 2 90
1 6 10 53 74 85 90 2
1 6 10 53 74 85 84 90
1 4 4 4 4 4
1 7 3 4 3 2 5 4 50
1 3 18 4 3
1 3 1 4 49
1 4 4 3 4 3
1 4 16 18 19 4
1 6 1 2 4 3 4 5
1 4 16 16 4 3
1 10 4 3 4 5 4 3 4 3 4 4
1 4 16 16 1 3
1 4 17 4 3 4
1 5 1 19 3 4 50
1 7 16 20 16 17 4 3 49
1 11 2 4 3 4 3 2 4 3 3 4 19
1 4 18 3 4 4
1 5 4 50 4 4 3
1 4 4 48 4 4
1 6 3 2 4 4 5 5
1 6 3 47 2 4 3 4
1 4 4 4 3 4
1 5 1 4 5 4 48
1 5 4 5 3 2 4
1 7 2 4 3 2 4 3 4
1 3 3 4 3
1 3 18 4 3
1 4 49 4 3 2
1 3 4 3 7
1 4 90 90 12 2
1 8 10 53 74 3 90 4 3 2
1 4 4 4 3 2
1 10 35 65 81 46 3 7 66 4 3 22
1 5 73 66 22 4 48
1 4 4 3 4 3
1 7 23 61 79 9 52 4 3
1 7 10 53 74 84 90 4 3
1 3 5 4 3
1 5 76 47 4 3 2
1 6 3 4 2 3 4 3
1 5 8 3 4 3 9
1 4 5 2 4 3
1 3 3 4 3
1 4 3 4 3 2
1 9 48 3 46 4 4 5 4 5 9
1 6 3 4 4 46 4 5
1 6 4 5 3 4 3 5
1 3 6 4 5
1 4 4 3 3 4
1 3 4 3 18
1 3 16 4 5
1 3 4 3 49
1 3 1 1 5
1 3 1 3 4
1 12 14 55 76 11 87 48 2 4 2 4 5 4
1 5 10 53 74 86 90
1 5 4 3 4 4 5
1 3 5 3 4
1 5 19 50 3 4 19
1 3 4 1 4
1 3 19 4 3
1 3 1 4 3
1 3 1 4 1
1 11 14 55 76 87 1 2 90 4 48 4 4
1 3 3 4 5
1 3 17 17 16
1 3 4 5 1
1 5 4 4 48 4 3
1 3 16 16 1
1 4 16 17 4 50
1 4 16 17 4 5
1 4 4 48 4 49
1 4 5 4 3 5
1 4 16 17 4 3
1 4 4 3 2 5
1 5 16 17 4 48 2
1 3 16 16 19
1 3 16 17 4
1 3 18 4 18
1 8 5 3 5 4 3 4 50 3
1 3 4 3 4
1 4 2 4 3 3
1 3 1 4 3
1 3 7 4 5
1 4 2 4 3 49
1 3 4 3 3
1 5 4 3 4 3 2
1 8 10 53 74 86 90 4 3 2
1 4 4 3 4 24
1 14 10 53 74 86 90 3 4 3 2 4 3 2 4 5
1 13 4 5 4 3 3 4 5 4 3 4 3 4 5
1 11 4 3 49 5 4 3 4 3 2 4 3
1 11 4 3 4 4 5 4 5 4 3 4 5
1 5 10 53 74 90 4
1 5 5 5 27 3 4
1 9 48 49 5 4 3 4 5 4 3
1 3 27 4 3
1 3 27 3 19
1 4 27 3 4 49
1 3 4 3 4
1 3 27 3 50
1 3 27 4 3
1 3 27 4 3
1 8 17 49 4 4 49 3 49 3
1 3 16 4 3
1 3 24 4 4
1 3 2 4 50
1 4 4 3 4 3
1 6 2 4 4 3 4 5
1 3 4 4 3
1 3 17 4 18
1 4 5 2 4 4
1 5 4 50 3 4 3
1 7 53 86 2 4 4 3 4
1 3 10 74 90
1 3 24 4 49
1 3 17 4 3
1 3 2 4 3
1 3 17 2 4
1 5 10 53 74 86 90
1 5 16 17 4 5 2
1 7 10 53 74 86 90 2 4
1 3 4 4 3
1 3 9 4 3
1 14 4 4 4 4 4 4 3 48 4 3 46 3 4 3
1 9 48 4 4 3 3 4 3 46 4
1 7 18 3 3 3 3 3 4
1 5 4 49 3 46 4
1 8 4 3 4 3 4 3 46 3
1 6 10 53 74 86 90 5
1 3 4 4 3
1 14 10 53 74 86 90 3 2 4 5 3 2 5 2 50
1 12 2 2 5 2 4 3 49 2 4 2 5 2
1 17 4 5 3 4 5 5 5 4 3 5 4 5 4 3 4 4 3
1 14 15 56 78 4 3 7 51 4 3 7 4 7 4 5
1 14 10 53 74 86 90 2 4 5 2 4 3 2 4 3
1 13 2 2 2 3 2 50 2 4 3 3 2 4 3
1 14 23 61 79 52 4 50 9 4 9 4 5 9 4 3
1 6 23 61 79 4 52 9
1 12 9 4 3 9 4 9 4 3 9 4 9 50
1 11 10 53 74 86 90 2 4 49 2 5 49
1 9 10 53 74 86 90 3 2 4 5
1 10 2 4 5 3 2 4 49 2 4 50
1 11 4 4 5 3 4 3 4 3 4 4 3
1 8 3 4 5 4 3 3 4 48
1 3 5 4 3
1 4 3 3 2 5
1 5 7 48 4 4 48
1 5 4 3 5 4 4
1 3 18 4 16
1 3 3 4 19
1 6 9 4 9 4 3 4
1 4 18 18 4 7
1 5 3 4 3 4 3
1 3 5 4 3
1 5 16 17 4 50 2
1 9 17 17 3 3 3 3 3 4 5
1 6 42 4 4 3 4 9
1 16 17 3 4 3 4 3 4 46 3 3 3 4 46 3 4 3
1 12 17 4 4 46 72 3 3 3 3 4 5 5
1 4 42 5 7 4
1 15 4 3 47 2 3 4 3 4 48 3 4 3 46 3 49
1 8 17 4 3 48 4 3 4 3
1 3 42 2 4
1 9 17 4 3 4 3 3 4 46 50
1 11 17 4 3 48 3 3 46 4 46 5 3
1 4 4 4 3 2
1 10 4 3 4 4 46 3 3 4 3 46
1 3 17 42 17
1 10 17 42 3 46 72 4 3 3 3 3
1 5 17 17 17 42 17
1 6 4 3 3 46 3 3
1 15 3 4 3 3 3 3 4 3 3 46 4 3 46 3 3
1 4 3 4 3 3
1 16 4 3 48 3 3 4 71 3 3 46 3 3 3 46 50 3
1 11 46 3 4 3 4 3 3 46 5 3 5
1 8 17 4 3 4 3 46 3 3
1 7 46 3 4 3 4 3 3
1 10 17 3 3 4 3 46 5 50 3 3
1 10 3 4 3 4 3 48 3 4 3 46
1 4 4 3 46 3
1 8 3 48 4 46 50 3 3 3
1 9 3 48 3 4 4 3 46 3 49
1 9 3 3 4 3 4 3 3 46 3
1 3 3 4 3
1 3 4 5 4
1 3 90 10 4
1 3 10 4 3
1 3 20 59 59
1 3 20 59 59
1 3 20 59 59
1 3 20 59 59
1 3 20 59 60
1 4 10 86 2 90
1 9 3 3 3 3 3 4 46 3 3
1 6 10 53 25 74 84 90
1 9 3 3 3 3 4 3 4 46 3
1 5 10 53 74 84 90
1 13 4 3 3 48 3 3 4 46 3 3 3 3 3
1 6 10 25 74 85 84 90
1 4 10 25 2 90
1 4 10 74 84 90
1 8 3 3 3 4 3 46 3 3
1 4 10 74 84 90
1 5 4 46 3 3 5
1 11 15 56 78 7 51 3 3 4 46 3 3
1 14 3 3 3 3 48 3 3 4 46 3 3 3 4 4
1 6 10 53 25 74 84 90
1 7 3 3 3 48 4 46 50
1 5 10 74 19 2 90
1 11 1 49 48 3 3 48 4 46 3 3 71
1 7 10 53 25 74 86 2 90
1 12 3 4 48 3 3 3 3 48 4 3 46 3
1 3 16 17 50
1 3 20 59 19
1 11 49 3 3 3 3 3 3 4 3 46 3
1 10 3 3 3 4 3 46 50 3 4 3
1 12 3 3 3 3 4 46 3 50 71 4 4 3
1 7 49 3 3 3 3 4 46
1 7 3 4 46 3 50 3 5
1 5 3 3 4 46 3
1 8 3 3 3 3 3 3 4 46
1 10 3 3 3 3 3 4 46 3 3 3
1 3 10 2 90
1 6 10 53 74 3 2 90
1 4 3 46 3 4
1 5 10 86 5 2 90
1 4 46 71 4 48
1 7 15 56 78 4 3 7 51
1 3 3 46 3
1 3 46 4 3
1 7 23 61 79 88 9 52 46
1 11 49 3 3 3 4 46 3 3 3 3 3
1 9 49 3 3 3 3 3 3 46 71
1 4 17 58 17 58
1 14 3 4 3 3 48 3 3 4 3 3 46 3 3 3
1 3 43 43 70
1 8 14 55 76 87 91 3 2 90
1 3 10 90 2
1 13 48 3 4 3 48 3 3 4 3 3 46 5 3
1 9 3 46 3 48 4 4 4 4 3
1 3 4 7 3
1 3 1 3 4
1 6 53 25 86 2 90 5
1 3 46 3 3
1 5 20 16 17 5 3
1 5 3 46 3 48 3
1 5 3 46 48 4 3
1 3 16 17 4
1 4 10 74 84 90
1 9 3 3 46 3 3 4 4 3 4
1 5 3 46 3 4 19
1 5 10 74 84 90 5
1 5 90 3 46 4 5
1 4 10 74 84 90
1 10 52 3 46 48 46 3 3 4 3 3
1 6 10 53 74 84 90 19
1 3 25 4 3
1 4 3 46 3 4
1 3 25 50 4
1 4 5 46 48 3
1 7 10 53 74 90 4 3 2
1 4 90 46 3 7
1 4 10 3 2 90
1 8 3 3 48 3 3 5 4 3
1 6 46 3 3 5 4 19
1 8 3 46 3 3 48 4 3 49
1 6 10 53 25 74 84 90
1 4 46 3 3 4
1 6 10 25 74 85 84 90
1 4 46 3 3 3
1 3 46 3 4
1 4 46 3 48 3
1 4 4 5 4 5
1 7 44 9 50 4 4 5 49
1 5 51 4 3 3 4
1 5 20 20 20 16 20
1 4 20 16 4 3
1 6 16 20 16 17 4 3
1 5 20 20 3 49 4
1 4 16 17 17 2
1 3 3 29 17
1 4 5 4 3 4
1 3 4 4 5
1 4 3 4 4 49
1 5 4 4 3 4 3
1 3 5 6 5
1 5 20 16 17 4 3
1 3 90 90 90
1 7 20 20 20 16 17 4 3
1 5 16 17 4 48 2
1 4 15 4 4 7
1 3 51 51 51
1 5 4 3 4 3 9
1 4 16 4 3 90
1 5 16 17 4 3 2
1 5 20 16 17 4 3
1 3 16 17 49
1 4 3 5 5 5
