782 92
1 6 1 2 3 48 4 3
1 4 5 49 4 49
1 6 2 3 2 4 4 3
1 4 6 84 4 3
1 3 3 4 3
1 3 4 4 3
1 3 3 4 1
1 6 2 4 49 2 3 4
1 6 84 3 4 3 4 3
1 7 4 4 3 3 4 4 3
1 5 4 89 4 3 2
1 5 7 71 4 49 2
1 4 89 4 46 2
1 9 8 2 4 3 47 3 3 4 89
1 9 3 4 47 4 3 4 3 4 49
1 7 9 9 3 4 3 89 3
1 6 10 89 11 2 4 3
1 4 89 2 4 3
1 5 12 89 2 4 3
1 4 4 3 4 3
1 4 13 4 3 2
1 6 14 56 74 4 60 60
1 3 15 16 4
1 3 15 4 3
1 3 15 16 4
1 4 91 4 3 84
1 5 8 3 4 46 2
1 4 4 3 4 49
1 3 17 4 3
1 3 1 49 2
1 5 2 4 49 4 4
1 10 18 48 46 48 4 48 50 18 4 46
1 3 1 4 51
1 7 17 4 4 3 49 4 48
1 5 2 4 4 48 4
1 5 2 4 49 4 49
1 6 2 4 49 49 49 2
1 5 2 3 4 4 2
1 3 4 4 49
1 6 2 49 4 4 46 2
1 3 17 4 3
1 3 18 4 3
1 4 18 4 46 18
1 5 4 2 3 4 49
1 3 4 3 15
1 3 3 4 15
1 4 2 4 4 50
1 4 2 46 4 3
1 5 4 2 4 4 4
1 4 2 46 4 3
1 3 4 4 3
1 6 19 15 16 4 3 48
1 3 19 16 48
1 4 20 9 58 9
1 5 2 49 4 3 3
1 3 3 4 1
1 4 16 61 4 3
1 3 15 4 3
1 3 4 3 1
1 4 2 4 3 49
1 4 16 4 3 46
1 3 17 4 3
1 7 2 4 3 3 3 4 51
1 5 3 2 4 49 49
1 3 4 4 3
1 3 2 3 4
1 4 3 4 4 3
1 4 2 4 3 49
1 3 11 2 4
1 3 2 4 3
1 3 16 49 4
1 3 2 4 3
1 3 2 4 3
1 4 4 4 4 3
1 3 4 49 49
1 3 1 49 3
1 5 91 50 84 4 49
1 3 4 18 4
1 5 89 89 3 2 49
1 3 49 4 3
1 3 2 4 46
1 3 4 3 50
1 4 19 61 47 4
1 3 50 50 4
1 3 50 4 4
1 3 50 50 50
1 3 49 89 49
1 3 61 61 19
1 5 49 49 2 4 3
1 4 49 3 4 89
1 5 49 3 4 49 89
1 3 3 4 89
1 5 50 49 4 89 89
1 3 3 49 49
1 3 15 4 51
1 3 49 3 4
1 4 89 4 3 51
1 5 4 4 49 4 49
1 6 2 3 4 49 4 3
1 8 4 3 4 3 4 3 4 3
1 3 17 4 4
1 7 4 2 3 4 4 3 2
1 3 21 3 4
1 3 18 17 4
1 3 17 4 3
1 4 21 3 4 3
1 3 1 4 46
1 6 2 82 3 3 4 3
1 4 2 4 51 48
1 5 16 3 3 4 3
1 4 2 3 51 50
1 4 2 4 4 3
1 4 2 49 4 3
1 5 2 3 4 51 3
1 6 22 62 75 85 84 91
1 6 6 4 3 84 4 49
1 8 16 89 4 89 2 4 49 4
1 8 7 53 71 82 89 4 4 3
1 3 4 3 2
1 3 16 4 3
1 5 4 3 18 18 2
1 3 49 4 4
1 3 17 4 4
1 5 1 4 84 4 3
1 4 17 49 4 3
1 5 17 49 2 4 49
1 5 82 2 3 82 2
1 7 82 4 4 4 2 3 2
1 3 15 4 48
1 3 15 16 51
1 4 19 19 16 3
1 7 82 4 4 2 51 2 50
1 3 15 16 3
1 3 19 19 16
1 3 1 2 49
1 3 3 4 3
1 5 3 21 4 21 3
1 3 16 4 3
1 4 82 48 45 2
1 7 82 2 4 49 2 4 49
1 3 1 3 2
1 4 82 2 4 3
1 3 21 4 21
1 3 82 2 2
1 3 3 4 49
1 6 4 49 49 49 4 3
1 4 89 4 3 3
1 5 7 53 71 4 89
1 6 21 4 3 4 3 92
1 6 84 4 89 4 3 84
1 4 4 49 4 3
1 7 16 4 3 4 3 2 89
1 8 7 53 71 82 89 89 4 3
1 4 15 4 3 48
1 4 19 19 16 17
1 4 23 16 23 89
1 4 4 49 48 4
1 3 4 4 4
1 3 17 4 3
1 7 12 24 63 76 26 47 48
1 6 53 76 82 3 2 89
1 5 24 25 24 63 26
1 3 63 76 26
1 4 25 47 49 48
1 3 12 24 26
1 3 24 25 82
1 4 25 4 4 49
1 5 12 55 63 76 71
1 3 25 4 4
1 4 7 12 89 49
1 4 27 24 47 82
1 3 63 76 26
1 5 12 55 72 82 89
1 4 12 55 72 89
1 10 24 63 76 26 4 3 4 3 4 3
1 11 28 22 25 1 26 4 3 4 3 3 3
1 8 22 24 63 76 1 26 85 85
1 4 16 63 76 48
1 3 29 64 26
1 8 19 61 25 30 26 48 70 47
1 4 16 58 4 3
1 6 19 31 61 48 4 3
1 6 29 16 63 76 64 26
1 4 19 19 19 61
1 7 19 61 25 16 58 61 45
1 5 19 61 4 4 3
1 5 31 16 63 76 26
1 3 29 64 48
1 6 17 4 3 4 51 48
1 5 27 24 63 76 26
1 8 27 24 63 76 26 3 4 48
1 4 25 25 63 47
1 3 27 4 3
1 7 15 61 63 26 4 49 4
1 4 29 32 16 25
1 3 15 16 4
1 3 61 3 4
1 7 29 32 15 16 63 76 26
1 6 15 30 63 26 4 50
1 4 28 32 16 25
1 4 30 4 50 4
1 9 12 55 15 16 63 76 1 45 48
1 9 15 16 63 76 1 45 50 47 4
1 5 12 55 61 58 89
1 3 25 16 58
1 3 24 4 50
1 9 12 55 15 16 63 76 1 45 89
1 3 15 63 50
1 4 61 17 4 3
1 8 29 32 15 16 63 1 26 48
1 4 61 25 4 50
1 6 29 22 15 16 63 26
1 4 15 61 16 4
1 3 61 4 3
1 7 29 32 15 16 63 76 26
1 8 22 62 75 85 84 91 48 70
1 3 61 4 3
1 11 29 32 15 61 16 63 76 26 3 4 4
1 3 61 50 47
1 7 22 62 75 84 91 48 70
1 3 15 47 49
1 7 28 32 61 16 63 76 26
1 4 27 24 4 46
1 3 63 76 26
1 6 12 24 25 26 82 46
1 4 25 24 26 3
1 4 27 24 4 49
1 3 12 55 89
1 4 27 24 4 3
1 5 12 55 63 76 26
1 7 27 24 63 76 26 4 46
1 3 12 55 89
1 7 27 63 76 1 26 4 3
1 8 24 63 76 26 4 3 4 3
1 3 33 65 85
1 3 24 17 4
1 3 63 76 26
1 6 14 34 33 65 77 80
1 3 33 65 77
1 11 24 63 76 26 47 49 3 4 4 3 4
1 7 27 24 63 17 26 4 3
1 4 12 55 25 89
1 7 12 55 24 63 76 26 47
1 3 17 4 3
1 4 12 55 72 89
1 3 24 63 26
1 4 12 55 72 89
1 6 24 63 76 26 4 3
1 5 27 66 63 26 4
1 3 35 36 25
1 7 35 24 63 76 26 92 4
1 3 35 36 92
1 3 17 4 3
1 4 37 38 63 26
1 5 24 63 76 26 47
1 6 25 25 24 63 26 4
1 5 27 24 26 4 3
1 4 27 3 4 4
1 4 24 63 76 26
1 7 27 24 63 76 17 26 4
1 5 25 24 26 4 49
1 4 25 4 49 4
1 4 25 30 63 26
1 5 30 63 26 4 49
1 4 30 25 4 49
1 7 24 63 76 26 4 49 48
1 3 12 55 89
1 5 12 55 25 71 89
1 4 12 55 24 25
1 7 10 54 63 76 17 4 4
1 4 12 55 73 71
1 5 39 24 63 76 26
1 7 39 54 63 76 24 17 90
1 4 24 4 4 3
1 4 24 63 76 4
1 9 12 55 25 1 72 24 63 26 4
1 6 25 24 4 3 4 3
1 3 24 4 3
1 3 63 76 26
1 3 12 55 89
1 5 24 63 76 71 4
1 3 12 55 89
1 9 12 55 24 63 76 26 4 49 4
1 8 12 55 25 24 63 26 4 49
1 9 12 55 27 24 63 76 26 4 49
1 3 24 71 49
1 7 40 27 24 63 76 11 47
1 6 40 27 24 63 11 4
1 3 25 25 25
1 4 25 25 25 50
1 3 25 25 25
1 3 1 25 25
1 3 25 25 25
1 3 25 25 25
1 3 25 25 25
1 3 25 25 25
1 3 25 25 25
1 3 25 25 25
1 4 25 25 1 25
1 3 25 25 25
1 5 27 24 26 4 3
1 3 24 4 3
1 4 24 26 4 26
1 4 27 24 50 4
1 5 27 24 26 4 49
1 3 25 25 25
1 7 34 14 24 26 4 3 60
1 3 24 26 26
1 3 24 26 4
1 4 34 14 57 60
1 7 12 55 24 25 26 4 49
1 5 12 55 24 71 4
1 5 7 24 26 4 49
1 3 12 27 49
1 8 41 67 27 24 26 4 49 8
1 3 24 4 49
1 4 41 67 26 8
1 6 41 67 26 8 3 4
1 6 27 24 17 26 4 49
1 3 41 67 8
1 7 28 22 24 6 26 4 91
1 5 28 22 24 75 85
1 6 28 22 27 24 75 91
1 3 24 26 4
1 3 24 47 48
1 3 25 25 1
1 3 24 26 4
1 6 24 26 4 49 26 89
1 4 12 55 72 89
1 4 24 26 4 49
1 3 12 55 89
1 3 25 1 25
1 3 25 25 50
1 3 4 3 48
1 4 4 3 4 3
1 3 15 4 3
1 7 3 2 4 3 4 4 49
1 6 3 18 3 4 3 48
1 5 16 4 3 4 4
1 3 16 4 15
1 4 3 2 49 4
1 7 3 21 4 3 4 4 50
1 3 21 4 3
1 5 4 4 3 4 3
1 3 2 4 49
1 12 7 53 71 82 89 4 51 4 3 49 2 4
1 4 16 1 4 3
1 11 7 53 71 82 89 2 4 51 4 46 3
1 7 22 62 75 85 91 84 4
1 3 16 4 3
1 3 2 4 46
1 5 2 82 4 3 3
1 3 2 4 49
1 4 2 3 4 3
1 4 2 4 51 4
1 4 18 4 3 49
1 4 42 16 49 49
1 3 42 16 49
1 4 4 3 4 49
1 3 19 19 19
1 4 4 3 4 49
1 4 42 42 42 16
1 10 16 16 4 47 49 49 4 49 4 3
1 5 4 4 2 4 3
1 7 4 3 49 4 3 2 4
1 7 3 4 49 47 4 49 18
1 5 3 4 4 4 49
1 3 3 4 3
1 3 4 1 3
1 3 3 4 51
1 3 4 3 49
1 3 4 3 1
1 3 3 4 51
1 4 1 4 3 49
1 3 17 3 2
1 3 15 16 51
1 5 19 15 16 4 3
1 4 26 18 3 18
1 3 3 4 3
1 3 15 16 2
1 3 15 16 49
1 3 15 15 16
1 3 17 49 2
1 9 42 42 23 23 26 2 4 4 2
1 4 49 2 49 2
1 3 1 4 3
1 5 11 2 4 3 2
1 3 26 2 2
1 4 26 2 49 2
1 4 26 2 49 2
1 3 26 18 18
1 4 15 16 4 3
1 4 15 16 4 3
1 4 15 16 4 3
1 5 15 16 4 3 2
1 5 15 4 3 4 3
1 4 15 15 4 3
1 3 15 4 3
1 4 15 15 4 3
1 3 4 4 3
1 3 49 4 3
1 3 4 3 50
1 4 3 4 4 3
1 6 1 4 4 4 3 4
1 3 3 46 4
1 3 3 4 50
1 4 49 3 3 4
1 3 49 4 3
1 6 4 49 4 49 3 3
1 5 49 4 3 4 49
1 5 3 4 3 4 3
1 3 4 3 4
1 7 4 3 2 4 4 3 2
1 3 22 22 72
1 5 7 53 71 81 89
1 3 15 1 48
1 6 32 26 48 70 4 3
1 7 38 30 65 4 60 18 49
1 9 14 56 74 4 48 60 49 18 47
1 5 38 30 65 47 80
1 4 22 33 75 91
1 6 14 56 74 4 18 60
1 6 38 30 33 65 47 80
1 6 32 30 26 48 70 4
1 5 22 62 75 84 91
1 7 7 53 16 71 82 2 89
1 3 15 25 26
1 5 1 48 4 3 47
1 6 32 30 26 47 70 84
1 4 25 11 4 3
1 3 32 48 70
1 3 32 48 70
1 3 22 84 91
1 4 49 4 4 3
1 7 7 53 71 4 49 2 89
1 7 7 53 71 4 3 2 89
1 7 7 53 71 3 89 4 2
1 5 7 71 49 2 89
1 8 7 53 71 82 49 89 4 2
1 9 7 53 71 81 89 4 3 4 3
1 7 22 62 75 4 49 84 91
1 8 22 62 75 91 84 4 3 49
1 7 22 62 75 84 91 4 4
1 7 22 62 75 84 91 4 3
1 7 7 53 71 4 18 89 2
1 7 7 53 16 71 82 89 3
1 6 7 53 71 4 2 89
1 3 4 3 2
1 3 7 2 89
1 4 7 71 81 89
1 4 7 82 2 89
1 5 22 62 91 84 3
1 4 7 71 81 89
1 6 53 4 2 89 4 3
1 5 7 4 49 2 89
1 6 7 53 71 82 89 2
1 6 7 71 4 2 89 3
1 5 7 53 71 81 89
1 6 7 53 71 89 4 2
1 7 7 53 71 4 2 89 4
1 6 7 53 71 82 2 89
1 3 53 2 89
1 3 7 71 82
1 3 49 4 3
1 5 7 71 4 2 89
1 6 7 71 82 2 89 47
1 7 7 82 2 89 4 3 2
1 7 36 78 92 21 4 3 4
1 8 36 66 78 86 92 4 3 21
1 10 36 66 78 86 92 21 4 3 4 49
1 4 25 11 4 3
1 5 7 4 49 2 89
1 6 7 53 71 4 89 2
1 7 7 53 71 81 89 82 4
1 7 3 4 3 2 49 4 51
1 3 17 4 3
1 6 3 4 4 3 2 51
1 3 1 4 48
1 4 4 3 4 3
1 4 15 17 50 4
1 6 1 2 4 3 4 49
1 4 15 15 4 3
1 4 15 15 1 3
1 4 16 4 3 4
1 6 15 15 4 3 4 3
1 5 1 50 3 4 51
1 7 4 3 2 4 3 4 3
1 4 15 4 51 3
1 7 15 19 15 16 4 3 48
1 11 2 4 3 4 3 2 4 3 3 4 50
1 8 3 4 3 18 50 48 4 49
1 5 4 51 4 4 3
1 7 17 4 4 3 4 3 4
1 4 4 46 4 4
1 6 3 2 4 4 49 49
1 6 3 11 2 4 3 4
1 4 4 4 3 4
1 5 1 4 49 4 46
1 5 4 49 3 2 4
1 8 2 4 3 4 3 2 4 3
1 3 17 4 3
1 3 4 3 18
1 9 7 53 71 89 4 3 4 3 2
1 8 7 53 76 71 4 3 2 89
1 7 7 53 71 4 3 2 89
1 4 89 89 8 2
1 8 7 53 71 3 89 4 3 2
1 4 4 4 3 2
1 5 70 80 88 4 46
1 13 16 58 16 58 16 58 16 58 16 58 4 3 48
1 7 22 62 75 84 91 4 3
1 7 7 53 71 81 89 4 3
1 3 1 4 3
1 5 73 11 4 3 2
1 6 3 4 2 3 4 3
1 4 7 53 71 82
1 5 6 3 4 3 84
1 6 4 3 18 4 3 18
1 6 4 4 4 3 3 4
1 4 49 2 4 3
1 3 3 4 3
1 6 4 3 4 3 4 18
1 4 3 4 3 2
1 5 4 3 4 3 2
1 9 46 3 47 4 4 49 4 49 84
1 4 16 16 4 3
1 6 3 4 4 47 4 49
1 6 4 49 3 4 3 49
1 3 4 4 3
1 3 3 4 49
1 4 26 4 84 4
1 4 4 3 3 4
1 3 4 3 17
1 3 15 4 49
1 3 4 3 48
1 3 1 1 49
1 3 1 3 4
1 12 12 55 73 23 83 46 2 4 2 4 49 4
1 5 7 53 71 82 89
1 5 4 3 4 4 49
1 3 49 3 4
1 5 50 51 3 4 50
1 3 4 1 4
1 3 1 4 3
1 11 12 55 73 83 1 2 89 4 46 4 4
1 3 3 4 49
1 3 16 16 15
1 3 26 4 3
1 6 32 30 26 47 48 70
1 5 22 62 75 84 91
1 4 43 68 79 87
1 3 4 49 1
1 5 4 4 46 4 3
1 3 15 15 1
1 4 15 16 4 49
1 4 4 46 4 48
1 4 49 4 3 49
1 4 15 16 4 3
1 4 4 3 2 49
1 5 15 16 4 46 2
1 3 15 15 50
1 3 15 4 46
1 3 15 16 4
1 3 4 3 4
1 4 2 4 3 3
1 3 1 4 3
1 4 2 4 3 48
1 3 4 3 3
1 5 4 3 4 3 2
1 4 4 3 4 21
1 13 14 56 74 60 4 51 26 4 3 18 4 3 48
1 4 26 4 49 3
1 14 7 53 71 82 89 3 4 3 2 4 3 2 4 49
1 4 26 4 4 3
1 13 22 62 75 91 4 4 49 84 4 3 26 4 3
1 13 4 49 4 3 3 4 49 4 3 4 3 4 49
1 11 4 3 48 49 4 3 4 3 2 4 3
1 11 4 3 4 4 49 4 49 4 3 4 49
1 8 7 53 71 4 3 2 89 4
1 5 7 53 71 89 4
1 5 49 49 26 3 4
1 9 46 48 49 4 3 4 49 4 3
1 3 26 4 3
1 3 26 3 50
1 3 4 3 4
1 3 26 4 3
1 3 15 4 3
1 3 18 4 48
1 3 21 4 4
1 3 2 4 51
1 4 4 3 4 3
1 6 2 4 4 3 4 49
1 4 2 4 3 4
1 3 16 4 17
1 4 49 2 4 4
1 4 49 49 4 50
1 5 4 2 4 4 51
1 4 4 4 4 3
1 7 53 82 2 4 4 3 4
1 3 7 71 89
1 3 18 4 3
1 3 21 4 48
1 3 16 4 3
1 3 2 4 3
1 5 7 53 71 82 89
1 5 15 16 4 49 2
1 7 7 53 71 82 89 2 4
1 7 7 53 71 82 89 2 4
1 4 2 4 4 3
1 3 4 4 3
1 5 22 62 75 85 91
1 3 84 4 3
1 14 4 4 4 4 4 4 3 46 4 3 47 3 4 3
1 10 4 46 3 4 3 47 3 69 4 48
1 9 4 46 3 4 3 3 3 47 49
1 7 17 3 3 3 3 3 4
1 4 4 4 4 4
1 5 4 48 3 47 4
1 8 4 3 4 3 4 3 47 3
1 8 52 4 3 3 4 4 3 47
1 6 7 53 71 82 89 49
1 3 4 4 3
1 14 7 53 71 82 89 3 2 4 49 3 2 49 2 51
1 12 2 2 49 2 4 3 48 2 4 2 49 2
1 14 14 56 74 4 3 18 60 4 3 18 4 18 4 49
1 19 3 18 18 4 3 3 18 4 18 4 49 3 18 4 49 3 18 4 49
1 14 7 53 71 82 89 2 4 49 2 4 3 2 4 3
1 12 84 4 3 84 4 84 4 3 84 4 84 51
1 11 7 53 71 82 89 2 4 48 2 49 48
1 10 2 4 49 3 2 4 48 2 4 51
1 11 4 4 49 3 4 3 4 3 4 4 3
1 8 3 4 49 4 3 3 4 46
1 4 3 3 2 49
1 5 18 46 4 4 46
1 3 3 4 50
1 3 3 3 4
1 4 49 3 3 4
1 4 17 17 4 18
1 5 3 4 3 4 3
1 3 49 4 3
1 16 16 3 4 46 4 52 4 3 47 69 3 4 3 4 4 4
1 9 16 16 3 3 3 3 3 4 49
1 16 16 3 4 3 4 3 4 47 3 3 3 4 47 3 4 3
1 12 16 4 4 47 69 3 3 3 3 4 49 49
1 4 59 49 18 4
1 15 4 3 11 2 3 4 3 4 46 3 4 3 47 3 48
1 10 2 4 4 3 3 4 47 3 3 3
1 8 16 4 3 46 4 3 4 3
1 9 16 4 3 4 3 3 4 47 51
1 3 4 2 3
1 11 16 4 3 46 3 3 47 4 47 49 3
1 4 4 4 3 2
1 10 4 3 4 4 47 3 3 4 3 47
1 5 3 4 47 3 3
1 3 16 59 16
1 10 16 59 3 47 69 4 3 3 3 3
1 4 4 3 4 3
1 5 16 16 16 59 16
1 6 4 3 3 47 3 3
1 6 16 3 4 4 47 3
1 4 3 4 3 3
1 8 16 4 3 4 3 47 3 3
1 7 47 3 4 3 4 3 3
1 10 16 3 3 4 3 47 49 51 3 3
1 4 4 3 47 3
1 8 3 46 4 47 51 3 3 3
1 4 16 16 16 16
1 9 3 46 3 4 4 3 47 3 48
1 11 4 3 46 3 4 3 3 47 51 3 3
1 9 3 3 4 3 4 3 3 47 3
1 3 3 4 3
1 10 3 4 52 3 46 3 3 4 47 3
1 3 7 4 3
1 3 19 61 61
1 3 19 61 61
1 3 19 61 61
1 4 7 82 2 89
1 9 3 3 3 3 3 4 47 3 3
1 9 3 3 3 3 4 3 4 47 3
1 5 7 53 71 81 89
1 13 4 3 3 46 3 3 4 47 3 3 3 3 3
1 6 7 76 71 4 2 89
1 11 25 26 3 3 3 3 3 4 47 52 3
1 4 7 76 2 89
1 13 84 46 3 3 3 3 46 4 4 3 47 3 3
1 8 3 3 3 4 3 47 3 3
1 4 7 71 81 89
1 5 4 47 3 3 49
1 8 7 53 71 82 89 3 4 2
1 3 7 2 89
1 14 3 3 3 3 46 3 3 4 47 3 3 3 4 4
1 6 7 53 76 71 81 89
1 7 3 3 3 46 4 47 51
1 6 7 53 76 71 81 89
1 9 3 3 3 4 47 3 51 3 4
1 5 7 71 50 2 89
1 11 1 48 46 3 3 46 4 47 3 3 52
1 7 7 53 76 71 82 2 89
1 12 3 4 46 3 3 3 3 46 4 3 47 3
1 3 19 61 50
1 11 48 3 3 3 3 3 3 4 3 47 3
1 10 3 3 3 4 3 47 51 3 4 3
1 12 3 3 3 3 4 47 3 51 52 4 4 3
1 8 48 3 3 3 4 47 3 3
1 13 21 3 4 3 3 3 46 4 47 3 52 3 48
1 13 21 46 3 3 3 46 3 4 3 47 3 52 3
1 16 14 56 74 4 48 60 46 3 4 4 46 3 4 47 52 18
1 7 3 4 47 3 51 3 49
1 10 3 3 3 3 46 3 4 47 3 3
1 5 3 3 4 47 3
1 10 3 3 3 3 3 4 47 3 3 3
1 3 7 2 89
1 6 7 53 71 3 2 89
1 4 3 47 3 4
1 5 7 82 49 2 89
1 3 47 4 4
1 7 14 56 74 4 3 18 60
1 3 47 4 3
1 3 1 4 3
1 7 22 62 75 85 84 91 47
1 9 48 3 3 3 3 3 3 47 52
1 4 16 58 16 58
1 8 12 55 73 83 90 3 2 89
1 3 7 89 2
1 13 46 3 4 3 46 3 3 4 3 3 47 49 3
1 9 3 47 3 46 4 4 4 4 3
1 3 4 18 3
1 6 53 76 82 2 89 49
1 3 47 3 3
1 5 3 3 47 3 4
1 7 7 53 71 81 89 3 48
1 5 3 47 3 46 3
1 5 3 47 46 4 3
1 3 15 16 4
1 7 7 53 71 4 50 2 89
1 4 7 71 81 89
1 9 3 3 47 3 3 4 4 3 4
1 5 47 3 4 3 3
1 5 3 47 3 4 50
1 5 89 3 47 4 49
1 4 7 71 81 89
1 10 91 3 47 46 47 3 3 4 3 3
1 3 25 4 3
1 4 3 47 3 4
1 7 7 53 71 89 4 3 2
1 4 89 47 3 18
1 4 7 3 2 89
1 6 7 53 71 3 2 89
1 8 3 3 46 3 3 49 4 3
1 8 3 47 3 3 46 4 3 48
1 4 47 3 3 4
1 6 7 76 71 4 2 89
1 4 47 3 3 3
1 3 47 3 4
1 3 47 46 3
1 4 4 49 4 49
1 7 44 84 51 4 4 49 48
1 5 60 4 3 3 4
1 4 19 15 4 3
1 4 19 19 19 4
1 6 15 19 15 16 4 3
1 5 19 19 3 48 4
1 4 15 16 16 2
1 4 89 3 4 3
1 3 1 4 3
1 3 3 28 16
1 4 49 4 3 4
1 3 4 4 49
1 5 4 4 3 4 3
1 3 49 5 49
1 5 19 15 16 4 3
1 5 15 16 4 46 2
1 5 15 4 3 45 89
1 5 47 3 3 46 3
1 4 14 4 4 18
1 3 60 60 60
1 5 4 3 4 3 84
1 4 15 4 3 89
1 5 15 16 4 3 2
1 5 19 15 16 4 3
1 3 15 16 48
1 4 3 49 49 49
