779 98
1 6 1 2 3 4 5 3
1 3 2 5 55
1 5 55 55 5 55 55
1 9 55 5 6 6 55 6 5 55 5
1 6 2 3 2 5 54 79
1 7 1 7 3 8 5 54 55
1 4 7 8 5 3
1 3 3 5 3
1 3 5 54 79
1 6 2 5 55 2 3 5
1 6 8 3 5 3 5 3
1 7 5 54 79 3 5 54 79
1 5 5 96 5 3 2
1 5 9 80 54 55 2
1 4 96 5 50 2
1 3 5 3 96
1 4 10 10 96 96
1 9 3 5 56 5 3 5 3 5 55
1 4 10 5 3 2
1 7 11 11 3 5 3 96 3
1 6 12 96 13 2 5 3
1 4 96 2 5 3
1 5 14 96 2 5 3
1 4 5 3 5 3
1 4 15 5 3 2
1 6 16 63 84 5 17 17
1 3 18 5 3
1 3 18 19 5
1 4 59 5 3 8
1 4 5 3 5 55
1 3 20 5 3
1 5 2 5 55 5 54
1 10 6 4 50 4 5 4 21 6 5 50
1 3 1 5 57
1 3 5 50 5
1 3 20 5 3
1 5 2 5 54 4 5
1 5 2 5 55 5 55
1 5 2 3 5 54 2
1 3 5 54 55
1 6 2 55 5 54 50 2
1 3 20 5 3
1 3 6 5 3
1 5 5 2 3 5 55
1 3 18 20 3
1 3 5 3 18
1 3 3 5 18
1 4 20 5 3 55
1 4 22 5 54 79
1 4 2 5 54 21
1 4 2 50 5 3
1 4 2 50 5 3
1 4 2 5 3 5
1 3 22 19 4
1 3 2 5 50
1 3 20 55 4
1 5 2 55 5 3 3
1 3 3 5 1
1 4 19 66 5 3
1 3 18 5 3
1 4 19 5 3 50
1 4 22 18 5 3
1 4 19 3 5 3
1 4 18 19 5 3
1 3 20 5 3
1 7 2 5 3 3 3 5 57
1 4 23 3 5 57
1 5 3 2 5 55 55
1 3 55 5 3
1 3 5 54 79
1 3 2 3 5
1 4 2 5 3 55
1 3 2 5 3
1 3 2 5 3
1 3 2 5 3
1 4 5 54 5 3
1 3 5 3 55
1 3 5 55 55
1 3 1 55 3
1 5 59 21 8 5 55
1 3 5 6 5
1 3 55 5 3
1 3 2 5 50
1 3 5 54 55
1 3 3 55 55
1 4 22 66 51 5
1 3 21 21 5
1 3 21 5 54
1 3 21 21 21
1 3 55 96 55
1 3 21 21 21
1 5 55 55 2 5 3
1 3 3 5 3
1 5 55 3 5 55 96
1 3 3 20 96
1 6 18 1 4 52 49 96
1 3 55 55 96
1 5 21 55 5 96 96
1 3 3 55 55
1 3 55 3 5
1 4 96 5 3 57
1 6 2 3 5 55 5 3
1 8 5 3 5 3 5 3 5 3
1 3 20 5 54
1 7 5 2 3 5 54 79 89
1 5 2 3 5 3 2
1 4 19 3 5 3
1 3 24 3 5
1 3 6 20 5
1 3 20 5 3
1 4 24 3 5 3
1 3 1 5 50
1 6 2 90 3 3 5 3
1 5 2 3 3 5 57
1 4 2 5 57 4
1 5 19 3 3 5 3
1 4 2 3 57 21
1 4 2 5 54 79
1 5 2 3 5 57 3
1 4 7 5 54 55
1 6 7 5 3 8 5 55
1 8 9 60 80 90 96 5 54 79
1 11 5 55 3 6 3 5 3 5 3 5 4
1 7 9 60 80 96 5 3 96
1 7 90 2 5 3 2 5 2
1 3 55 5 54
1 3 20 5 54
1 4 20 55 5 3
1 4 6 3 6 55
1 3 5 2 5
1 5 90 2 3 90 2
1 7 90 5 54 5 2 3 2
1 3 18 5 4
1 3 18 19 57
1 4 22 22 19 3
1 5 22 22 19 3 5
1 7 90 5 54 2 57 2 21
1 3 18 19 3
1 3 22 22 19
1 3 1 2 55
1 6 55 2 5 2 5 55
1 3 3 5 3
1 6 22 22 22 19 3 4
1 5 3 24 5 24 3
1 10 20 55 90 2 3 5 55 2 5 3
1 9 14 62 81 82 60 83 80 89 96
1 3 19 5 3
1 4 90 4 49 2
1 7 90 2 5 55 2 5 55
1 3 1 3 2
1 4 90 2 5 3
1 3 24 5 24
1 3 90 2 2
1 6 5 55 55 55 5 3
1 3 1 5 6
1 4 5 6 5 3
1 3 57 5 3
1 5 9 60 80 90 96
1 5 9 60 80 54 96
1 6 24 5 3 5 3 98
1 7 9 60 80 54 79 89 96
1 6 8 5 96 5 3 8
1 4 5 55 5 3
1 7 19 5 3 5 3 2 96
1 4 18 5 3 4
1 4 22 22 19 20
1 4 5 55 4 5
1 3 5 54 5
1 3 20 5 3
1 7 14 25 26 67 28 51 4
1 5 25 27 25 26 28
1 3 26 67 28
1 3 25 80 54
1 4 27 51 55 4
1 3 25 27 90
1 4 9 9 14 80
1 5 14 62 26 28 96
1 6 25 26 67 28 90 3
1 3 14 62 96
1 5 14 62 26 67 80
1 3 27 5 54
1 3 25 26 28
1 4 29 25 51 90
1 3 26 67 28
1 5 14 62 83 90 96
1 6 27 25 26 28 5 3
1 4 14 62 83 96
1 10 25 26 67 28 5 3 5 3 5 3
1 3 26 67 28
1 9 30 31 27 25 26 1 28 5 54
1 8 31 25 26 67 1 28 92 92
1 9 22 66 27 5 4 5 3 4 4
1 6 22 18 66 5 54 79
1 3 32 70 28
1 4 19 27 65 5
1 3 22 18 3
1 8 22 66 27 72 28 4 53 51
1 6 22 33 66 4 5 3
1 4 22 22 22 66
1 7 22 66 27 19 65 66 49
1 5 22 66 5 54 79
1 5 33 19 26 67 28
1 3 32 70 4
1 6 20 5 3 5 57 4
1 5 29 25 26 67 28
1 4 27 27 26 51
1 3 29 5 3
1 7 18 66 26 28 5 55 5
1 4 32 71 19 27
1 3 66 3 5
1 7 32 71 18 19 26 67 28
1 8 31 69 85 92 8 59 4 53
1 6 18 72 26 28 5 21
1 4 30 71 19 27
1 4 72 5 21 5
1 9 14 62 18 19 26 67 1 49 4
1 7 9 60 67 80 54 2 96
1 9 18 19 26 67 1 49 21 51 5
1 5 14 62 66 65 96
1 3 27 19 65
1 3 25 5 21
1 9 14 62 18 19 26 67 1 49 96
1 5 66 27 5 55 5
1 3 18 26 21
1 4 32 71 19 85
1 4 66 20 5 3
1 7 32 71 18 19 26 67 28
1 3 66 5 21
1 8 32 71 18 19 26 1 28 4
1 4 66 27 5 21
1 6 32 31 18 19 26 28
1 4 18 66 19 5
1 3 66 5 3
1 7 32 71 18 19 26 67 28
1 8 31 69 85 92 8 59 4 53
1 6 32 71 18 26 67 28
1 11 32 71 18 66 19 26 67 28 3 5 54
1 3 66 21 51
1 7 32 71 18 19 26 67 28
1 7 31 69 85 8 59 4 53
1 3 18 51 55
1 4 29 25 5 50
1 3 26 67 28
1 4 27 25 28 3
1 4 29 25 5 55
1 3 26 67 28
1 3 14 62 96
1 3 14 62 96
1 9 14 62 25 27 1 28 90 5 3
1 6 27 1 25 26 28 5
1 7 29 26 67 1 28 5 3
1 4 9 14 62 96
1 8 25 26 67 28 5 3 5 3
1 3 34 86 92
1 3 25 20 5
1 3 26 67 28
1 4 25 26 67 28
1 3 34 86 93
1 3 35 36 73
1 7 29 25 26 20 28 5 3
1 4 14 62 27 96
1 3 20 5 3
1 4 26 67 28 5
1 4 14 62 83 96
1 3 25 26 28
1 4 14 62 83 96
1 6 25 26 67 28 5 3
1 5 29 74 26 28 5
1 3 37 38 27
1 7 37 25 26 67 28 98 5
1 3 26 67 28
1 3 37 38 98
1 3 20 5 3
1 3 35 36 73
1 6 27 27 25 26 28 5
1 5 29 25 28 5 3
1 5 27 25 28 5 55
1 4 27 5 55 5
1 4 27 72 26 28
1 5 72 26 28 5 55
1 7 25 26 20 28 51 5 3
1 4 30 31 27 59
1 7 25 26 67 28 5 55 4
1 3 14 62 96
1 4 14 62 25 27
1 7 12 61 26 67 20 5 54
1 4 14 62 82 80
1 5 39 25 26 67 28
1 7 39 61 26 67 25 20 97
1 4 25 5 54 79
1 4 26 67 1 28
1 9 14 62 27 1 83 25 26 28 5
1 3 25 5 3
1 5 25 20 5 54 79
1 3 26 67 28
1 3 14 62 96
1 5 25 26 67 80 54
1 3 14 62 96
1 6 27 25 26 28 55 51
1 9 14 62 25 26 67 28 5 55 5
1 8 14 62 27 25 26 28 5 55
1 9 14 62 29 25 26 67 28 5 55
1 3 25 80 55
1 7 40 25 26 67 13 5 55
1 3 27 27 27
1 4 27 27 27 21
1 3 27 27 27
1 3 1 27 27
1 3 27 27 1
1 3 27 27 27
1 3 27 27 27
1 3 27 27 27
1 3 27 27 27
1 3 27 27 27
1 3 27 27 27
1 3 27 27 27
1 4 27 27 1 27
1 3 27 27 27
1 5 29 25 28 5 3
1 4 25 28 5 28
1 4 29 25 21 5
1 5 29 25 28 5 55
1 3 27 27 27
1 7 41 16 25 28 5 3 17
1 3 25 28 28
1 3 25 28 5
1 4 41 16 64 17
1 7 14 62 25 27 28 5 55
1 5 14 62 25 80 54
1 5 9 25 28 5 55
1 3 14 29 55
1 8 42 75 29 25 28 5 55 68
1 3 25 5 55
1 4 42 75 28 68
1 6 42 75 28 68 3 5
1 3 42 75 68
1 4 42 75 25 28
1 7 30 31 25 7 28 5 59
1 5 30 31 25 85 92
1 6 30 31 29 25 85 59
1 7 30 31 25 28 5 3 59
1 3 25 28 5
1 6 14 62 25 5 3 4
1 3 27 27 1
1 3 25 28 5
1 7 29 25 28 5 55 28 5
1 6 25 28 5 55 28 96
1 4 14 62 83 96
1 4 25 28 5 55
1 3 14 62 96
1 3 27 1 27
1 3 27 27 21
1 3 5 3 4
1 4 22 18 5 50
1 7 3 2 5 3 5 54 55
1 3 3 5 1
1 6 3 6 3 5 3 4
1 5 19 5 3 5 54
1 3 19 5 18
1 5 3 5 3 5 50
1 7 3 24 5 3 5 54 21
1 3 24 5 3
1 9 16 63 84 5 17 3 6 5 57
1 5 5 54 79 5 3
1 3 2 5 55
1 12 9 60 80 90 96 5 57 5 3 55 2 5
1 4 19 1 5 3
1 11 9 60 80 90 96 2 5 57 5 50 3
1 7 31 69 85 92 59 8 5
1 3 19 5 3
1 5 2 5 3 5 54
1 3 2 5 50
1 3 2 5 57
1 3 5 54 79
1 3 2 5 55
1 3 55 19 5
1 4 2 3 5 3
1 4 2 5 57 5
1 3 90 3 2
1 4 6 5 3 55
1 4 43 19 55 55
1 3 43 19 55
1 4 5 3 5 55
1 3 22 22 22
1 4 5 3 5 55
1 4 43 43 43 19
1 5 5 54 2 5 3
1 3 5 54 8
1 5 3 5 54 5 55
1 3 3 5 3
1 3 5 1 3
1 3 3 5 57
1 3 5 3 55
1 3 5 3 1
1 3 3 5 57
1 3 3 5 57
1 4 1 5 3 55
1 3 18 19 57
1 4 28 6 3 6
1 3 3 5 3
1 3 18 19 2
1 3 18 19 55
1 3 1 21 2
1 3 18 18 19
1 3 20 55 2
1 4 3 5 54 79
1 9 43 43 10 10 28 2 5 54 2
1 4 55 2 5 2
1 4 55 2 55 2
1 3 1 5 3
1 5 13 2 5 3 2
1 4 28 2 55 2
1 4 28 2 55 2
1 3 28 6 6
1 5 28 55 55 55 55
1 4 18 19 5 3
1 4 18 19 5 3
1 5 18 19 5 3 2
1 5 18 5 3 5 3
1 3 18 5 3
1 4 18 18 5 3
1 3 5 54 79
1 4 3 3 5 3
1 3 55 5 3
1 4 3 5 54 79
1 3 3 50 5
1 3 3 5 21
1 3 55 5 3
1 6 5 55 5 55 3 3
1 5 55 5 3 5 55
1 5 3 5 3 5 3
1 7 5 3 2 5 54 79 89
1 3 31 31 83
1 5 9 60 80 89 96
1 3 18 1 4
1 6 71 28 4 53 5 3
1 7 36 72 86 5 17 6 55
1 9 16 63 84 5 4 17 55 6 51
1 5 36 72 86 51 73
1 4 31 34 85 59
1 6 36 72 34 86 51 73
1 5 9 60 80 89 96
1 6 71 72 28 4 53 5
1 5 31 69 85 8 59
1 7 9 60 19 80 90 2 96
1 4 19 5 3 2
1 3 18 27 28
1 5 1 4 5 3 51
1 3 71 4 53
1 3 31 8 59
1 7 9 60 80 54 55 2 96
1 7 9 60 80 54 79 89 96
1 7 9 60 80 3 96 5 2
1 6 9 80 54 58 2 96
1 5 9 80 55 2 96
1 8 9 60 80 90 55 96 5 2
1 9 9 60 80 89 96 5 3 5 3
1 8 31 69 85 59 8 5 3 55
1 7 31 69 85 8 59 5 54
1 6 9 60 80 54 2 96
1 3 5 3 2
1 3 9 2 96
1 6 9 80 54 2 96 5
1 4 9 80 89 96
1 4 9 90 2 96
1 5 31 69 59 8 3
1 4 9 80 89 96
1 6 60 5 2 96 5 3
1 5 9 5 55 2 96
1 6 9 60 80 90 96 2
1 4 9 80 89 96
1 6 9 80 54 2 96 3
1 5 9 60 80 89 96
1 6 9 60 80 96 5 2
1 7 9 60 80 54 2 96 5
1 8 9 80 54 79 89 96 5 3
1 6 9 60 80 90 2 96
1 3 60 2 96
1 3 9 80 90
1 6 9 80 90 2 96 51
1 7 38 87 98 24 5 3 5
1 8 38 74 87 94 98 5 3 24
1 10 38 74 87 94 98 24 5 3 5 55
1 4 27 13 5 3
1 6 9 60 80 54 96 2
1 6 9 60 80 54 2 96
1 7 9 60 80 89 96 90 5
1 4 5 54 5 54
1 7 3 5 3 2 55 5 57
1 6 3 5 54 79 89 57
1 3 1 5 4
1 6 1 2 5 3 5 55
1 4 18 18 5 3
1 10 5 3 5 55 5 3 5 3 5 54
1 6 18 18 5 3 5 3
1 5 1 21 3 5 57
1 7 5 3 2 5 3 5 3
1 4 18 5 57 3
1 11 2 5 3 5 3 2 5 3 3 5 21
1 8 3 5 3 6 21 4 5 55
1 4 20 3 5 54
1 5 5 57 5 54 79
1 7 20 5 54 79 5 3 5
1 4 5 50 5 54
1 6 3 2 5 54 55 55
1 4 5 54 79 5
1 5 1 5 55 5 50
1 5 5 55 3 2 5
1 8 2 5 3 5 3 2 5 3
1 7 2 5 3 2 5 3 5
1 3 3 5 3
1 3 20 5 3
1 4 4 5 3 2
1 3 5 3 6
1 9 9 60 80 96 5 3 5 3 2
1 8 9 60 67 80 54 79 89 96
1 7 9 60 80 54 79 89 96
1 4 96 96 68 2
1 8 9 60 80 3 96 5 3 2
1 10 36 72 86 51 3 6 73 5 3 23
1 5 53 73 23 5 50
1 13 19 65 19 65 19 65 19 65 19 65 5 3 4
1 4 5 3 5 3
1 7 31 69 85 8 59 5 3
1 7 9 60 80 89 96 5 3
1 3 1 5 3
1 3 55 5 3
1 5 82 13 5 3 2
1 6 3 5 2 3 5 3
1 4 9 60 80 90
1 5 7 3 5 3 8
1 6 5 3 6 5 3 6
1 6 5 54 5 3 3 5
1 3 3 5 3
1 6 5 3 5 3 5 6
1 4 3 5 3 2
1 5 5 3 5 3 2
1 9 50 3 51 5 54 55 5 55 8
1 4 19 19 5 3
1 6 5 55 3 5 3 55
1 3 5 54 79
1 3 3 5 55
1 4 28 5 8 5
1 3 44 5 55
1 3 5 3 20
1 3 5 3 4
1 3 1 1 55
1 12 14 62 82 10 91 50 2 5 2 5 55 5
1 5 9 60 80 90 96
1 3 55 3 5
1 5 21 57 3 5 21
1 3 5 1 5
1 3 21 5 3
1 3 1 5 1
1 11 14 62 82 91 1 2 96 5 50 5 54
1 3 3 5 55
1 3 19 19 18
1 3 28 5 3
1 6 71 72 28 51 4 53
1 5 31 69 85 8 59
1 4 45 76 88 95
1 3 5 55 1
1 4 18 19 5 57
1 4 5 50 5 4
1 4 18 19 5 3
1 3 18 18 21
1 3 18 5 50
1 3 20 5 20
1 8 55 3 55 5 3 5 57 3
1 3 1 5 3
1 3 6 5 55
1 4 2 5 3 4
1 3 5 3 3
1 5 5 3 5 3 2
1 8 9 60 80 90 96 5 3 2
1 4 5 3 5 24
1 13 16 63 84 17 5 57 28 5 3 6 5 3 4
1 4 28 5 55 3
1 4 28 5 54 79
1 13 31 69 85 59 5 54 55 8 5 3 28 5 3
1 13 5 55 5 3 3 5 55 5 3 5 3 5 55
1 11 5 3 5 54 55 5 55 5 3 5 55
1 8 9 60 80 54 79 89 96 5
1 5 9 60 80 96 5
1 3 28 3 21
1 4 28 3 5 4
1 3 5 3 5
1 3 28 3 57
1 3 28 5 3
1 3 28 5 3
1 8 19 4 5 54 4 52 4 52
1 3 6 5 4
1 4 5 3 5 3
1 6 2 5 54 79 5 55
1 3 5 54 79
1 4 2 5 3 5
1 4 55 55 5 21
1 5 5 57 3 5 3
1 5 5 2 5 54 57
1 4 5 54 5 3
1 3 6 5 3
1 3 19 5 3
1 3 2 5 3
1 3 19 2 5
1 5 9 60 80 90 96
1 7 9 60 80 90 96 2 5
1 7 9 60 80 90 96 2 5
1 4 2 5 54 79
1 3 5 54 79
1 5 31 69 85 92 59
1 14 5 54 5 54 5 54 79 50 5 3 51 3 5 3
1 10 5 50 3 5 3 51 3 78 5 4
1 9 5 50 3 5 3 3 3 51 55
1 9 50 5 54 79 3 5 3 51 5
1 7 20 3 3 3 3 3 5
1 4 5 54 5 54
1 8 5 3 5 3 5 3 51 3
1 8 58 5 3 3 5 54 79 51
1 6 9 60 80 90 96 55
1 3 5 54 79
1 14 9 60 80 90 96 3 2 5 55 3 2 55 2 57
1 17 5 55 3 5 55 55 55 5 3 55 5 55 5 3 5 54 79
1 14 16 63 84 5 3 6 17 5 3 6 5 6 5 55
1 19 3 6 6 5 3 3 6 5 6 5 55 3 6 5 55 3 6 5 55
1 13 2 2 2 3 2 57 2 5 3 3 2 5 3
1 14 31 69 85 59 5 57 8 5 8 5 55 8 5 3
1 6 31 69 85 5 59 8
1 12 8 5 3 8 5 8 5 3 8 5 8 57
1 11 9 60 80 90 96 2 5 4 2 55 4
1 9 9 60 80 90 96 3 2 5 55
1 10 2 5 55 3 2 5 4 2 5 57
1 8 3 5 55 5 3 3 5 50
1 3 55 5 3
1 4 3 3 2 55
1 5 5 3 55 5 54
1 3 20 5 18
1 3 3 3 5
1 6 8 5 8 5 3 5
1 4 55 3 3 5
1 4 20 20 5 6
1 5 3 5 3 5 3
1 3 55 5 3
1 5 18 19 5 57 2
1 16 19 3 5 50 5 58 5 3 51 78 3 5 3 5 54 5
1 9 19 19 3 3 3 3 3 5 55
1 6 46 5 54 79 5 8
1 12 19 5 54 51 78 3 3 3 3 5 55 55
1 4 46 55 6 5
1 10 2 5 54 79 3 5 56 79 3 3
1 3 46 2 5
1 3 5 2 3
1 4 5 54 79 89
1 5 3 5 56 79 3
1 3 19 46 19
1 4 5 3 5 3
1 15 3 5 3 3 3 3 5 3 3 51 5 3 51 3 3
1 6 19 3 5 54 51 3
1 16 5 3 50 3 3 5 58 3 3 51 3 3 3 51 57 3
1 11 51 3 5 3 5 3 3 51 55 3 55
1 8 19 5 3 5 3 51 3 3
1 7 51 3 5 3 5 3 3
1 10 3 5 3 5 3 50 3 5 3 51
1 4 5 3 51 3
1 4 19 19 19 19
1 9 3 50 3 5 54 79 51 3 4
1 11 5 3 50 3 5 3 3 51 57 3 3
1 9 3 3 5 3 5 3 3 51 3
1 10 3 5 58 3 50 3 3 5 56 79
1 3 5 55 5
1 3 96 9 5
1 3 9 5 3
1 3 22 66 66
1 3 22 66 66
1 3 22 66 11
1 9 3 3 3 3 3 5 56 79 3
1 6 9 60 67 80 89 96
1 13 5 3 3 50 3 3 5 56 79 3 3 3 3
1 11 27 28 3 3 3 3 3 5 56 58 3
1 4 9 67 2 96
1 13 8 50 3 3 3 3 50 5 54 79 51 3 3
1 4 9 80 89 96
1 8 3 3 3 5 3 51 3 3
1 4 9 80 89 96
1 5 5 56 79 3 55
1 8 9 60 80 90 96 3 5 2
1 11 16 63 84 6 17 3 3 5 56 79 3
1 3 9 2 96
1 14 3 3 3 3 50 3 3 5 56 79 3 3 5 54
1 7 3 3 3 50 5 56 57
1 6 9 60 67 80 89 96
1 9 3 3 3 5 56 79 57 3 5
1 11 1 4 50 3 3 50 5 56 79 3 58
1 12 3 5 50 3 3 3 3 50 5 3 51 3
1 3 18 19 57
1 3 22 66 21
1 11 4 52 79 3 3 3 3 5 3 51 3
1 10 3 3 3 5 3 51 57 3 5 3
1 8 4 52 79 3 5 56 79 3
1 13 24 3 5 3 3 3 50 5 56 79 58 3 4
1 13 24 50 3 3 3 50 3 5 3 51 3 58 3
1 7 4 52 79 3 3 5 56
1 16 16 63 84 5 4 17 50 3 5 54 50 3 5 56 58 6
1 7 3 5 56 79 57 3 55
1 10 3 3 3 3 50 3 5 56 79 3
1 8 3 3 3 3 3 3 5 56
1 10 3 3 3 3 3 5 56 79 3 3
1 4 3 51 3 5
1 5 9 90 55 2 96
1 3 51 5 54
1 4 51 58 5 50
1 7 16 63 84 5 3 6 17
1 3 3 51 3
1 3 51 5 3
1 3 1 5 3
1 7 31 69 85 92 8 59 51
1 11 4 52 79 3 5 56 79 3 3 3 3
1 9 4 52 79 3 3 3 3 51 58
1 14 3 5 3 3 50 3 3 5 3 3 51 3 3 3
1 3 47 47 77
1 8 14 62 82 91 97 3 2 96
1 3 9 96 2
1 13 50 3 5 3 50 3 3 5 3 3 51 55 3
1 9 3 51 3 50 5 54 5 54 79
1 3 5 6 3
1 3 1 3 5
1 3 51 3 3
1 5 22 18 19 55 3
1 5 3 3 51 3 5
1 7 9 60 80 89 96 3 4
1 5 3 51 3 50 3
1 3 18 19 5
1 7 9 60 80 54 21 2 96
1 4 9 80 89 96
1 5 51 3 5 3 3
1 5 3 51 3 5 21
1 5 9 80 89 96 55
1 4 9 80 89 96
1 6 9 60 80 89 96 21
1 3 27 5 3
1 4 3 51 3 5
1 3 27 57 5
1 4 55 51 50 3
1 7 9 60 80 96 5 3 2
1 4 96 51 3 6
1 4 9 3 2 96
1 6 9 60 80 3 2 96
1 6 51 3 3 55 5 21
1 8 3 51 3 3 50 5 3 4
1 6 9 60 67 80 89 96
1 6 9 67 80 54 2 96
1 4 51 3 3 3
1 3 51 3 5
1 4 51 3 50 3
1 3 51 50 3
1 4 5 55 5 55
1 7 48 8 57 5 54 55 4
1 5 17 5 3 3 5
1 5 22 22 22 18 22
1 4 22 18 5 3
1 4 22 22 22 5
1 5 22 22 3 4 5
1 4 96 3 5 3
1 3 1 5 3
1 3 5 54 55
1 4 3 5 54 4
1 3 55 44 55
1 5 22 18 19 5 3
1 3 96 96 96
1 7 22 22 22 18 19 5 3
1 5 18 19 5 50 2
1 5 18 5 3 49 96
1 5 51 3 3 50 3
1 4 16 54 5 6
1 3 17 17 17
1 5 5 3 5 3 8
1 4 18 5 3 96
1 5 22 18 19 5 3
1 3 18 19 4
1 4 3 55 55 55
