783 95
1 3 1 2 3
1 4 4 3 2 3
1 5 3 3 2 3 3
1 9 3 2 5 5 3 5 2 3 2
1 6 1 6 1 2 2 6
1 7 7 8 6 85 2 2 3
1 4 8 85 2 6
1 3 6 2 6
1 3 6 2 7
1 6 85 6 2 6 2 6
1 7 2 2 6 6 2 2 6
1 5 2 93 2 6 1
1 4 93 2 51 1
1 3 2 6 93
1 4 9 9 93 93
1 9 10 1 2 6 11 6 6 2 93
1 9 6 2 11 2 6 2 6 2 3
1 4 9 2 6 1
1 7 12 12 6 2 6 93 6
1 6 13 93 14 1 2 6
1 4 93 1 2 6
1 4 2 6 2 6
1 4 15 2 6 1
1 3 16 17 2
1 3 16 2 6
1 3 16 17 2
1 5 10 6 2 51 1
1 4 2 6 2 3
1 3 7 3 1
1 5 1 2 3 2 2
1 10 5 46 51 46 2 46 47 5 2 51
1 3 7 2 48
1 3 2 51 2
1 7 18 2 2 6 3 2 46
1 3 18 2 6
1 5 1 2 2 46 2
1 6 1 2 3 3 3 1
1 3 2 2 3
1 3 5 2 6
1 4 5 2 51 5
1 5 2 1 6 2 3
1 3 16 18 6
1 3 2 6 16
1 4 18 2 6 3
1 4 19 2 2 6
1 4 1 51 2 6
1 5 2 1 2 2 2
1 4 1 51 2 6
1 4 1 2 6 2
1 3 2 2 6
1 6 19 16 17 2 6 46
1 3 19 17 46
1 4 20 12 54 12
1 3 1 2 51
1 3 18 3 46
1 5 1 3 2 6 6
1 3 6 2 7
1 4 17 55 2 6
1 3 2 6 7
1 4 1 2 6 3
1 4 17 2 6 51
1 4 19 16 2 6
1 4 17 6 2 6
1 4 16 17 2 6
1 3 18 2 6
1 4 21 6 2 48
1 5 6 1 2 3 3
1 3 3 2 6
1 3 2 2 6
1 3 1 6 2
1 4 6 2 2 6
1 4 1 2 6 3
1 3 14 1 2
1 3 1 2 6
1 3 17 3 2
1 3 1 2 6
1 3 1 2 6
1 4 2 2 2 6
1 3 2 6 3
1 5 92 47 85 2 3
1 3 2 5 2
1 5 93 93 6 1 3
1 3 1 2 51
1 3 2 2 3
1 3 6 3 3
1 3 2 6 47
1 4 19 55 11 2
1 3 3 93 3
1 3 55 55 19
1 3 47 47 47
1 3 6 2 6
1 4 3 6 2 93
1 5 3 6 2 3 93
1 3 6 2 93
1 3 6 18 93
1 6 16 7 46 6 52 93
1 3 3 3 93
1 3 6 3 3
1 3 16 2 48
1 3 3 6 2
1 4 93 2 6 48
1 5 2 2 3 2 3
1 6 1 6 2 3 2 6
1 8 2 6 2 6 2 6 2 6
1 7 2 1 6 2 2 6 1
1 5 1 6 2 6 1
1 4 17 6 2 6
1 3 22 6 2
1 3 5 18 2
1 3 18 2 6
1 4 22 6 2 6
1 3 7 2 51
1 6 1 89 6 6 2 6
1 5 1 6 6 2 48
1 5 17 6 6 2 6
1 4 1 6 48 47
1 4 1 2 2 6
1 4 1 3 2 6
1 5 1 6 2 48 6
1 4 8 2 2 3
1 6 23 56 74 86 85 92
1 6 8 2 6 85 2 3
1 8 17 93 2 93 1 2 3 2
1 8 24 57 75 89 93 2 2 6
1 3 2 6 1
1 11 2 3 6 5 6 2 6 2 6 2 46
1 3 17 2 6
1 7 24 57 75 93 2 6 93
1 5 2 6 5 5 1
1 7 89 1 2 6 1 2 1
1 3 3 2 2
1 5 7 2 85 2 6
1 4 18 3 2 6
1 4 5 6 5 3
1 5 18 3 1 2 3
1 3 2 1 2
1 5 89 1 6 89 1
1 7 89 2 2 2 1 6 1
1 3 16 17 48
1 5 19 19 17 6 2
1 7 89 2 2 1 48 1 47
1 3 19 19 17
1 3 7 1 3
1 6 3 1 2 1 2 3
1 6 19 19 19 17 6 46
1 5 6 22 2 22 6
1 10 18 3 89 1 6 2 3 1 2 6
1 9 25 58 76 77 57 78 75 87 93
1 3 17 2 6
1 4 89 46 52 1
1 7 89 1 2 3 1 2 3
1 3 7 6 1
1 4 89 1 2 6
1 3 22 2 22
1 3 89 1 1
1 3 6 2 3
1 6 2 3 3 3 2 6
1 3 7 2 5
1 4 2 5 2 6
1 3 48 2 6
1 5 24 57 75 89 93
1 4 93 2 6 6
1 6 22 2 6 2 6 67
1 7 24 57 75 88 94 87 93
1 4 2 3 2 6
1 7 17 2 6 2 6 1 93
1 8 24 57 75 89 93 93 2 6
1 4 16 2 6 46
1 4 19 19 17 18
1 4 9 17 9 93
1 4 2 3 46 2
1 3 2 2 2
1 7 25 26 59 79 28 11 46
1 6 57 79 89 6 1 93
1 5 26 27 26 59 28
1 3 59 79 28
1 3 26 75 88
1 4 27 11 3 46
1 3 25 26 28
1 3 26 27 89
1 4 24 24 25 75
1 4 27 2 2 3
1 5 25 58 59 28 93
1 6 26 59 79 28 89 6
1 3 25 58 93
1 5 25 58 59 79 75
1 3 26 59 28
1 4 24 25 93 3
1 4 29 26 11 89
1 3 59 79 28
1 6 27 26 59 28 2 6
1 3 59 79 28
1 11 30 23 27 7 28 2 6 2 6 6 6
1 9 30 23 27 26 59 7 28 2 2
1 8 23 26 59 79 7 28 86 86
1 9 19 55 27 2 46 2 6 46 46
1 6 19 16 55 2 2 6
1 4 17 59 79 46
1 3 31 61 28
1 4 17 27 54 2
1 3 19 16 6
1 8 19 55 27 32 28 46 73 11
1 4 17 54 2 6
1 6 19 33 55 46 2 6
1 6 31 17 59 79 61 28
1 7 19 55 27 17 54 55 52
1 5 19 55 2 2 6
1 5 33 17 59 79 28
1 6 18 2 6 2 48 46
1 5 29 26 59 79 28
1 8 29 26 59 79 28 6 2 46
1 4 27 27 59 11
1 3 29 2 6
1 7 16 55 59 28 2 3 2
1 4 31 62 17 27
1 3 16 17 2
1 7 31 62 16 17 59 79 28
1 8 23 56 74 86 85 92 46 73
1 6 16 32 59 28 2 47
1 4 30 62 17 27
1 4 32 2 47 2
1 9 25 58 16 17 59 79 7 52 46
1 7 24 57 79 75 88 87 93
1 3 26 2 47
1 9 25 58 16 17 59 79 7 52 93
1 5 55 27 2 3 2
1 4 31 62 17 74
1 4 55 18 2 6
1 7 31 62 16 17 59 79 28
1 3 55 2 47
1 8 31 62 16 17 59 7 28 46
1 4 55 27 2 47
1 6 31 23 16 17 59 28
1 4 16 55 17 2
1 3 55 2 6
1 3 55 2 6
1 6 31 62 16 59 79 28
1 11 31 62 16 55 17 59 79 28 6 2 2
1 7 31 62 16 17 59 79 28
1 7 23 56 74 85 92 46 73
1 3 16 11 3
1 7 30 62 55 17 59 79 28
1 4 29 26 2 51
1 3 59 79 28
1 6 25 26 27 28 89 51
1 4 27 26 28 6
1 3 59 79 28
1 3 25 58 93
1 4 29 26 2 6
1 5 25 58 59 79 28
1 7 29 26 59 79 28 2 51
1 9 25 58 26 27 7 28 89 2 6
1 6 27 7 26 59 28 2
1 4 24 25 58 93
1 3 26 18 2
1 3 59 79 28
1 6 34 63 35 65 81 82
1 4 26 59 79 28
1 3 35 65 81
1 3 36 66 82
1 11 26 59 79 28 11 3 6 2 2 6 2
1 7 29 26 59 18 28 2 6
1 7 25 58 26 59 79 28 11
1 3 18 2 6
1 4 59 79 28 2
1 4 25 58 78 93
1 3 26 59 28
1 5 29 60 59 28 2
1 3 37 38 27
1 7 37 26 59 79 28 67 2
1 3 59 79 28
1 3 37 38 67
1 3 18 2 6
1 4 36 66 59 28
1 5 26 59 79 28 11
1 3 36 66 82
1 6 27 27 26 59 28 2
1 4 29 6 2 2
1 4 26 59 79 28
1 7 29 26 59 79 18 28 2
1 4 27 2 3 2
1 4 27 32 59 28
1 5 32 59 28 2 3
1 4 32 27 2 3
1 7 26 59 18 28 11 2 6
1 4 30 23 27 92
1 7 26 59 79 28 2 3 46
1 3 25 58 93
1 5 25 58 27 75 93
1 4 25 58 26 27
1 4 25 58 77 75
1 7 39 69 59 79 26 18 95
1 4 26 2 2 6
1 4 59 79 7 28
1 4 26 59 79 2
1 6 27 26 2 6 2 6
1 3 26 2 6
1 5 26 18 2 2 6
1 3 59 79 28
1 5 26 59 79 75 88
1 3 25 58 93
1 6 27 26 59 28 3 11
1 9 25 58 26 59 79 28 2 3 2
1 8 25 58 27 26 59 28 2 3
1 9 25 58 29 26 59 79 28 2 3
1 3 26 75 3
1 7 40 26 59 79 14 2 3
1 7 40 29 26 59 79 14 11
1 6 40 29 26 59 14 2
1 3 27 27 27
1 3 7 27 27
1 3 27 27 27
1 3 27 27 7
1 3 27 27 27
1 3 27 27 27
1 3 27 27 27
1 3 27 27 27
1 4 27 27 7 27
1 3 27 27 27
1 3 27 27 27
1 5 29 26 28 2 6
1 3 26 2 6
1 4 26 28 2 28
1 4 29 26 47 2
1 3 27 27 27
1 3 26 28 28
1 7 25 58 26 27 28 2 3
1 5 24 26 28 2 3
1 8 41 70 29 26 28 2 3 10
1 3 26 2 3
1 4 41 70 28 10
1 6 41 70 28 10 6 2
1 6 29 26 18 28 2 3
1 3 41 70 10
1 4 41 70 26 28
1 7 30 23 26 8 28 2 92
1 7 30 23 26 28 2 6 92
1 3 26 11 46
1 6 25 58 26 2 6 46
1 3 27 27 7
1 3 26 28 2
1 7 29 26 28 2 3 28 2
1 6 26 28 2 3 28 93
1 4 25 58 78 93
1 4 26 28 2 3
1 3 25 58 93
1 3 27 7 27
1 3 27 27 47
1 4 2 6 2 6
1 3 16 2 6
1 4 19 16 2 51
1 7 6 1 2 6 2 2 3
1 3 6 2 7
1 6 6 5 6 2 6 46
1 5 17 2 6 2 2
1 5 6 2 6 2 51
1 4 6 1 3 2
1 7 6 22 2 6 2 2 47
1 9 34 64 80 2 50 6 5 2 48
1 5 2 2 6 2 6
1 3 1 2 3
1 12 24 57 75 89 93 2 48 2 6 3 1 2
1 11 24 57 75 89 93 1 2 48 2 51 6
1 5 1 2 6 2 2
1 3 1 2 51
1 5 1 89 2 6 6
1 3 1 2 48
1 3 2 2 6
1 3 1 2 3
1 3 3 17 2
1 4 1 6 2 6
1 4 1 2 48 2
1 3 89 6 1
1 4 5 2 6 3
1 4 42 17 3 3
1 3 42 17 3
1 4 2 6 2 3
1 3 19 19 19
1 4 2 6 2 3
1 4 42 42 42 17
1 10 17 17 2 11 3 3 2 3 2 6
1 5 2 2 1 2 6
1 7 2 6 3 2 6 1 2
1 3 2 2 85
1 7 6 2 3 11 2 3 5
1 5 6 2 2 2 3
1 3 6 2 6
1 3 2 6 3
1 3 2 6 7
1 3 6 2 48
1 3 6 2 48
1 4 7 2 6 3
1 3 18 6 1
1 3 16 17 48
1 5 19 16 17 2 6
1 4 28 5 6 5
1 3 6 2 6
1 3 16 17 3
1 3 7 47 1
1 3 16 16 17
1 3 18 3 1
1 4 6 2 2 6
1 9 42 42 9 9 28 1 2 2 1
1 4 3 1 2 1
1 4 3 1 3 1
1 3 7 2 6
1 5 14 1 2 6 1
1 3 28 1 1
1 3 28 5 5
1 5 28 3 3 3 3
1 4 16 17 2 6
1 4 16 17 2 6
1 5 16 2 6 2 6
1 4 16 16 2 6
1 3 16 2 6
1 3 2 2 6
1 4 6 6 2 6
1 3 3 2 6
1 3 2 6 47
1 6 7 2 2 2 6 2
1 3 6 2 47
1 4 3 6 6 2
1 3 3 2 6
1 6 2 3 2 3 6 6
1 5 3 2 6 2 3
1 5 6 2 6 2 6
1 3 2 6 2
1 7 2 6 1 2 2 6 1
1 3 23 23 78
1 5 24 57 75 87 93
1 3 16 7 46
1 6 62 28 46 73 2 6
1 9 34 64 80 2 46 50 3 5 11
1 6 34 64 80 2 5 50
1 6 66 32 35 65 11 82
1 5 24 57 75 87 93
1 6 62 32 28 46 73 2
1 5 23 56 74 85 92
1 7 24 57 17 75 89 1 93
1 4 17 2 6 1
1 3 16 27 28
1 5 7 46 2 6 11
1 6 62 32 28 11 73 85
1 4 27 14 2 6
1 3 62 46 73
1 3 23 85 92
1 4 3 2 2 6
1 7 24 57 75 88 3 1 93
1 7 24 57 75 88 94 87 93
1 7 24 57 75 6 93 2 1
1 6 24 75 88 49 1 93
1 9 24 57 75 87 93 2 6 2 6
1 7 23 56 74 2 3 85 92
1 8 23 56 74 92 85 2 6 3
1 7 23 56 74 85 92 2 2
1 7 23 56 74 85 92 2 6
1 7 24 57 75 88 5 93 1
1 7 24 57 17 75 89 93 6
1 6 24 57 75 88 87 93
1 6 24 75 88 87 93 2
1 4 24 75 87 93
1 4 24 89 1 93
1 5 23 56 92 85 6
1 4 24 75 87 93
1 6 57 2 1 93 2 6
1 5 24 2 3 1 93
1 4 24 75 87 93
1 6 24 75 88 87 93 6
1 8 24 75 88 94 87 93 2 6
1 3 3 2 6
1 5 24 75 88 87 93
1 7 24 89 1 93 2 6 1
1 7 38 68 67 22 2 6 2
1 8 38 60 68 83 67 2 6 22
1 4 27 14 2 6
1 5 24 2 3 1 93
1 6 24 57 75 88 87 93
1 7 24 57 75 87 93 89 2
1 4 2 2 2 2
1 7 6 2 6 1 3 2 48
1 3 18 2 6
1 6 6 2 2 6 1 48
1 4 2 6 2 6
1 4 16 18 47 2
1 6 7 1 2 6 2 3
1 10 2 6 2 3 2 6 2 6 2 2
1 4 16 16 7 6
1 4 17 2 6 2
1 6 16 16 2 6 2 6
1 5 7 47 6 2 48
1 7 2 6 1 2 6 2 6
1 4 16 2 48 6
1 7 16 19 16 17 2 6 46
1 11 1 2 6 2 6 1 2 6 6 2 47
1 8 6 2 6 5 47 46 2 3
1 4 18 6 2 2
1 7 18 2 2 6 2 6 2
1 6 6 14 1 2 6 2
1 4 2 2 6 2
1 5 7 2 3 2 51
1 5 2 3 6 1 2
1 8 1 2 6 2 6 1 2 6
1 7 1 2 6 1 2 6 2
1 3 6 2 6
1 3 18 2 6
1 4 46 2 6 1
1 9 24 57 75 93 2 6 2 6 1
1 8 24 57 79 75 88 94 87 93
1 7 24 57 75 88 94 87 93
1 4 93 93 10 1
1 8 24 57 75 6 93 2 6 1
1 4 2 2 6 1
1 10 66 32 65 11 6 5 82 2 6 21
1 5 73 82 21 2 51
1 13 17 54 17 54 17 54 17 54 17 54 2 6 46
1 4 2 6 2 6
1 7 23 56 74 85 92 2 6
1 7 24 57 75 87 93 2 6
1 3 7 2 6
1 3 3 2 6
1 6 6 2 1 6 2 6
1 4 24 57 75 89
1 6 2 6 5 2 6 5
1 6 2 2 2 6 6 2
1 4 3 1 2 6
1 3 6 2 6
1 6 2 6 2 6 2 5
1 5 2 6 2 6 1
1 9 51 6 11 2 2 3 2 3 85
1 4 17 17 2 6
1 6 6 2 2 11 2 3
1 3 2 2 6
1 3 6 2 3
1 4 28 2 85 2
1 3 4 2 3
1 4 2 6 6 2
1 3 2 6 18
1 3 16 2 3
1 3 7 6 2
1 5 2 6 2 2 3
1 3 3 6 2
1 5 47 48 6 2 47
1 3 47 2 6
1 3 7 2 6
1 3 7 2 7
1 11 25 58 77 90 7 1 93 2 51 2 2
1 3 17 17 16
1 3 28 2 6
1 6 62 32 28 11 46 73
1 5 23 56 74 85 92
1 4 43 71 84 91
1 3 2 3 7
1 5 2 2 51 2 6
1 3 16 16 7
1 4 16 17 2 48
1 4 16 17 2 3
1 4 2 51 2 46
1 4 3 2 6 3
1 4 16 17 2 6
1 4 2 6 1 3
1 5 16 17 2 51 1
1 3 16 2 51
1 3 16 17 2
1 3 18 2 18
1 8 3 6 3 2 6 2 48 6
1 3 2 6 2
1 4 1 2 6 6
1 3 5 2 3
1 5 2 6 2 6 1
1 8 24 57 75 89 93 2 6 1
1 4 2 6 2 22
1 13 34 64 80 50 2 48 28 2 6 5 2 6 46
1 4 28 2 3 6
1 14 24 57 75 89 93 6 2 6 1 2 6 1 2 3
1 4 28 2 2 6
1 13 23 56 74 92 2 2 3 85 2 6 28 2 6
1 11 2 6 46 3 2 6 2 6 1 2 6
1 8 24 57 75 88 94 87 93 2
1 5 24 57 75 93 2
1 5 3 3 28 6 2
1 9 51 46 3 2 6 2 3 2 6
1 3 28 2 6
1 3 28 6 47
1 4 28 6 2 46
1 3 28 6 48
1 3 28 2 6
1 3 28 2 6
1 8 17 46 2 2 46 6 46 6
1 3 16 2 6
1 3 5 2 46
1 3 22 2 2
1 3 1 2 48
1 4 2 6 2 6
1 3 2 2 6
1 4 1 2 6 2
1 3 17 2 18
1 4 3 1 2 2
1 4 3 3 2 47
1 5 2 48 6 2 6
1 5 2 1 2 2 48
1 4 2 2 2 6
1 7 57 89 1 2 2 6 2
1 3 24 75 93
1 3 5 2 6
1 3 22 2 46
1 3 17 1 2
1 5 16 17 2 3 1
1 7 24 57 75 89 93 1 2
1 4 1 2 2 6
1 3 2 2 6
1 5 23 56 74 86 92
1 3 85 2 6
1 14 2 2 2 2 2 2 6 51 2 6 11 6 2 6
1 10 2 51 6 2 6 11 6 53 2 46
1 9 2 51 6 2 6 6 6 11 3
1 9 51 2 2 6 6 2 6 11 2
1 4 2 2 2 2
1 5 2 46 6 11 2
1 8 49 2 6 6 2 2 6 11
1 6 24 57 75 89 93 3
1 3 2 2 6
1 14 24 57 75 89 93 6 1 2 3 6 1 3 1 48
1 12 1 1 3 1 2 6 46 1 2 1 3 1
1 17 2 3 6 2 3 3 3 2 6 3 2 3 2 6 2 2 6
1 14 34 64 80 2 6 5 50 2 6 5 2 5 2 3
1 19 6 5 5 2 6 6 5 2 5 2 3 6 5 2 3 6 5 2 3
1 14 24 57 75 89 93 1 2 3 1 2 6 1 2 6
1 13 1 1 1 6 1 48 1 2 6 6 1 2 6
1 14 23 56 74 92 2 48 85 2 85 2 3 85 2 6
1 6 23 56 74 2 92 85
1 11 24 57 75 89 93 1 2 46 1 3 46
1 9 24 57 75 89 93 6 1 2 3
1 10 1 2 3 6 1 2 46 1 2 48
1 11 2 2 3 6 2 6 2 6 2 2 6
1 3 3 2 6
1 4 6 6 1 3
1 5 5 51 2 2 51
1 5 2 6 3 2 2
1 3 18 2 16
1 3 6 2 47
1 3 6 6 2
1 6 85 2 85 2 6 2
1 4 3 6 6 2
1 5 16 17 2 48 1
1 16 17 6 2 51 2 49 2 6 11 53 6 2 6 2 2 2
1 9 17 17 6 6 6 6 6 2 3
1 6 44 2 2 6 2 85
1 16 17 6 2 6 2 6 2 11 6 6 6 2 11 6 2 6
1 4 44 3 5 2
1 15 2 6 14 1 6 2 6 2 51 6 2 6 11 6 46
1 10 1 2 2 6 6 2 11 6 6 6
1 8 17 2 6 51 2 6 2 6
1 3 44 1 2
1 9 17 2 6 2 6 6 2 11 48
1 3 2 1 6
1 11 17 2 6 51 6 6 11 2 11 3 6
1 10 2 6 2 2 11 6 6 2 6 11
1 5 6 2 11 6 6
1 3 17 44 17
1 10 17 44 6 11 53 2 6 6 6 6
1 4 2 6 2 6
1 5 17 17 17 44 17
1 6 2 6 6 11 6 6
1 15 6 2 6 6 6 6 2 6 6 11 2 6 11 6 6
1 6 17 6 2 2 11 6
1 4 6 2 6 6
1 16 2 6 51 6 6 2 49 6 6 11 6 6 6 11 48 6
1 11 11 6 2 6 2 6 6 11 3 6 3
1 8 17 2 6 2 6 11 6 6
1 7 11 6 2 6 2 6 6
1 10 17 6 6 2 6 11 3 48 6 6
1 10 6 2 6 2 6 51 6 2 6 11
1 8 6 51 2 11 48 6 6 6
1 4 17 17 17 17
1 9 6 51 6 2 2 6 11 6 46
1 11 2 6 51 6 2 6 6 11 48 6 6
1 3 6 2 6
1 10 6 2 49 6 51 6 6 2 11 6
1 3 2 3 2
1 3 93 24 2
1 3 19 55 55
1 3 19 55 55
1 3 19 55 55
1 3 19 55 12
1 4 24 89 1 93
1 6 24 57 79 75 87 93
1 9 6 6 6 6 2 6 2 11 6
1 5 24 57 75 87 93
1 6 24 79 75 88 87 93
1 11 27 28 6 6 6 6 6 2 11 49 6
1 13 85 51 6 6 6 6 51 2 2 6 11 6 6
1 4 24 75 87 93
1 8 6 6 6 2 6 11 6 6
1 4 24 75 87 93
1 8 24 57 75 89 93 6 2 1
1 11 34 64 80 5 50 6 6 2 11 6 6
1 3 24 1 93
1 6 24 57 79 75 87 93
1 7 6 6 6 51 2 11 48
1 6 24 57 79 75 87 93
1 9 6 6 6 2 11 6 48 6 2
1 5 24 75 47 1 93
1 11 7 46 51 6 6 51 2 11 6 6 49
1 7 24 57 79 75 89 1 93
1 3 16 17 48
1 3 19 55 47
1 10 6 6 6 2 6 11 48 6 2 6
1 12 6 6 6 6 2 11 6 48 49 2 2 6
1 8 46 6 6 6 2 11 6 6
1 13 22 6 2 6 6 6 51 2 11 6 49 6 46
1 13 22 51 6 6 6 51 6 2 6 11 6 49 6
1 7 46 6 6 6 6 2 11
1 16 34 64 80 2 46 50 51 6 2 2 51 6 2 11 49 5
1 7 6 2 11 6 48 6 3
1 10 6 6 6 6 51 6 2 11 6 6
1 5 6 6 2 11 6
1 8 6 6 6 6 6 6 2 11
1 3 24 1 93
1 6 24 57 75 6 1 93
1 4 6 11 6 2
1 3 11 2 2
1 4 11 49 2 51
1 3 6 11 6
1 3 11 2 6
1 3 7 2 6
1 7 23 56 74 86 85 92 11
1 11 46 6 6 6 2 11 6 6 6 6 6
1 4 17 54 17 54
1 14 6 2 6 6 51 6 6 2 6 6 11 6 6 6
1 3 45 45 72
1 8 25 58 77 90 95 6 1 93
1 3 24 93 1
1 13 51 6 2 6 51 6 6 2 6 6 11 3 6
1 3 2 5 6
1 3 7 6 2
1 6 57 79 89 1 93 3
1 3 11 6 6
1 5 19 16 17 3 6
1 5 6 6 11 6 2
1 7 24 57 75 87 93 6 46
1 5 6 11 6 51 6
1 5 6 11 51 2 6
1 7 24 57 75 88 47 1 93
1 9 6 6 11 6 6 2 2 6 2
1 5 11 6 2 6 6
1 5 24 75 87 93 3
1 5 93 6 11 2 3
1 4 24 75 87 93
1 10 92 6 11 51 11 6 6 2 6 6
1 6 24 57 75 87 93 47
1 3 27 48 2
1 4 3 11 51 6
1 6 24 57 75 6 1 93
1 8 6 6 51 6 6 3 2 6
1 6 11 6 6 3 2 47
1 8 6 11 6 6 51 2 6 46
1 6 24 57 79 75 87 93
1 4 11 6 6 2
1 4 11 6 6 6
1 4 11 6 51 6
1 3 11 51 6
1 5 19 19 19 16 19
1 4 19 19 19 2
1 6 16 19 16 17 2 6
1 5 19 19 6 46 2
1 4 16 17 17 1
1 4 93 6 2 6
1 3 7 2 6
1 3 6 30 17
1 4 3 2 6 2
1 3 2 2 3
1 4 6 2 2 46
1 5 2 2 6 2 6
1 3 3 4 3
1 3 93 93 93
1 7 19 19 19 16 17 2 6
1 5 16 2 6 52 93
1 5 11 6 6 51 6
1 4 34 2 2 5
1 5 16 17 2 6 1
1 5 19 16 17 2 6
1 3 16 17 46
1 4 6 3 3 3
