765 96
1 6 1 2 3 4 5 3
1 3 2 5 6
1 4 7 6 5 6
1 5 6 6 5 6 6
1 9 6 5 8 8 6 8 5 6 5
1 7 1 9 3 10 5 54 6
1 3 3 5 3
1 3 5 54 77
1 3 3 5 1
1 6 2 5 6 2 3 5
1 6 10 3 5 3 5 3
1 5 5 94 5 3 2
1 5 11 78 54 6 2
1 4 94 5 55 2
1 3 5 3 94
1 4 12 12 94 94
1 9 13 2 5 3 52 3 3 5 94
1 9 3 5 52 5 3 5 3 5 6
1 4 12 5 3 2
1 7 14 14 3 5 3 94 3
1 5 15 94 2 5 3
1 4 16 5 3 2
1 6 17 61 82 5 18 18
1 3 19 20 5
1 3 19 20 5
1 4 21 5 3 10
1 5 13 3 5 55 2
1 4 5 3 5 6
1 3 22 5 3
1 3 1 6 2
1 3 1 5 56
1 3 5 55 5
1 7 22 5 54 77 6 5 4
1 3 22 5 3
1 5 2 5 54 4 5
1 5 2 5 6 5 6
1 6 2 5 6 6 6 2
1 5 2 3 5 54 2
1 3 5 54 6
1 6 2 6 5 54 55 2
1 3 22 5 3
1 3 8 5 3
1 4 8 5 55 8
1 3 19 22 3
1 3 5 3 19
1 3 3 5 19
1 4 22 5 3 6
1 4 23 5 54 77
1 4 2 5 54 24
1 5 5 2 5 54 5
1 4 2 55 5 3
1 4 2 5 3 5
1 3 5 54 77
1 6 23 19 20 5 3 4
1 3 23 20 4
1 4 25 14 63 14
1 3 2 5 55
1 3 22 6 4
1 4 20 65 5 3
1 3 19 5 3
1 3 5 3 1
1 4 2 5 3 6
1 4 23 19 5 3
1 4 20 3 5 3
1 4 19 20 5 3
1 7 2 5 3 3 3 5 56
1 4 26 3 5 56
1 3 6 5 3
1 3 5 54 77
1 3 2 3 5
1 4 3 5 54 77
1 4 2 5 3 6
1 3 27 2 5
1 3 2 5 3
1 3 20 6 5
1 3 5 3 6
1 3 5 6 6
1 3 1 6 3
1 5 21 24 10 5 6
1 3 5 8 5
1 5 94 94 3 2 6
1 3 6 5 3
1 3 2 5 55
1 3 5 54 6
1 3 3 6 6
1 3 5 3 24
1 3 24 24 5
1 3 24 5 54
1 3 24 24 24
1 3 65 65 23
1 3 24 24 24
1 5 6 6 2 5 3
1 3 3 5 3
1 4 6 3 5 94
1 3 3 5 94
1 3 3 22 94
1 6 19 1 4 77 51 94
1 3 6 6 94
1 5 24 6 5 94 94
1 3 3 6 6
1 3 19 5 56
1 5 5 54 6 5 6
1 3 22 5 54
1 5 2 3 5 3 2
1 4 20 3 5 3
1 3 28 3 5
1 3 22 5 3
1 4 28 3 5 3
1 5 2 3 3 5 56
1 4 2 5 56 4
1 5 20 3 3 5 3
1 4 2 3 56 24
1 4 2 5 54 77
1 4 2 6 5 3
1 5 2 3 5 56 3
1 4 9 5 54 6
1 6 29 66 83 90 10 21
1 6 9 5 3 10 5 6
1 8 20 94 5 94 2 5 6 5
1 8 11 58 78 89 94 5 54 77
1 3 5 3 2
1 11 5 6 3 8 3 5 3 5 3 5 4
1 3 20 5 3
1 7 11 58 78 94 5 3 94
1 5 5 3 8 8 2
1 7 89 2 5 3 2 5 2
1 3 22 5 54
1 5 1 5 10 5 3
1 4 8 3 8 6
1 5 22 6 2 5 6
1 3 5 2 5
1 5 89 2 3 89 2
1 3 19 5 4
1 3 19 20 56
1 4 23 23 20 3
1 5 23 23 20 3 5
1 3 19 20 3
1 3 23 23 20
1 6 6 2 5 2 5 6
1 3 3 5 3
1 6 23 23 23 20 3 4
1 10 22 6 89 2 3 5 6 2 5 3
1 9 15 60 79 80 58 81 78 88 94
1 3 20 5 3
1 7 89 2 5 6 2 5 6
1 3 28 5 28
1 3 89 2 2
1 3 3 5 6
1 6 5 6 6 6 5 3
1 3 1 5 8
1 4 5 8 5 3
1 3 56 5 3
1 5 11 58 78 89 94
1 4 94 5 3 3
1 5 11 58 78 54 94
1 7 11 58 78 54 77 88 94
1 6 10 5 94 5 3 10
1 8 11 58 78 89 94 94 5 3
1 4 19 5 3 4
1 4 12 20 12 94
1 4 5 6 4 5
1 3 22 5 3
1 7 15 30 67 84 32 52 4
1 6 58 84 89 3 2 94
1 5 30 84 30 67 32
1 3 67 84 32
1 3 30 78 54
1 4 31 52 6 4
1 3 15 30 32
1 4 11 11 15 78
1 4 31 5 54 6
1 5 15 60 67 32 94
1 6 30 67 84 32 89 3
1 3 15 60 94
1 5 15 60 67 84 78
1 3 31 5 54
1 3 30 67 32
1 4 11 15 94 6
1 5 15 60 81 89 94
1 6 31 30 67 32 5 3
1 4 15 60 81 94
1 10 30 67 84 32 5 3 5 3 5 3
1 3 67 84 32
1 11 33 29 31 1 32 5 3 5 3 3 3
1 9 33 29 31 30 67 1 32 5 54
1 8 29 30 67 84 1 32 90 90
1 9 23 65 31 5 4 5 3 4 4
1 6 23 19 65 5 54 77
1 4 20 67 84 4
1 3 34 68 32
1 4 20 31 63 5
1 3 23 19 3
1 8 23 65 31 85 32 4 53 52
1 4 20 63 5 3
1 6 34 20 67 84 68 32
1 4 23 23 23 65
1 3 34 68 4
1 5 35 30 67 84 32
1 8 35 30 67 84 32 3 5 4
1 7 19 65 67 32 5 6 5
1 4 34 69 20 31
1 3 19 20 5
1 3 65 3 5
1 7 34 69 19 20 67 84 32
1 8 29 66 83 90 10 21 4 53
1 4 85 5 24 5
1 9 15 60 19 20 67 84 1 51 4
1 7 11 58 84 78 54 2 94
1 9 19 20 67 84 1 51 24 52 5
1 5 15 60 65 63 94
1 3 31 20 63
1 5 65 31 5 6 5
1 3 19 67 24
1 4 34 69 20 83
1 7 34 69 19 20 67 84 32
1 3 65 5 24
1 6 34 29 19 20 67 32
1 3 65 5 3
1 7 34 69 19 20 67 84 32
1 8 29 66 83 90 10 21 4 53
1 3 65 5 3
1 6 34 69 19 67 84 32
1 3 65 24 52
1 7 34 69 19 20 67 84 32
1 7 33 69 65 20 67 84 32
1 4 35 30 5 55
1 6 15 30 84 32 89 55
1 4 35 30 5 6
1 3 67 84 32
1 4 35 30 5 3
1 5 15 60 67 84 32
1 7 35 30 67 84 32 5 55
1 3 15 60 94
1 9 15 60 30 84 1 32 89 5 3
1 6 31 1 30 67 32 5
1 7 35 67 84 1 32 5 3
1 4 11 15 60 94
1 8 30 67 84 32 5 3 5 3
1 3 36 91 90
1 3 30 22 5
1 3 67 84 32
1 6 17 37 36 91 95 70
1 4 30 67 84 32
1 3 36 91 95
1 3 38 39 70
1 11 30 67 84 32 52 6 3 5 54 77 5
1 4 15 60 84 94
1 7 15 60 30 67 84 32 52
1 4 67 84 32 5
1 3 30 67 32
1 4 15 60 81 94
1 6 30 67 84 32 5 3
1 5 35 71 67 32 5
1 3 40 41 31
1 3 67 84 32
1 3 40 41 96
1 3 22 5 3
1 4 38 39 67 32
1 5 30 67 84 32 52
1 3 38 39 70
1 6 31 31 30 67 32 5
1 5 35 30 32 5 3
1 4 35 3 5 54
1 4 30 67 84 32
1 7 35 30 67 84 22 32 5
1 5 31 30 32 5 6
1 4 31 5 6 5
1 4 85 31 5 6
1 7 30 67 22 32 52 5 3
1 4 33 29 31 21
1 7 30 67 84 32 5 6 4
1 3 15 60 94
1 5 15 60 84 78 94
1 7 42 72 67 84 22 5 54
1 4 15 60 80 78
1 5 43 30 67 84 32
1 7 43 72 67 84 30 22 64
1 4 67 84 1 32
1 4 30 67 84 5
1 9 15 60 84 1 81 30 67 32 5
1 6 31 30 5 3 5 3
1 3 30 5 3
1 5 30 22 5 54 77
1 3 67 84 32
1 3 15 60 94
1 5 30 67 84 78 54
1 6 31 30 67 32 6 52
1 9 15 60 30 67 84 32 5 6 5
1 3 30 78 6
1 7 44 30 67 84 27 5 6
1 7 44 35 30 67 84 27 52
1 6 44 35 30 67 27 5
1 4 31 31 31 24
1 3 31 31 31
1 3 31 31 31
1 3 31 31 1
1 3 31 31 31
1 3 31 31 31
1 3 31 31 31
1 3 31 31 31
1 3 31 31 31
1 4 31 31 1 31
1 3 31 31 31
1 3 31 31 31
1 3 30 5 3
1 4 30 32 5 32
1 4 35 30 24 5
1 5 35 30 32 5 6
1 7 37 17 30 32 5 3 18
1 3 30 32 5
1 4 37 17 62 18
1 7 15 60 30 84 32 5 6
1 5 15 60 30 78 54
1 5 11 30 32 5 6
1 3 15 35 6
1 4 45 73 32 13
1 6 45 73 32 13 3 5
1 6 35 30 22 32 5 6
1 3 45 73 13
1 4 45 73 30 32
1 5 33 29 30 83 90
1 6 33 29 35 30 83 21
1 7 33 29 30 32 5 3 21
1 3 30 32 5
1 3 30 52 4
1 6 15 60 30 5 3 4
1 3 31 31 1
1 7 35 30 32 5 6 32 5
1 6 30 32 5 6 32 94
1 4 15 60 81 94
1 4 30 32 5 6
1 3 31 1 31
1 3 31 31 24
1 3 5 3 4
1 4 5 3 5 3
1 3 19 5 3
1 4 23 19 5 55
1 3 3 5 1
1 3 20 5 19
1 5 3 5 3 5 55
1 4 3 2 6 5
1 7 3 28 5 3 5 54 24
1 3 28 5 3
1 9 17 61 82 5 18 3 8 5 56
1 4 20 1 5 3
1 11 11 58 78 89 94 2 5 56 5 55 3
1 7 29 66 83 90 21 10 5
1 3 20 5 3
1 5 2 5 3 5 54
1 3 2 5 55
1 5 2 89 5 3 3
1 3 2 5 56
1 3 5 54 77
1 3 2 5 6
1 3 6 20 5
1 4 2 3 5 3
1 4 2 5 56 5
1 3 89 3 2
1 4 46 20 6 6
1 4 5 3 5 6
1 3 23 23 23
1 10 20 20 5 52 6 6 5 6 5 3
1 5 5 54 2 5 3
1 7 5 3 6 5 3 2 5
1 3 5 54 10
1 7 3 5 6 52 5 6 8
1 3 3 5 3
1 3 5 1 3
1 3 3 5 56
1 3 5 3 6
1 3 3 5 56
1 4 1 5 3 6
1 3 22 3 2
1 5 23 19 20 5 3
1 4 32 8 3 8
1 3 19 20 2
1 3 19 20 6
1 3 1 24 2
1 3 19 19 20
1 3 22 6 2
1 4 3 5 54 77
1 9 46 46 12 12 32 2 5 54 2
1 4 6 2 5 2
1 5 27 2 5 3 2
1 3 32 2 2
1 4 32 2 6 2
1 4 32 2 6 2
1 5 32 6 6 6 6
1 4 19 20 5 3
1 4 19 20 5 3
1 4 19 20 5 3
1 5 19 20 5 3 2
1 5 19 5 3 5 3
1 4 19 19 5 3
1 3 19 5 3
1 4 19 19 5 3
1 3 5 54 77
1 4 3 3 5 3
1 3 5 3 24
1 4 3 5 54 77
1 6 1 5 54 5 3 5
1 3 3 55 5
1 4 6 3 3 5
1 5 3 5 3 5 3
1 3 5 3 5
1 7 5 3 2 5 54 77 88
1 5 11 58 78 88 94
1 3 19 1 4
1 6 69 32 4 53 5 3
1 7 39 85 91 5 18 8 6
1 5 39 85 91 52 70
1 4 29 36 83 21
1 6 17 61 82 5 8 18
1 5 11 58 78 88 94
1 6 69 85 32 4 53 5
1 7 11 58 20 78 89 2 94
1 4 20 5 3 2
1 3 19 31 32
1 6 69 85 32 52 53 10
1 4 31 27 5 3
1 3 69 4 53
1 3 69 4 53
1 4 6 5 54 77
1 7 11 58 78 54 6 2 94
1 7 11 58 78 54 77 88 94
1 6 11 78 54 57 2 94
1 5 11 78 6 2 94
1 8 11 58 78 89 6 94 5 2
1 9 11 58 78 88 94 5 3 5 3
1 7 29 66 83 5 6 10 21
1 7 29 66 83 10 21 5 54
1 7 29 66 83 10 21 5 3
1 7 11 58 78 54 8 94 2
1 7 11 58 20 78 89 94 3
1 6 11 58 78 54 2 94
1 3 5 3 2
1 3 11 2 94
1 6 11 78 54 2 94 5
1 4 11 78 88 94
1 6 58 5 2 94 5 3
1 6 11 58 78 89 94 2
1 4 11 78 88 94
1 5 11 58 78 88 94
1 6 11 58 78 94 5 2
1 7 11 58 78 54 2 94 5
1 8 11 78 54 77 88 94 5 3
1 6 11 58 78 89 2 94
1 3 58 2 94
1 3 11 78 89
1 3 6 5 3
1 5 11 78 54 2 94
1 6 11 78 89 2 94 52
1 7 11 89 2 94 5 3 2
1 8 41 71 86 92 96 5 3 28
1 10 41 71 86 92 96 28 5 3 5 6
1 5 11 5 6 2 94
1 6 11 58 78 54 94 2
1 6 11 58 78 54 2 94
1 7 11 58 78 88 94 89 5
1 4 5 54 5 54
1 3 22 5 3
1 6 3 5 54 77 88 56
1 3 1 5 4
1 4 5 3 5 3
1 4 19 22 24 5
1 4 19 19 5 3
1 10 5 3 5 6 5 3 5 3 5 54
1 4 19 19 1 3
1 4 20 5 3 5
1 6 19 19 5 3 5 3
1 7 5 3 2 5 3 5 3
1 4 19 5 56 3
1 7 19 23 19 20 5 3 4
1 8 3 5 3 8 24 4 5 6
1 4 22 3 5 54
1 5 5 56 5 54 77
1 7 22 5 54 77 5 3 5
1 4 5 55 5 54
1 6 3 2 5 54 6 6
1 6 3 27 2 5 3 5
1 8 2 5 3 5 3 2 5 3
1 7 2 5 3 2 5 3 5
1 3 3 5 3
1 4 4 5 3 2
1 3 5 3 8
1 9 11 58 78 94 5 3 5 3 2
1 8 11 58 84 78 54 77 88 94
1 7 11 58 78 54 77 88 94
1 4 5 54 77 88
1 10 39 85 91 52 3 8 70 5 3 26
1 13 20 63 20 63 20 63 20 63 20 63 5 3 4
1 4 5 3 5 3
1 3 1 5 3
1 3 6 5 3
1 5 80 27 5 3 2
1 4 11 58 78 89
1 5 9 3 5 3 10
1 6 5 3 8 5 3 8
1 6 5 54 5 3 3 5
1 4 6 2 5 3
1 6 5 3 5 3 5 8
1 4 3 5 3 2
1 5 5 3 5 3 2
1 4 20 20 5 3
1 6 3 5 54 52 5 6
1 6 5 6 3 5 3 6
1 3 5 54 77
1 3 3 5 6
1 4 32 5 10 5
1 3 7 5 6
1 4 5 3 3 5
1 3 19 5 6
1 3 5 3 4
1 3 1 1 6
1 3 1 3 5
1 12 15 60 80 12 59 55 2 5 2 5 6 5
1 5 11 58 78 89 94
1 5 5 3 5 54 6
1 3 5 1 5
1 3 24 5 3
1 3 1 5 3
1 3 1 5 1
1 3 3 5 6
1 3 32 5 3
1 6 69 85 32 52 4 53
1 5 29 66 83 10 21
1 4 47 74 87 93
1 5 5 54 55 5 3
1 3 19 19 1
1 4 19 20 5 56
1 4 19 20 5 6
1 4 6 5 3 6
1 4 5 3 2 6
1 5 19 20 5 55 2
1 3 19 19 24
1 3 19 5 55
1 3 19 20 5
1 3 22 5 22
1 8 6 3 6 5 3 5 56 3
1 3 5 3 5
1 4 2 5 3 3
1 3 1 5 3
1 3 8 5 6
1 4 2 5 3 4
1 3 5 3 3
1 8 11 58 78 89 94 5 3 2
1 13 17 61 82 18 5 56 32 5 3 8 5 3 4
1 4 32 5 6 3
1 14 11 58 78 89 94 3 5 3 2 5 3 2 5 6
1 4 32 5 54 77
1 13 29 66 83 21 5 54 6 10 5 3 32 5 3
1 13 5 6 5 3 3 5 6 5 3 5 3 5 6
1 11 5 3 4 6 5 3 5 3 2 5 3
1 11 5 3 5 54 6 5 6 5 3 5 6
1 8 11 58 78 54 77 88 94 5
1 5 6 6 32 3 5
1 9 55 4 6 5 3 5 6 5 3
1 3 32 5 3
1 4 32 3 5 4
1 3 5 3 5
1 3 32 3 56
1 3 32 5 3
1 8 20 4 5 54 4 77 4 77
1 3 19 5 3
1 3 8 5 4
1 3 28 5 54
1 3 2 5 56
1 6 2 5 54 77 5 6
1 3 5 54 77
1 4 2 5 3 5
1 3 20 5 22
1 4 6 2 5 54
1 4 6 6 5 24
1 5 5 56 3 5 3
1 5 5 2 5 54 56
1 4 5 54 5 3
1 7 58 89 2 5 54 77 5
1 3 11 78 94
1 3 8 5 3
1 3 28 5 4
1 3 20 5 3
1 3 2 5 3
1 3 20 2 5
1 5 11 58 78 89 94
1 5 19 20 5 6 2
1 7 11 58 78 89 94 2 5
1 7 11 58 78 89 94 2 5
1 4 2 5 54 77
1 5 29 66 83 90 21
1 3 10 5 3
1 10 5 55 3 5 3 52 3 76 5 4
1 9 5 55 3 5 3 3 3 52 6
1 9 55 5 54 77 3 5 3 52 5
1 7 22 3 3 3 3 3 5
1 4 5 54 5 54
1 5 5 4 77 52 5
1 8 5 3 5 3 5 3 52 3
1 8 57 5 3 3 5 54 77 52
1 12 2 2 6 2 5 3 4 2 5 2 6 2
1 17 5 6 3 5 6 6 6 5 3 6 5 6 5 3 5 54 77
1 19 3 8 8 5 3 3 8 5 8 5 6 3 8 5 6 3 8 5 6
1 14 11 58 78 89 94 2 5 6 2 5 3 2 5 3
1 13 2 2 2 3 2 56 2 5 3 3 2 5 3
1 14 29 66 83 21 5 56 10 5 10 5 6 10 5 3
1 6 29 66 83 5 21 10
1 12 10 5 3 10 5 10 5 3 10 5 10 56
1 9 11 58 78 89 94 3 2 5 6
1 11 5 54 6 3 5 3 5 3 5 54 77
1 8 3 5 6 5 3 3 5 55
1 3 6 5 3
1 5 8 55 5 54 55
1 5 5 3 6 5 54
1 3 22 5 19
1 3 3 5 24
1 3 3 3 5
1 6 10 5 10 5 3 5
1 4 6 3 3 5
1 4 22 22 5 8
1 5 3 5 3 5 3
1 3 6 5 3
1 5 19 20 5 56 2
1 16 20 3 5 55 5 57 5 3 52 76 3 5 3 5 54 5
1 6 48 5 54 77 5 10
1 16 20 3 5 3 5 3 5 52 3 3 3 5 52 3 5 3
1 12 20 5 54 52 76 3 3 3 3 5 6 6
1 15 5 3 27 2 3 5 3 5 55 3 5 3 52 3 4
1 10 2 5 54 77 3 5 52 3 3 3
1 8 20 5 3 55 5 3 5 3
1 3 48 2 5
1 9 20 5 3 5 3 3 5 52 56
1 3 5 2 3
1 11 20 5 3 55 3 3 52 5 52 6 3
1 4 5 54 77 88
1 10 5 3 5 54 52 3 3 5 3 52
1 5 3 5 52 3 3
1 10 20 48 3 52 76 5 3 3 3 3
1 4 5 3 5 3
1 5 20 20 20 48 20
1 6 5 3 3 52 3 3
1 15 3 5 3 3 3 3 5 3 3 52 5 3 52 3 3
1 6 20 3 5 54 52 3
1 4 3 5 3 3
1 16 5 3 55 3 3 5 57 3 3 52 3 3 3 52 56 3
1 11 52 3 5 3 5 3 3 52 6 3 6
1 10 20 3 3 5 3 52 6 56 3 3
1 10 3 5 3 5 3 55 3 5 3 52
1 4 5 3 52 3
1 8 3 55 5 52 56 3 3 3
1 4 20 20 20 20
1 11 5 3 55 3 5 3 3 52 56 3 3
1 9 3 3 5 3 5 3 3 52 3
1 3 3 5 3
1 10 3 5 57 3 55 3 3 5 52 3
1 3 5 6 5
1 3 94 11 5
1 3 11 5 3
1 3 23 65 65
1 3 23 65 65
1 3 23 65 65
1 3 23 65 65
1 3 23 65 14
1 4 11 89 2 94
1 9 3 3 3 3 3 5 52 3 3
1 6 11 58 84 78 88 94
1 9 3 3 3 3 5 3 5 52 3
1 5 11 58 78 88 94
1 13 5 3 3 55 3 3 5 52 3 3 3 3 3
1 6 11 84 78 54 2 94
1 11 31 32 3 3 3 3 3 5 52 57 3
1 4 11 84 2 94
1 13 10 55 3 3 3 3 55 5 54 77 52 3 3
1 4 11 78 88 94
1 5 5 52 3 3 6
1 8 11 58 78 89 94 3 5 2
1 11 17 61 82 8 18 3 3 5 52 3 3
1 3 11 2 94
1 14 3 3 3 3 55 3 3 5 52 3 3 3 5 54
1 6 11 58 84 78 88 94
1 6 11 58 84 78 88 94
1 9 3 3 3 5 52 3 56 3 5
1 5 11 78 24 2 94
1 7 11 58 84 78 89 2 94
1 12 3 5 55 3 3 3 3 55 5 3 52 3
1 3 19 20 56
1 11 4 77 3 3 3 3 3 5 3 52 3
1 12 3 3 3 3 5 52 3 56 57 5 54 77
1 8 4 77 3 3 5 52 3 3
1 13 28 3 5 3 3 3 55 5 52 3 57 3 4
1 13 28 55 3 3 3 55 3 5 3 52 3 57 3
1 7 4 77 3 3 3 5 52
1 16 17 61 82 5 4 18 55 3 5 54 55 3 5 52 57 8
1 10 3 3 3 3 55 3 5 52 3 3
1 5 3 3 5 52 3
1 8 3 3 3 3 3 3 5 52
1 10 3 3 3 3 3 5 52 3 3 3
1 3 11 2 94
1 6 11 58 78 3 2 94
1 5 11 89 6 2 94
1 3 52 5 54
1 4 52 57 5 55
1 7 17 61 82 5 3 8 18
1 3 3 52 3
1 3 1 5 3
1 11 4 77 3 3 5 52 3 3 3 3 3
1 9 4 77 3 3 3 3 3 52 57
1 4 20 63 20 63
1 14 3 5 3 3 55 3 3 5 3 3 52 3 3 3
1 3 49 49 75
1 9 3 52 3 55 5 54 5 54 77
1 3 1 3 5
1 6 58 84 89 2 94 6
1 5 23 19 20 6 3
1 5 3 3 52 3 5
1 7 11 58 78 88 94 3 4
1 5 3 52 55 5 3
1 3 19 20 5
1 7 11 58 78 54 24 2 94
1 4 11 78 88 94
1 9 3 3 52 3 3 5 54 77 5
1 5 52 3 5 3 3
1 5 3 52 3 5 24
1 5 11 78 88 94 6
1 5 94 3 52 5 6
1 10 21 3 52 55 52 3 3 5 3 3
1 6 11 58 78 88 94 24
1 3 31 5 3
1 4 3 52 3 5
1 3 31 56 5
1 4 6 52 55 3
1 7 11 58 78 94 5 3 2
1 4 94 52 3 8
1 4 11 3 2 94
1 6 11 58 78 3 2 94
1 8 3 3 55 3 3 6 5 3
1 6 52 3 3 6 5 24
1 6 11 58 84 78 88 94
1 4 52 3 3 5
1 6 11 84 78 54 2 94
1 3 52 3 5
1 4 52 3 55 3
1 3 52 55 3
1 4 5 6 5 6
1 7 50 10 56 5 54 6 4
1 5 18 5 3 3 5
1 5 23 23 23 19 23
1 4 23 19 5 3
1 4 23 23 23 5
1 6 19 23 19 20 5 3
1 4 19 20 20 2
1 4 94 3 5 3
1 3 1 5 3
1 3 3 33 20
1 4 6 5 3 5
1 4 3 5 54 4
1 5 5 54 77 5 3
1 5 23 19 20 5 3
1 3 94 94 94
1 7 23 23 23 19 20 5 3
1 5 19 20 5 55 2
1 5 19 5 3 51 94
1 5 52 3 3 55 3
1 3 18 18 18
1 5 5 3 5 3 10
1 4 19 5 3 94
1 5 19 20 5 3 2
