789 67
1 6 1 15 2 1 3 19
1 5 4 4 15 4 4
1 9 15 4 15 5 23 23 23 23 23
1 6 1 15 15 3 1 3
1 7 4 15 15 6 1 16 16
1 3 1 15 1
1 3 1 15 15
1 3 32 15 1
1 6 1 15 1 15 1 16
1 5 3 1 15 7 15
1 4 3 8 15 7
1 3 7 25 15
1 4 7 25 25 25
1 9 4 15 1 15 1 15 17 39 52
1 4 3 1 15 33
1 6 1 15 3 19 19 19
1 4 1 15 3 7
1 5 1 15 3 7 25
1 6 9 27 27 27 27 27
1 3 15 34 45
1 4 6 1 15 33
1 5 3 8 15 1 16
1 4 4 15 1 15
1 3 1 15 35
1 3 3 4 22
1 5 15 15 4 15 3
1 10 8 15 5 23 23 23 23 23 23 23
1 3 13 15 32
1 3 15 8 15
1 7 2 15 4 1 15 15 35
1 3 1 15 35
1 5 15 2 15 15 3
1 5 4 15 4 15 3
1 5 3 15 15 1 3
1 3 4 15 15
1 6 3 8 15 15 4 3
1 3 1 15 35
1 3 1 15 5
1 4 5 23 23 23
1 3 1 16 16
1 3 45 56 56
1 3 45 56 56
1 4 4 1 15 35
1 4 1 15 15 33
1 4 12 15 15 3
1 4 1 15 8 26
1 4 15 1 15 3
1 3 1 15 15
1 6 2 1 15 34 45 55
1 3 2 18 18
1 3 8 15 3
1 3 2 18 18
1 5 1 1 15 4 3
1 3 32 15 1
1 4 1 15 36 48
1 3 1 15 45
1 4 4 1 15 3
1 4 8 1 15 34
1 4 1 15 45 55
1 4 1 15 1 34
1 4 1 15 34 45
1 3 1 15 35
1 7 13 15 1 1 1 15 3
1 4 13 15 1 16
1 5 4 4 15 3 1
1 3 1 15 4
1 3 1 15 15
1 3 15 1 3
1 4 1 15 15 1
1 4 4 1 15 3
1 3 1 15 3
1 3 15 4 22
1 3 1 15 3
1 3 1 15 3
1 3 1 4 22
1 5 4 15 6 24 24
1 3 15 5 15
1 5 4 3 1 7 25
1 3 1 15 4
1 3 8 15 3
1 3 4 15 15
1 3 4 4 1
1 3 12 29 29
1 4 15 17 40 40
1 3 15 12 29
1 3 15 15 12
1 3 12 29 29
1 3 4 7 25
1 3 11 11 11
1 3 12 29 29
1 5 1 15 3 4 4
1 3 1 15 1
1 4 7 15 1 4
1 5 7 25 15 1 4
1 3 7 15 1
1 3 7 25 25
1 6 7 25 25 25 25 25
1 3 7 25 25
1 5 7 25 15 4 22
1 3 4 4 1
1 3 15 1 4
1 6 1 15 4 15 1 3
1 8 1 15 1 15 1 15 1 15
1 3 15 15 35
1 7 3 1 15 15 1 3 15
1 5 3 1 15 1 3
1 4 1 15 1 34
1 3 1 15 35
1 3 8 15 32
1 5 13 15 1 1 3
1 4 2 18 18 18
1 5 1 15 1 1 34
1 4 12 29 29 29
1 4 1 15 15 3
1 4 1 15 4 3
1 5 1 13 15 1 3
1 4 4 15 15 33
1 6 10 28 28 28 28 28
1 6 4 15 6 1 15 33
1 8 15 4 15 3 7 15 7 25
1 8 1 15 15 7 20 21 43 54
1 3 3 1 15
1 11 2 15 1 15 1 15 1 16 16 16 16
1 7 7 25 15 7 21 43 54
1 5 3 19 19 19 19
1 7 3 15 3 1 15 3 20
1 3 15 15 4
1 3 15 15 35
1 4 4 22 22 22
1 3 15 3 15
1 5 3 20 41 41 41
1 7 3 1 3 15 15 15 33
1 3 2 15 45
1 3 13 30 30
1 5 15 1 34 46 46
1 7 12 29 29 29 29 29 29
1 3 1 34 45
1 3 34 46 46
1 3 4 3 19
1 6 4 15 3 15 3 4
1 3 1 15 1
1 6 2 1 34 46 46 46
1 5 1 16 16 16 16
1 10 1 15 3 4 15 1 3 20 41 41
1 9 7 3 21 42 42 42 42 42 42
1 3 1 15 34
1 4 3 19 19 19
1 7 4 15 3 4 15 3 20
1 3 3 1 16
1 4 1 15 3 20
1 3 11 11 11
1 3 4 15 1
1 6 1 15 4 4 4 15
1 3 5 15 32
1 4 1 15 5 15
1 3 1 15 13
1 5 7 20 21 43 54
1 4 1 1 15 7
1 6 11 11 11 11 11 11
1 7 7 3 1 15 21 43 54
1 6 6 1 15 7 15 6
1 4 1 15 4 15
1 8 1 15 7 25 25 25 25 25
1 4 2 1 15 45
1 4 11 11 11 11
1 4 15 2 18 18
1 3 15 15 15
1 3 1 15 35
1 7 2 18 18 18 18 18 18
1 6 7 3 1 16 16 16
1 5 38 58 62 14 31
1 3 38 51 58
1 4 4 15 15 51
1 5 7 25 25 25 25
1 6 1 16 16 16 16 16
1 3 7 54 60
1 5 11 11 11 11 11
1 3 15 15 51
1 4 4 7 25 25
1 4 11 11 11 11
1 3 38 51 58
1 6 1 15 38 58 62 14
1 4 7 25 25 25
1 10 1 15 1 15 1 15 38 51 58 62
1 3 38 51 58
1 11 1 1 1 15 1 15 38 50 50 50 50
1 9 15 15 38 50 50 50 50 50 50
1 9 2 18 18 18 18 18 18 18 18
1 6 1 15 15 36 48 48
1 4 2 18 18 18
1 4 15 33 33 33
1 3 1 16 16
1 8 17 40 40 40 40 40 40 40
1 4 1 15 33 33
1 6 1 15 2 18 18 18
1 6 38 50 50 50 50 50
1 4 11 11 11 11
1 7 11 11 11 11 11 11 11
1 5 1 15 15 36 48
1 5 38 51 58 34 46
1 3 2 18 18
1 6 2 18 18 18 18 18
1 5 38 51 58 62 66
1 4 17 40 40 40
1 4 14 31 31 31
1 3 15 34 45
1 7 38 51 58 34 45 56 56
1 6 12 15 38 58 63 63
1 4 14 31 31 31
1 4 15 12 15 33
1 9 2 18 18 18 18 18 18 18 18
1 7 7 3 15 21 51 43 54
1 9 15 17 40 40 40 40 40 40 40
1 5 7 25 25 25 25
1 3 12 15 62
1 9 7 25 25 25 25 25 25 25 25
1 3 12 29 29
1 4 11 11 11 11
1 4 1 15 35 47
1 7 38 51 58 34 45 56 56
1 3 12 15 36
1 8 2 18 18 18 18 18 18 18
1 4 12 15 51 57
1 6 38 58 34 45 56 56
1 4 15 34 46 46
1 3 1 15 36
1 7 38 51 58 34 45 56 56
1 8 11 11 11 11 11 11 11 11
1 6 38 51 58 63 63 63
1 11 15 15 1 16 16 16 16 16 16 16 16
1 3 17 40 40
1 7 38 51 58 34 45 56 56
1 3 4 17 40
1 4 8 15 62 66
1 3 38 51 58
1 6 8 26 26 26 26 26
1 4 1 16 16 16
1 4 4 15 62 66
1 3 38 51 58
1 3 7 54 60
1 4 1 15 62 66
1 5 38 51 58 63 63
1 7 8 15 38 51 58 62 66
1 3 7 54 60
1 9 1 15 33 33 33 33 33 33 33
1 6 15 38 58 62 65 65
1 7 1 15 38 50 50 50 50
1 4 7 54 60 64
1 8 1 15 1 15 38 51 58 62
1 3 11 11 11
1 3 15 35 47
1 3 38 51 58
1 6 11 11 11 11 11 11
1 4 38 51 58 62
1 3 11 11 11
1 3 11 11 11
1 7 1 15 38 50 50 50 50
1 7 17 40 40 40 40 40 40
1 3 1 15 35
1 4 15 38 51 58
1 4 7 25 25 25
1 3 38 58 62
1 4 7 25 25 25
1 5 15 38 58 63 63
1 3 14 31 31
1 7 15 33 33 33 33 33 33
1 3 38 51 58
1 3 11 11 11
1 3 1 15 35
1 4 38 58 63 63
1 5 17 40 40 40 40
1 3 11 11 11
1 6 15 38 58 62 14 14
1 5 1 15 38 62 66
1 4 15 15 1 16
1 4 38 51 58 62
1 7 15 38 50 50 50 50 50
1 5 4 15 38 62 14
1 4 15 4 15 51
1 4 38 58 63 63
1 5 4 15 38 58 63
1 4 4 15 51 57
1 4 10 28 28 28
1 7 2 18 18 18 18 18 18
1 3 7 54 60
1 5 7 21 51 57 57
1 4 14 31 31 31
1 7 15 15 35 47 47 47 47
1 4 11 11 11 11
1 7 11 11 11 11 11 11 11
1 4 1 15 15 62
1 4 15 51 58 62
1 9 15 38 58 62 65 65 65 65 65
1 6 1 15 1 15 62 14
1 3 1 15 62
1 5 1 15 15 35 47
1 3 38 51 58
1 3 7 54 60
1 5 15 21 51 58 62
1 3 7 54 60
1 6 17 40 40 40 40 40
1 9 15 4 15 38 51 58 62 65 65
1 8 4 15 38 58 62 14 31 31
1 9 4 15 38 51 58 62 66 67 67
1 3 4 22 22
1 7 4 15 33 33 33 33 33
1 7 17 40 40 40 40 40 40
1 4 12 29 29 29
1 3 14 14 14
1 3 14 14 31
1 3 14 14 14
1 3 32 44 44
1 3 14 14 14
1 3 14 14 14
1 3 14 14 14
1 3 14 14 14
1 3 14 14 14
1 4 14 31 31 31
1 3 14 14 14
1 3 14 14 14
1 5 1 15 38 62 66
1 3 1 15 62
1 4 38 50 50 50
1 3 14 14 14
1 7 9 27 27 27 27 27 27
1 3 38 50 50
1 3 15 38 62
1 4 9 27 27 27
1 7 4 15 38 51 57 57 57
1 5 4 15 38 62 65
1 3 4 22 22
1 8 11 11 11 11 11 11 11 11
1 4 11 11 11 11
1 6 15 1 16 16 16 16
1 6 4 15 38 50 50 50
1 3 11 11 11
1 4 38 62 65 65
1 5 11 11 11 11 11
1 7 10 28 28 28 28 28 28
1 3 2 18 18
1 6 2 1 15 62 65 65
1 3 32 44 44
1 3 15 38 62
1 7 15 38 50 50 50 50 50
1 6 7 25 25 15 38 62
1 4 7 25 25 25
1 4 4 15 38 62
1 3 7 54 60
1 3 14 31 31
1 3 12 29 29
1 3 2 1 15
1 4 1 15 1 15
1 4 8 15 45 55
1 3 32 15 1
1 6 2 1 15 1 16 16
1 5 15 15 1 15 34
1 3 45 56 56
1 7 12 15 15 1 15 37 49
1 3 1 15 37
1 9 13 15 5 1 16 16 16 16 16
1 5 1 15 1 15 15
1 3 4 15 3
1 12 15 3 4 1 15 13 15 7 20 21 43 54
1 4 1 15 32 44
1 11 1 8 15 13 15 3 7 20 21 43 54
1 3 1 15 34
1 5 15 15 1 15 3
1 3 13 15 3
1 3 1 15 15
1 3 4 15 3
1 3 15 34 46
1 4 15 13 15 3
1 3 3 1 16
1 4 4 1 15 5
1 3 4 22 22
1 4 4 15 1 15
1 3 11 11 11
1 4 4 15 1 15
1 4 34 46 46 46
1 10 1 15 4 15 4 4 17 39 53 53
1 7 15 3 1 15 4 1 15
1 3 6 24 24
1 7 5 23 23 23 23 23 23
1 5 4 15 15 15 1
1 3 1 15 1
1 3 1 16 16
1 3 32 44 44
1 3 13 15 1
1 3 13 15 1
1 4 4 1 15 32
1 3 3 1 16
1 3 13 30 30
1 5 1 15 34 45 55
1 4 5 1 16 16
1 3 3 19 19
1 3 4 22 22
1 3 3 19 19
1 3 34 45 45
1 3 3 4 22
1 4 1 15 15 1
1 9 3 15 15 3 19 19 19 19 19
1 4 3 15 3 4
1 3 1 15 32
1 5 3 1 15 3 19
1 3 3 19 19
1 4 3 4 3 19
1 4 3 4 3 19
1 3 5 23 23
1 5 4 4 4 4 22
1 4 1 15 34 45
1 4 1 15 34 45
1 4 1 15 34 45
1 5 3 1 15 34 45
1 5 1 15 1 15 45
1 4 1 15 45 45
1 3 1 15 45
1 4 1 15 45 45
1 3 1 15 15
1 4 1 15 1 1
1 3 1 15 4
1 3 12 29 29
1 4 1 15 15 1
1 6 15 1 15 15 15 32
1 3 15 8 1
1 3 12 15 1
1 4 15 1 1 4
1 3 1 15 4
1 5 4 15 1 15 4
1 5 1 15 1 15 1
1 3 15 1 15
1 7 3 1 15 15 3 1 15
1 3 11 11 11
1 3 2 18 18
1 6 1 15 33 33 33 33
1 7 4 22 22 22 22 22 22
1 9 17 40 40 40 40 40 40 40 40
1 5 11 11 11 11 11
1 4 10 28 28 28
1 6 9 27 27 27 27 27
1 5 7 3 21 43 54
1 6 15 33 33 33 33 33
1 5 10 28 28 28 28
1 7 7 3 20 21 42 42 42
1 4 3 1 15 34
1 5 17 1 15 2 18
1 6 6 24 24 24 24 24
1 3 11 11 11
1 3 11 11 11
1 4 1 15 15 4
1 7 7 3 4 15 21 43 54
1 7 7 3 1 15 21 43 54
1 6 7 3 19 19 19 19
1 8 3 15 7 25 25 25 25 25
1 9 1 15 1 15 7 3 21 43 54
1 7 10 28 28 28 28 28 28
1 8 4 1 15 6 24 24 24 24
1 7 1 15 33 33 33 33 33
1 7 3 7 25 15 21 43 54
1 7 1 7 20 21 42 42 42
1 6 7 3 15 21 43 54
1 3 3 1 15
1 3 7 3 19
1 6 15 7 3 15 21 54
1 4 7 3 21 54
1 4 7 3 20 41
1 5 1 16 16 16 16
1 4 7 3 21 54
1 6 1 15 7 3 15 33
1 5 7 3 4 15 33
1 6 3 7 20 21 43 54
1 4 7 3 21 54
1 6 1 7 3 15 21 54
1 5 7 3 21 43 54
1 7 15 7 3 15 21 43 54
1 8 1 15 7 3 1 15 21 54
1 3 11 11 11
1 3 1 15 4
1 5 7 3 15 21 54
1 6 17 40 40 40 40 40
1 7 15 1 15 37 49 49 49
1 8 11 11 11 11 11 11 11 11
1 10 4 15 1 15 37 49 49 49 49 49
1 4 1 15 33 33
1 5 7 3 4 15 33
1 6 7 3 15 21 43 54
1 7 15 33 33 33 33 33 33
1 4 15 15 15 15
1 7 13 15 4 3 1 15 1
1 3 1 15 35
1 3 2 15 32
1 4 1 15 1 15
1 4 15 12 29 29
1 6 4 15 1 15 3 19
1 4 1 15 45 45
1 10 15 15 1 15 1 15 4 15 1 15
1 4 15 1 15 34
1 6 1 15 1 15 45 45
1 5 13 15 1 16 16
1 7 1 15 1 15 3 1 15
1 4 1 13 15 45
1 7 2 1 15 34 45 55 61
1 11 12 15 1 1 15 3 1 15 1 15 3
1 5 1 15 15 13 15
1 7 15 1 15 1 15 15 35
1 4 15 15 8 15
1 6 4 4 15 15 3 1
1 6 15 1 15 3 19 19
1 4 15 1 15 15
1 5 8 15 4 15 32
1 5 15 3 1 4 15
1 8 1 15 3 1 15 1 15 3
1 7 15 1 15 3 1 15 3
1 3 1 15 1
1 3 1 15 35
1 4 3 1 15 2
1 3 5 1 15
1 9 3 1 15 1 15 7 21 43 54
1 4 3 19 19 19
1 8 3 1 15 7 25 25 25 25
1 4 3 1 15 15
1 10 11 11 11 11 11 11 11 11 11 11
1 5 8 15 33 33 33
1 13 2 1 15 33 33 33 33 33 33 33 33 33 33
1 4 1 15 1 15
1 7 1 15 33 33 33 33 33
1 7 1 15 7 3 21 43 54
1 3 1 15 32
1 3 1 15 4
1 5 3 1 15 33 33
1 6 1 15 1 3 15 1
1 4 11 11 11 11
1 5 6 1 15 1 16
1 6 5 1 15 5 1 15
1 6 15 1 1 15 15 15
1 4 1 15 3 4
1 3 1 15 1
1 6 5 15 1 15 1 15
1 4 3 1 15 1
1 5 3 1 15 1 15
1 9 6 24 24 24 24 24 24 24 24
1 4 1 15 34 46
1 6 4 15 17 39 53 53
1 6 4 1 15 1 4 15
1 3 1 15 15
1 3 4 15 1
1 4 15 6 24 24
1 3 4 15 33
1 3 11 11 11
1 3 4 15 45
1 3 2 1 15
1 3 15 1 16
1 12 15 4 15 3 15 3 8 26 26 26 26 26
1 5 7 20 21 43 54
1 5 4 15 15 1 15
1 5 12 15 1 13 30
1 3 15 32 15
1 3 1 15 12
1 3 1 15 32
1 3 32 15 32
1 11 15 15 8 15 7 3 19 19 19 19 19
1 3 45 56 56
1 3 1 15 38
1 6 11 11 11 11 11 11
1 5 10 28 28 28 28
1 5 1 15 8 15 15
1 3 32 44 44
1 4 13 15 34 45
1 4 4 15 34 45
1 4 2 15 8 15
1 4 4 1 15 4
1 4 1 15 34 45
1 4 4 3 1 15
1 5 3 8 15 34 45
1 3 12 29 29
1 3 8 15 45
1 3 15 34 45
1 3 11 11 11
1 8 1 13 15 1 15 4 1 4
1 3 15 1 15
1 4 1 1 15 3
1 3 1 15 32
1 3 4 15 5
1 4 2 1 15 3
1 3 1 1 15
1 5 3 1 15 1 15
1 4 11 11 11 11
1 13 2 1 15 5 1 15 38 50 50 50 50 50 50
1 4 1 4 15 38
1 14 4 15 3 1 15 3 1 15 1 7 20 21 43 54
1 4 1 15 15 38
1 13 1 15 38 50 50 50 50 50 50 50 50 50 50
1 13 4 15 1 15 1 15 4 15 1 1 15 4 15
1 11 1 15 3 1 15 1 15 4 22 22 22
1 11 4 15 1 15 4 15 4 15 15 1 15
1 8 15 7 3 1 15 21 43 54
1 5 15 7 21 43 54
1 5 15 1 16 16 16
1 3 1 15 38
1 3 12 29 29
1 4 2 15 1 16
1 3 15 1 15
1 3 13 30 30
1 3 1 15 38
1 3 1 15 38
1 8 1 2 1 2 15 15 2 18
1 3 1 15 45
1 3 2 15 5
1 3 15 15 37
1 3 1 15 15
1 4 15 1 15 3
1 3 11 11 11
1 4 15 15 3 4
1 4 12 15 4 4
1 5 13 15 15 3 15
1 4 1 15 15 15
1 7 15 1 15 15 3 20 41
1 3 1 15 5
1 3 2 15 37
1 5 7 20 21 43 54
1 5 3 4 15 34 45
1 7 15 3 7 20 21 43 54
1 7 15 3 7 20 21 43 54
1 4 1 15 15 3
1 3 1 15 15
1 10 2 15 33 33 33 33 33 33 33 33
1 9 4 17 1 1 1 15 1 8 15
1 9 15 17 1 15 1 1 15 15 8
1 4 15 15 15 15
1 5 15 17 1 2 15
1 8 1 17 1 15 1 15 1 15
1 6 4 7 20 21 43 54
1 3 1 15 15
1 14 13 30 30 30 30 30 30 30 30 30 30 30 30 30
1 12 3 4 3 15 3 19 19 19 19 19 19 19
1 17 1 15 15 1 15 4 15 4 1 15 4 4 4 15 1 4 15
1 14 4 15 5 15 5 1 15 33 33 33 33 33 33 33
1 19 4 15 5 1 4 15 5 1 4 15 5 15 5 1 1 15 5 23 23
1 14 1 15 3 1 15 3 4 15 3 7 20 21 43 54
1 13 1 15 3 1 1 15 3 19 19 19 19 19 19
1 6 6 24 24 24 24 24
1 12 13 30 30 30 30 30 30 30 30 30 30 30
1 11 2 18 18 18 18 18 18 18 18 18 18
1 9 4 15 3 1 7 20 21 43 54
1 11 1 15 15 1 15 1 15 1 4 15 15
1 3 1 15 4
1 4 4 3 1 1
1 5 8 15 15 8 26
1 5 15 15 4 1 15
1 3 45 56 56
1 3 12 15 1
1 3 15 1 1
1 4 15 1 1 4
1 4 5 15 35 47
1 3 1 15 4
1 5 3 19 19 19 19
1 16 15 15 15 1 15 1 16 16 16 16 16 16 16 16 16 16
1 6 6 24 24 24 24 24
1 10 1 1 1 17 39 52 1 15 15 3
1 3 15 3 19
1 9 13 30 30 30 30 30 30 30 30
1 3 1 3 15
1 11 1 4 17 39 53 53 53 53 53 53 53
1 4 3 1 15 15
1 10 17 1 15 1 1 17 39 53 53 53
1 5 1 1 17 39 52
1 3 34 46 46
1 10 1 1 1 1 15 33 33 33 33 33
1 4 1 15 1 15
1 15 1 1 17 1 15 17 1 1 15 1 1 1 1 15 1
1 6 1 17 39 53 53 53
1 16 1 13 30 30 30 30 30 30 30 30 30 30 30 30 30 30
1 8 1 1 17 1 15 1 15 34
1 7 1 1 15 1 15 1 17
1 4 1 17 1 15
1 9 2 1 17 1 15 15 1 8 1
1 11 1 1 13 30 30 30 30 30 30 30 30
1 9 1 17 1 1 15 1 15 1 1
1 3 1 15 1
1 3 15 4 15
1 3 1 15 33
1 3 11 11 11
1 3 11 11 11
1 3 11 11 11
1 3 11 11 11
1 4 7 3 20 41
1 9 1 1 17 39 52 1 1 1 1
1 6 7 3 21 51 43 54
1 9 1 17 39 52 59 59 59 59 59
1 5 7 3 21 43 54
1 13 1 1 1 1 1 17 39 52 1 8 1 1 15
1 6 7 3 15 21 51 57
1 4 7 3 19 19
1 13 1 1 17 1 15 15 8 1 1 1 1 8 26
1 4 7 3 21 54
1 4 7 3 21 54
1 5 4 1 1 17 39
1 11 1 1 17 39 52 1 16 16 16 16 16
1 3 7 3 19
1 14 15 15 1 1 1 17 39 52 1 8 1 1 1 1
1 6 7 3 21 51 43 54
1 7 13 30 30 30 30 30 30
1 6 7 3 21 51 43 54
1 9 15 1 13 30 30 30 30 30 30
1 11 11 11 11 11 11 11 11 11 11 11 11
1 7 7 3 20 21 51 43 54
1 12 1 17 1 15 8 1 1 1 1 8 15 1
1 3 13 30 30
1 11 1 17 1 15 1 1 1 1 1 1 2
1 8 1 1 17 39 52 1 1 2
1 13 2 1 16 16 16 16 16 16 16 16 16 16 16
1 13 1 16 16 16 16 16 16 16 16 16 16 16 16
1 16 5 23 23 23 23 23 23 23 23 23 23 23 23 23 23 23
1 7 4 1 13 30 30 30 30
1 10 1 1 17 39 52 59 59 59 59 59
1 5 1 17 39 52 1
1 8 17 39 52 1 1 1 1 1
1 10 1 1 1 17 39 52 1 1 1 1
1 3 7 3 19
1 6 7 3 1 16 16 16
1 4 15 1 17 1
1 5 7 3 4 22 22
1 3 15 15 17
1 4 8 15 33 33
1 3 1 17 1
1 3 1 15 17
1 3 1 15 32
1 7 17 40 40 40 40 40 40
1 11 1 1 1 1 1 17 39 52 1 1 2
1 9 11 11 11 11 11 11 11 11 11
1 4 11 11 11 11
1 14 1 1 1 17 1 1 15 1 1 8 1 1 15 1
1 3 11 11 11
1 8 7 3 1 16 16 16 16 16
1 3 3 7 54
1 13 1 4 17 1 1 15 1 1 8 1 15 1 8
1 9 1 15 15 15 15 8 1 17 1
1 3 1 16 16
1 3 15 1 16
1 6 4 7 3 20 41 41
1 5 1 4 22 22 22
1 5 15 1 17 1 1
1 7 2 1 7 3 21 43 54
1 3 15 34 45
1 7 7 3 19 19 19 19 19
1 5 12 15 1 17 1
1 5 4 7 3 21 54
1 5 4 15 17 1 7
1 4 7 3 21 54
1 10 1 1 15 1 1 17 40 40 40 40
1 6 12 29 29 29 29 29
1 3 1 15 51
1 3 15 13 30
1 4 1 8 26 26
1 7 3 1 15 7 21 43 54
1 4 5 1 17 40
1 4 7 3 1 16
1 6 7 3 1 16 16 16
1 8 1 15 4 1 1 8 1 1
1 6 12 15 4 1 1 17
1 6 7 3 21 51 43 54
1 4 15 1 1 17
1 4 1 1 1 17
1 3 15 1 17
1 4 1 8 1 17
1 4 4 15 4 15
1 5 15 1 1 15 33
1 4 15 33 33 33
1 5 15 2 1 16 16
1 4 3 19 19 19
1 4 1 15 1 7
1 3 1 15 32
1 3 34 46 46
1 4 15 1 15 4
1 3 4 15 15
1 4 2 15 15 1
1 5 1 15 1 15 15
1 3 4 22 22
1 5 1 15 34 45 55
1 7 1 15 34 45 55 61 61
1 5 7 25 25 15 45
1 5 1 8 1 1 17
1 4 5 15 15 33
1 3 9 27 27
1 5 6 1 15 1 15
1 4 7 25 15 45
1 5 3 1 15 34 45
1 5 1 15 34 45 55
1 3 2 18 18
1 4 4 4 4 1
