771 69
1 3 1 19 2
1 4 1 19 1 16
1 5 1 1 19 1 1
1 6 3 19 19 2 3 21
1 7 1 19 19 37 52 52 52
1 4 3 19 37 52
1 3 38 53 53
1 6 19 36 2 1 19 2
1 7 3 19 19 36 3 19 19
1 5 2 1 19 39 64
1 4 2 4 19 5
1 3 5 3 19
1 4 5 5 23 23
1 9 5 19 36 3 20 3 19 2 17
1 9 1 19 36 19 36 19 20 45 3
1 4 2 3 19 44
1 7 3 5 3 19 36 51 51
1 6 3 19 2 17 17 17
1 4 3 19 2 5
1 5 3 19 2 5 23
1 4 3 19 36 19
1 4 2 3 19 44
1 6 6 24 24 24 24 24
1 3 19 41 57
1 3 3 19 57
1 3 19 41 57
1 4 37 52 52 52
1 5 2 4 19 36 51
1 3 3 19 42
1 10 4 19 43 60 60 60 60 60 60 60
1 3 11 19 38
1 3 19 4 19
1 7 10 19 1 3 19 19 42
1 3 3 19 42
1 5 19 10 19 19 2
1 5 1 19 1 19 2
1 6 2 1 1 1 19 2
1 6 2 4 19 19 1 2
1 3 3 19 42
1 3 3 19 43
1 4 43 60 60 60
1 5 1 19 36 2 19
1 3 3 21 21
1 3 7 3 19
1 3 7 7 3
1 4 3 19 19 44
1 4 9 19 19 2
1 5 19 19 19 2 19
1 4 3 19 4 22
1 4 19 36 19 2
1 3 3 19 19
1 3 10 27 27
1 4 7 7 7 7
1 3 10 27 27
1 5 3 3 19 1 2
1 4 3 19 12 29
1 3 38 53 53
1 4 3 19 57 65
1 4 3 19 41 57
1 3 3 19 42
1 7 11 19 36 3 3 19 2
1 4 11 19 36 51
1 5 1 1 19 2 3
1 3 3 19 1
1 3 3 19 19
1 3 19 36 2
1 4 1 3 19 2
1 3 19 2 17
1 3 19 1 41
1 3 3 19 2
1 4 3 19 19 19
1 3 1 3 19
1 3 1 1 19
1 3 3 1 16
1 5 1 19 37 52 52
1 3 19 43 19
1 5 1 2 3 5 5
1 3 3 19 1
1 3 4 19 2
1 3 1 19 19
1 3 9 26 26
1 4 19 20 46 46
1 3 19 44 44
1 3 9 26 26
1 3 1 16 16
1 3 9 26 26
1 5 3 19 2 1 1
1 3 3 19 36
1 4 5 19 36 1
1 5 5 23 23 23 23
1 3 5 23 23
1 6 5 23 23 23 23 23
1 5 5 5 19 1 16
1 3 1 1 3
1 3 11 19 57
1 3 19 36 1
1 4 11 28 28 28
1 5 1 19 1 19 19
1 6 3 19 1 19 36 2
1 8 3 19 36 19 36 19 36 19
1 3 19 19 42
1 7 2 3 19 19 36 2 19
1 5 2 3 19 36 2
1 4 3 19 36 51
1 3 19 36 51
1 3 19 42 59
1 4 3 19 36 51
1 3 4 19 38
1 6 3 19 36 3 21 21
1 4 10 27 27 27
1 5 3 19 36 3 41
1 4 3 19 19 2
1 4 3 19 1 2
1 6 8 25 25 25 25 25
1 8 19 1 19 2 5 19 5 23
1 3 2 3 19
1 11 10 19 36 19 36 19 36 51 51 51 51
1 3 3 19 41
1 5 2 17 17 17 17
1 7 2 19 2 3 19 2 18
1 3 19 19 1
1 5 3 19 37 52 52
1 4 3 19 1 16
1 5 1 19 2 1 16
1 3 19 2 19
1 5 2 18 35 35 35
1 3 11 28 28
1 4 3 41 58 58
1 5 19 36 51 51 51
1 7 9 26 26 26 26 26 26
1 3 3 41 57
1 3 41 58 58
1 3 1 2 17
1 6 1 19 2 19 2 1
1 3 3 19 36
1 6 10 3 41 58 58 58
1 5 3 21 21 21 21
1 10 3 19 2 1 19 36 2 18 35 35
1 9 5 2 39 55 55 55 55 55 55
1 4 2 17 17 17
1 3 2 3 21
1 4 3 19 2 18
1 3 7 7 7
1 3 2 17 17
1 3 1 19 36
1 6 3 19 1 1 1 19
1 3 43 19 38
1 4 3 19 43 19
1 3 3 19 44
1 5 5 18 39 54 64
1 4 3 3 19 5
1 5 5 19 39 54 64
1 7 5 2 3 19 39 54 64
1 4 3 19 1 19
1 7 5 2 3 19 36 19 41
1 8 3 19 5 5 18 39 54 64
1 4 7 7 7 7
1 4 5 23 23 23
1 3 19 19 19
1 3 3 19 42
1 7 10 27 27 27 27 27 27
1 5 13 48 32 49 49
1 3 13 31 48
1 3 19 39 55
1 4 10 27 27 27
1 3 13 32 49
1 3 7 7 7
1 4 7 7 7 7
1 4 1 19 19 14
1 5 5 23 23 23 23
1 6 3 21 21 21 21 21
1 3 5 64 67
1 5 7 7 7 7 7
1 3 19 19 14
1 3 13 48 32
1 4 1 16 16 16
1 3 13 31 48
1 5 5 18 35 35 35
1 10 3 19 36 19 36 19 13 31 48 32
1 3 13 31 48
1 11 3 3 3 19 36 19 13 30 30 30 30
1 9 19 19 13 30 48 32 49 49 49
1 8 7 7 7 7 7 7 7 7
1 9 10 27 27 27 27 27 27 27 27
1 6 3 19 19 12 29 29
1 4 10 27 27 27
1 3 13 30 30
1 4 19 44 44 44
1 3 3 21 21
1 4 3 19 44 44
1 6 3 19 10 27 27 27
1 6 13 30 30 48 41 58
1 4 12 29 29 29
1 5 3 19 19 12 29
1 5 13 31 48 41 58
1 6 10 27 27 27 27 27
1 8 10 19 36 51 51 51 51 51
1 4 20 46 46 46
1 3 3 19 44
1 7 19 1 19 13 48 62 62
1 4 14 33 33 33
1 3 19 41 57
1 3 19 36 51
1 7 13 31 48 41 57 66 66
1 8 7 7 7 7 7 7 7 7
1 6 9 19 13 48 62 62
1 4 14 33 33 33
1 9 10 27 27 27 27 27 27 27 27
1 7 5 2 19 39 14 33 33
1 3 7 7 7
1 9 5 23 23 23 23 23 23 23 23
1 5 19 1 19 14 33
1 4 7 7 7 7
1 4 3 19 42 59
1 7 13 31 48 41 57 66 66
1 3 9 19 12
1 8 10 27 27 27 27 27 27 27
1 4 9 19 14 33
1 6 13 48 41 57 66 66
1 4 19 41 58 58
1 7 13 31 48 41 57 66 66
1 3 3 19 12
1 6 13 31 48 62 62 62
1 11 19 19 36 51 51 51 51 51 51 51 51
1 7 13 31 48 41 57 66 66
1 7 7 7 7 7 7 7 7
1 3 1 20 46
1 7 13 31 48 41 58 58 58
1 4 4 19 32 50
1 6 4 22 22 22 22 22
1 4 3 21 21 21
1 3 13 31 48
1 3 5 64 67
1 4 3 19 32 50
1 7 4 19 13 31 48 32 50
1 3 5 64 67
1 9 3 19 44 44 44 44 44 44 44
1 6 19 13 48 32 49 49
1 7 3 19 13 30 30 48 62
1 4 5 64 67 69
1 8 3 19 36 19 13 31 48 32
1 3 7 7 7
1 3 19 42 59
1 3 13 31 48
1 6 15 34 34 34 34 34
1 4 13 31 48 32
1 3 7 7 7
1 3 15 34 34
1 11 19 36 19 19 36 1 20 46 46 46 46
1 7 3 19 13 30 48 32 50
1 4 5 23 23 23
1 3 3 19 42
1 4 19 13 31 48
1 4 5 23 23 23
1 4 5 23 23 23
1 6 3 19 13 31 48 32
1 3 14 33 33
1 3 13 31 48
1 3 3 19 42
1 5 20 46 46 46 46
1 3 15 34 34
1 6 19 13 48 32 49 49
1 5 3 19 13 32 50
1 4 19 19 36 51
1 4 13 31 48 32
1 7 19 13 30 30 48 32 50
1 4 19 1 19 14
1 4 13 48 62 62
1 5 1 19 13 48 62
1 7 3 19 20 46 46 46 46
1 4 8 25 25 25
1 7 10 27 27 27 27 27 27
1 3 5 64 67
1 4 14 33 33 33
1 7 19 19 42 59 59 59 59
1 5 13 31 48 32 49
1 4 3 19 19 32
1 4 13 30 30 48
1 6 3 19 36 19 32 49
1 3 3 19 32
1 5 3 19 19 42 59
1 3 13 31 48
1 3 5 64 67
1 9 1 19 13 31 48 32 50 63 63
1 3 1 16 16
1 7 1 19 40 56 56 56 56
1 7 20 46 46 46 46 46 46
1 6 19 40 56 56 56 56
1 3 14 14 14
1 4 9 26 26 26
1 3 14 14 14
1 3 14 14 33
1 3 14 14 14
1 3 38 53 53
1 3 14 14 14
1 3 14 14 14
1 3 14 14 14
1 3 14 14 14
1 3 14 14 14
1 3 14 14 14
1 3 14 14 14
1 5 3 19 13 32 50
1 3 3 19 32
1 4 13 30 30 30
1 4 19 44 44 44
1 5 1 19 13 32 50
1 3 14 14 14
1 7 6 24 24 24 24 24 24
1 3 13 30 30
1 3 19 13 32
1 4 6 24 24 24
1 7 1 19 13 31 47 47 47
1 5 19 39 55 55 55
1 5 1 19 13 32 49
1 8 7 7 7 7 7 7 7 7
1 3 1 19 32
1 6 19 36 51 51 51 51
1 6 1 19 13 30 30 30
1 3 7 7 7
1 4 13 32 49 49
1 7 8 25 25 25 25 25 25
1 5 7 7 7 7 7
1 6 8 25 25 25 25 25
1 7 8 25 25 25 25 25 25
1 3 19 13 32
1 3 10 27 27
1 6 10 3 19 32 49 49
1 3 38 53 53
1 7 19 13 30 30 30 30 30
1 6 5 23 23 23 23 23
1 4 5 23 23 23
1 4 1 19 13 32
1 3 5 64 67
1 3 14 33 33
1 3 9 26 26
1 3 10 3 19
1 4 3 19 36 19
1 3 3 19 57
1 7 1 19 19 36 19 2 3
1 3 38 53 53
1 6 10 3 19 36 51 51
1 5 19 19 36 19 41
1 3 7 7 7
1 5 4 19 36 19 36
1 4 19 1 2 3
1 3 3 19 44
1 9 11 19 43 3 21 21 21 21 21
1 5 3 19 36 19 19
1 3 1 19 2
1 4 3 19 38 53
1 11 3 4 19 44 44 44 44 44 44 44 44
1 7 19 37 52 52 52 52 52
1 3 3 19 41
1 5 19 19 36 19 2
1 3 4 19 2
1 5 3 3 19 44 44
1 3 11 19 2
1 3 1 19 2
1 3 19 41 58
1 4 3 19 36 2
1 4 19 44 44 44
1 3 2 3 21
1 4 1 3 19 43
1 4 1 1 41 58
1 3 1 41 58
1 3 7 7 7
1 4 1 19 36 19
1 4 41 58 58 58
1 5 3 19 2 19 19
1 7 19 2 3 19 1 3 19
1 3 37 52 52
1 7 43 60 60 60 60 60 60
1 5 1 19 19 19 36
1 3 3 21 21
1 3 11 19 36
1 3 1 3 19
1 3 38 53 53
1 3 11 19 36
1 4 1 3 19 38
1 3 2 3 21
1 3 11 28 28
1 5 3 19 41 57 65
1 4 43 3 21 21
1 3 3 19 36
1 3 2 17 17
1 3 1 41 57
1 3 41 57 57
1 3 2 1 16
1 4 3 19 19 36
1 9 2 19 19 2 17 17 17 17 17
1 4 2 19 2 1
1 4 2 1 2 1
1 3 3 19 38
1 5 2 3 19 2 17
1 3 2 17 17
1 4 2 1 2 17
1 4 2 1 2 17
1 3 43 60 60
1 5 1 1 1 1 16
1 4 3 19 41 57
1 4 3 19 41 57
1 5 2 3 19 41 57
1 5 3 19 36 19 57
1 4 3 19 57 57
1 3 3 19 57
1 4 3 19 57 57
1 3 3 19 19
1 4 3 19 36 3
1 3 3 19 1
1 3 9 26 26
1 4 3 19 19 36
1 3 19 4 3
1 4 19 36 3 1
1 6 3 3 1 19 1 19
1 5 1 19 36 19 1
1 5 3 19 36 19 36
1 3 19 36 19
1 7 2 3 19 19 2 3 19
1 3 7 7 7
1 5 5 2 39 54 64
1 3 10 27 27
1 6 3 19 44 44 44 44
1 7 1 16 16 16 16 16 16
1 9 20 46 46 46 46 46 46 46 46
1 5 15 34 34 34 34
1 4 8 25 25 25
1 6 6 24 24 24 24 24
1 6 15 34 34 34 34 34
1 5 5 2 39 54 64
1 6 19 44 44 44 44 44
1 7 5 2 18 39 55 55 55
1 3 13 31 47
1 5 20 3 19 10 27
1 6 37 52 52 52 52 52
1 4 3 19 40 56
1 3 7 7 7
1 3 7 7 7
1 3 8 25 25
1 4 3 19 19 1
1 7 5 2 1 19 39 54 64
1 7 5 2 3 19 39 54 64
1 7 2 19 5 3 21 21 21
1 6 5 2 17 17 17 17
1 5 5 2 1 16 16
1 9 3 19 36 19 5 2 39 54 64
1 7 8 25 25 25 25 25 25
1 8 1 3 19 37 52 52 52 52
1 7 19 19 44 44 44 44 44
1 7 3 19 44 44 44 44 44
1 7 2 5 23 23 23 23 23
1 7 3 5 18 39 55 55 55
1 6 5 2 19 39 54 64
1 3 2 3 19
1 4 5 2 39 64
1 5 3 21 21 21 21
1 4 5 2 39 64
1 6 3 19 5 2 19 44
1 5 5 2 1 19 44
1 4 5 2 39 64
1 6 3 5 2 19 39 64
1 5 5 2 39 54 64
1 6 2 19 5 39 54 64
1 7 19 5 2 19 39 54 64
1 8 3 19 5 2 3 19 39 64
1 6 5 2 18 39 54 64
1 3 5 2 17
1 3 7 7 7
1 6 20 46 46 46 46 46
1 7 2 3 19 5 2 18 35
1 7 19 36 19 44 44 44 44
1 8 7 3 19 44 44 44 44 44
1 10 1 19 36 19 44 44 44 44 44 44
1 4 3 19 40 56
1 6 2 5 19 39 54 64
1 6 5 2 19 39 54 64
1 7 19 44 44 44 44 44 44
1 7 11 19 1 2 3 19 36
1 3 3 19 42
1 6 11 28 28 28 28 28
1 3 10 19 38
1 4 3 19 36 19
1 4 19 44 44 44
1 4 3 19 57 57
1 10 19 19 36 19 36 19 1 19 36 19
1 4 3 21 21 21
1 4 19 36 19 41
1 6 3 19 36 19 57 57
1 7 3 19 36 19 2 3 19
1 4 3 21 21 21
1 11 9 19 36 3 19 2 3 19 36 19 2
1 8 1 19 10 27 27 27 27 27
1 4 19 19 36 51
1 7 19 36 19 36 19 19 42
1 4 19 19 4 19
1 6 1 1 19 19 2 3
1 4 19 36 19 19
1 5 4 19 1 19 38
1 5 19 2 3 1 19
1 8 3 19 2 3 19 36 19 2
1 7 19 36 19 2 3 19 2
1 3 3 19 36
1 3 3 19 42
1 4 2 3 19 10
1 3 43 3 19
1 9 2 3 19 36 19 5 39 54 64
1 8 5 2 3 19 39 14 33 33
1 7 5 2 3 19 39 54 64
1 4 2 17 17 17
1 8 2 3 19 5 3 21 21 21
1 4 2 3 19 19
1 10 7 3 19 44 44 44 44 44 44 44
1 5 4 19 44 44 44
1 4 3 19 36 19
1 7 3 19 44 44 44 44 44
1 3 3 19 38
1 3 3 19 1
1 5 2 3 19 40 56
1 6 3 19 36 2 19 36
1 4 7 7 7 7
1 5 37 52 52 52 52
1 6 43 3 19 43 3 19
1 3 3 19 36
1 6 43 19 36 19 36 19
1 4 2 3 19 36
1 5 2 3 19 36 19
1 9 37 52 52 52 52 52 52 52 52
1 4 3 19 41 58
1 6 1 19 20 45 61 61
1 6 1 3 19 36 1 19
1 3 3 19 19
1 3 1 19 36
1 3 1 19 44
1 4 19 36 3 19
1 3 7 3 19
1 3 1 19 57
1 3 10 3 19
1 3 1 16 16
1 3 19 36 51
1 12 19 1 19 2 19 2 4 22 22 22 22 22
1 5 5 18 39 54 64
1 5 1 19 19 36 19
1 3 19 36 1
1 3 19 38 53
1 3 3 19 44
1 3 3 19 38
1 11 19 19 4 19 5 2 17 17 17 17 17
1 3 1 19 36
1 3 7 7 7
1 3 3 19 13
1 5 8 25 25 25 25
1 4 7 7 7 7
1 3 38 53 53
1 5 3 19 4 19 19
1 3 38 53 53
1 4 1 3 19 1
1 4 3 19 41 57
1 5 2 4 19 41 57
1 3 9 26 26
1 3 4 19 57
1 3 19 41 57
1 3 7 7 7
1 4 3 3 19 2
1 3 1 19 43
1 5 2 3 19 36 19
1 8 2 3 19 5 18 39 54 64
1 4 7 7 3 19
1 13 10 3 19 43 3 19 13 30 30 30 30 30 30
1 4 3 1 19 13
1 14 1 19 2 3 19 2 3 19 36 51 51 51 51 51
1 4 3 19 19 13
1 13 3 19 13 30 30 30 30 30 30 30 30 30 30
1 11 3 19 2 3 19 36 19 1 16 16 16
1 11 1 19 36 19 1 19 1 19 19 36 19
1 8 19 5 2 3 19 39 54 64
1 5 19 5 39 54 64
1 5 19 36 51 51 51
1 9 3 19 1 19 36 19 1 16 16
1 3 3 19 13
1 4 10 19 36 51
1 3 19 36 19
1 3 11 28 28
1 3 3 19 13
1 3 3 19 13
1 8 3 21 21 21 21 21 21 21
1 3 3 19 57
1 3 10 19 43
1 3 19 19 44
1 3 11 19 2
1 4 3 19 36 19
1 6 1 19 36 19 19 2
1 3 3 19 19
1 4 19 36 19 2
1 3 7 7 7
1 4 9 19 1 1
1 5 3 19 36 51 51
1 5 11 19 19 2 19
1 4 3 19 19 19
1 3 5 39 64
1 3 3 19 41
1 3 3 19 2
1 3 19 2 17
1 5 5 18 39 54 64
1 5 2 1 19 41 57
1 7 19 2 5 18 39 54 64
1 7 19 2 5 18 39 54 64
1 3 3 19 19
1 5 8 25 25 25 25
1 3 3 19 37
1 14 3 19 36 20 3 19 4 3 19 19 19 19 19 19
1 10 10 19 44 44 44 44 44 44 44 44
1 9 19 20 3 19 36 3 19 19 4
1 7 19 36 3 3 3 3 21
1 4 19 19 19 19
1 8 20 3 19 19 36 3 19 44
1 3 3 19 19
1 14 11 28 28 28 28 28 28 28 28 28 28 28 28 28
1 12 2 1 2 19 2 17 17 17 17 17 17 17
1 17 3 19 19 36 19 1 19 1 3 19 1 1 1 19 36 1 19
1 14 1 19 43 19 43 3 19 44 44 44 44 44 44 44
1 14 3 19 2 3 19 2 1 19 2 5 18 39 54 64
1 13 3 19 2 3 3 19 2 17 17 17 17 17 17
1 14 3 19 37 52 52 52 52 52 52 52 52 52 52 52
1 6 37 52 52 52 52 52
1 12 11 28 28 28 28 28 28 28 28 28 28 28
1 10 11 19 2 17 17 17 17 17 17 17
1 11 3 19 19 36 19 36 19 36 1 19 19
1 8 4 19 36 3 19 1 19 36
1 3 3 19 1
1 4 1 2 3 3
1 5 4 19 19 4 22
1 6 19 36 19 37 52 52
1 4 19 36 3 1
1 5 3 19 36 19 36
1 3 3 19 1
1 16 19 19 19 36 19 36 51 51 51 51 51 51 51 51 51 51
1 9 1 19 36 3 3 3 3 41 58
1 16 3 19 36 20 45 3 3 3 20 45 3 19 36 19 36 51
1 12 1 1 19 36 3 3 3 21 20 45 61 61
1 4 19 43 60 60
1 15 10 3 20 3 19 36 51 51 51 51 51 51 51 51 51
1 8 3 19 36 19 4 3 19 41
1 3 19 2 17
1 11 3 1 20 45 61 61 61 61 61 61 61
1 10 20 3 19 36 3 20 45 61 61 61
1 5 3 3 20 45 3
1 3 41 58 58
1 4 3 19 36 19
1 5 41 58 58 58 58
1 6 3 3 20 3 3 19
1 4 3 3 19 36
1 11 1 3 1 20 3 3 19 36 19 36 20
1 8 3 3 20 3 19 36 19 41
1 7 3 3 19 36 19 36 20
1 10 3 3 21 21 20 3 19 36 3 41
1 10 20 3 19 36 51 51 51 51 51 51
1 4 3 20 3 19
1 8 3 3 3 21 20 45 61 61
1 4 41 58 58 58
1 9 10 3 20 3 19 19 36 51 51
1 3 3 19 36
1 10 3 20 45 3 3 4 3 21 21 21
1 3 19 1 19
1 3 19 44 44
1 3 3 19 44
1 3 12 29 29
1 3 12 29 29
1 3 12 29 29
1 3 12 29 29
1 3 7 7 7
1 4 5 2 18 35
1 9 3 20 45 3 19 36 3 3 3
1 5 5 2 39 54 64
1 6 5 2 19 39 14 33
1 11 3 21 20 45 3 3 3 3 3 21 21
1 4 5 2 17 17
1 13 3 3 20 3 19 19 4 3 3 3 3 4 22
1 8 3 3 20 3 19 36 3 3
1 4 5 2 39 64
1 5 1 3 3 20 45
1 8 2 19 36 51 51 51 51 51
1 11 3 3 20 45 3 3 21 21 21 21 21
1 3 5 2 17
1 14 19 19 36 3 3 20 45 3 3 4 3 3 3 3
1 7 11 28 28 28 28 28 28
1 5 5 2 17 17 17
1 11 7 3 3 20 45 61 61 61 61 61 61
1 7 5 2 18 39 14 33 33
1 12 3 20 3 19 4 3 3 3 3 4 19 36
1 3 11 28 28
1 3 9 26 26
1 10 3 19 36 51 51 51 51 51 51 51
1 12 3 19 19 44 44 44 44 44 44 44 44 44
1 13 10 3 21 21 20 45 61 61 61 61 61 61 61
1 13 3 21 21 20 3 19 36 51 51 51 51 51 51
1 7 20 45 3 3 3 3 21
1 7 1 3 21 21 20 45 3
1 10 3 3 20 45 3 4 3 3 3 3
1 5 3 20 45 3 3
1 10 3 3 3 20 45 3 3 3 3 3
1 3 5 2 17
1 5 5 2 1 16 16
1 3 19 19 20
1 4 4 19 44 44
1 7 6 24 24 24 24 24 24
1 3 3 20 3
1 3 3 19 20
1 3 3 19 38
1 7 20 46 46 46 46 46 46
1 9 7 7 3 3 3 3 3 3 21
1 3 7 7 7
1 8 5 2 3 21 21 21 21 21
1 3 2 5 64
1 13 3 1 20 3 3 19 36 3 4 3 19 36 51
1 3 19 36 51
1 6 1 16 16 16 16 16
1 3 3 3 20
1 5 3 1 41 57 65
1 5 19 36 20 3 3
1 7 10 3 5 2 39 54 64
1 5 3 4 3 20 3
1 5 3 19 4 22 22
1 7 5 2 17 17 17 17 17
1 4 5 2 39 64
1 9 19 36 19 19 36 3 20 3 3
1 5 3 3 19 36 20
1 5 9 19 36 20 3
1 5 1 19 20 3 5
1 4 5 2 39 64
1 10 3 3 19 36 3 20 46 46 46 46
1 6 9 26 26 26 26 26
1 3 3 19 14
1 4 19 36 20 3
1 3 19 44 44
1 7 2 3 19 5 39 54 64
1 4 5 2 3 21
1 6 5 2 3 21 21 21
1 8 3 19 1 3 3 4 3 3
1 6 9 19 1 3 3 20
1 8 10 3 19 4 3 3 20 3
1 6 5 2 39 14 33 33
1 4 19 36 3 20
1 6 5 2 19 39 14 33
1 4 3 3 3 20
1 4 3 4 3 20
1 3 3 4 22
1 4 1 19 1 19
1 7 10 27 27 27 27 27 27
1 5 19 36 3 19 44
1 5 7 7 7 7 7
1 4 3 19 57 65
1 4 19 44 44 44
1 6 3 19 41 57 65 68
1 5 19 10 3 21 21
1 4 2 17 17 17
1 4 3 19 36 51
1 3 1 19 19
1 4 10 19 19 36
1 3 1 16 16
1 5 3 19 41 57 65
1 3 5 5 5
1 7 3 19 41 57 65 68 68
1 5 2 4 19 41 57
1 5 5 23 23 23 23
1 5 3 4 3 3 20
1 4 43 19 19 44
1 3 6 24 24
1 4 5 3 19 57
1 5 2 3 19 41 57
1 5 3 19 41 57 65
1 3 10 27 27
1 4 1 1 1 3
