784 66
1 6 1 16 2 1 3 21
1 3 4 16 3
1 4 4 16 4 24
1 9 16 4 16 5 25 25 25 25 25
1 6 1 16 16 3 1 3
1 4 1 16 37 51
1 3 1 16 1
1 3 1 16 16
1 6 16 1 3 4 16 3
1 6 1 16 1 16 1 17
1 7 1 16 16 1 15 16 16
1 5 3 1 16 6 16
1 5 3 4 16 20 57
1 4 3 21 21 21
1 3 6 1 16
1 4 6 26 26 26
1 9 6 16 1 15 18 1 16 3 21
1 9 4 16 1 16 1 16 18 42 15
1 4 3 1 16 38
1 7 1 6 1 16 1 17 17
1 6 1 16 3 22 46 46
1 5 1 16 3 6 26
1 4 1 16 1 16
1 4 3 1 16 38
1 6 8 28 28 28 28 28
1 3 16 39 52
1 3 1 16 52
1 3 16 39 52
1 4 37 1 16 38
1 5 3 21 21 21 21
1 4 4 16 1 16
1 3 1 16 40
1 3 3 4 24
1 5 16 16 4 16 3
1 10 7 16 5 25 25 25 25 25 25 25
1 3 11 16 36
1 3 16 7 16
1 3 1 16 40
1 5 16 2 16 16 3
1 5 4 16 4 16 3
1 6 3 4 4 4 16 3
1 5 3 16 16 1 3
1 3 4 16 16
1 3 1 16 40
1 3 1 16 5
1 4 5 25 25 25
1 5 4 16 1 3 16
1 3 1 17 17
1 3 52 60 60
1 3 52 60 60
1 4 4 1 16 40
1 4 1 16 7 27
1 5 16 16 16 3 16
1 4 1 16 7 27
1 4 16 1 16 3
1 3 1 16 16
1 6 2 1 16 39 52 61
1 3 2 19 19
1 4 14 14 14 14
1 3 7 16 3
1 3 2 4 24
1 3 36 50 50
1 4 1 16 41 55
1 3 1 16 52
1 3 36 50 50
1 4 4 1 16 3
1 4 7 1 16 39
1 4 1 16 52 61
1 4 1 16 1 39
1 4 1 16 39 52
1 4 11 16 1 17
1 5 4 4 16 3 1
1 4 1 16 16 1
1 4 4 1 16 3
1 3 16 3 22
1 3 1 16 3
1 3 1 16 3
1 3 1 16 3
1 4 1 16 16 16
1 3 4 1 16
1 3 4 4 16
1 3 1 4 24
1 5 4 16 37 51 51
1 3 16 5 16
1 5 4 3 1 6 26
1 3 1 16 4
1 3 7 16 3
1 3 4 16 16
1 3 4 4 1
1 3 10 30 30
1 3 16 10 30
1 3 16 16 10
1 3 10 30 30
1 3 14 14 14
1 3 10 30 30
1 5 1 16 3 4 4
1 3 1 16 1
1 5 6 26 26 26 26
1 3 6 16 1
1 3 6 26 26
1 3 6 26 26
1 5 6 26 26 26 26
1 3 4 4 1
1 3 11 16 52
1 3 16 1 4
1 4 11 31 31 31
1 5 4 16 4 16 16
1 6 1 16 4 16 1 3
1 8 1 16 1 16 1 16 1 16
1 3 16 16 40
1 5 3 1 16 1 3
1 4 1 16 1 39
1 3 16 1 17
1 3 16 40 54
1 3 1 16 40
1 4 1 16 1 17
1 3 7 16 36
1 6 1 16 1 15 35 35
1 5 11 16 1 15 35
1 5 1 16 1 15 35
1 4 10 30 30 30
1 4 1 16 16 3
1 4 1 16 4 3
1 5 1 11 16 1 3
1 4 4 16 16 38
1 6 9 37 51 51 51 51
1 6 4 16 37 1 16 38
1 8 16 4 16 3 6 16 6 26
1 8 1 16 16 6 23 20 44 57
1 3 3 1 16
1 11 2 16 1 16 1 16 1 17 17 17 17
1 3 1 16 39
1 7 6 1 16 6 20 44 57
1 5 3 21 21 21 21
1 7 3 16 3 1 16 3 23
1 3 16 16 4
1 3 16 16 40
1 5 1 16 37 16 36
1 4 1 16 4 24
1 4 4 24 24 24
1 5 4 16 3 4 24
1 3 16 3 16
1 7 3 1 3 16 16 16 38
1 3 2 16 52
1 4 1 39 53 53
1 7 10 30 30 30 30 30 30
1 3 1 39 52
1 3 39 53 53
1 3 4 3 21
1 6 4 16 3 16 3 4
1 3 1 16 1
1 5 1 17 17 17 17
1 10 1 16 3 4 16 1 3 23 47 47
1 9 6 3 20 45 45 45 45 45 45
1 3 1 16 39
1 4 3 21 21 21
1 7 4 16 3 4 16 3 23
1 3 3 1 17
1 3 3 21 21
1 3 5 16 36
1 3 1 16 11
1 5 6 23 20 44 57
1 4 1 15 16 6
1 5 6 16 20 44 57
1 6 14 14 14 14 14 14
1 6 37 1 16 6 16 37
1 4 1 16 4 16
1 7 6 3 1 16 1 16 39
1 4 2 1 16 52
1 4 14 14 14 14
1 4 6 26 26 26
1 4 16 2 4 16
1 3 16 16 16
1 7 2 19 19 19 19 19 19
1 6 6 3 1 17 17 17
1 5 12 49 58 63 63
1 3 12 33 49
1 3 16 20 45
1 4 2 4 18 43
1 3 12 58 63
1 3 14 14 14
1 4 14 14 14 14
1 5 6 26 26 26 26
1 3 6 57 62
1 5 14 14 14 14 14
1 3 12 49 58
1 4 14 14 14 14
1 3 12 33 49
1 5 6 23 47 47 47
1 6 1 16 12 49 58 63
1 4 6 26 26 26
1 10 1 16 1 16 1 16 12 33 49 58
1 3 12 33 49
1 11 1 15 15 16 1 16 12 32 32 32 32
1 9 16 16 12 32 49 58 63 63 63
1 8 14 14 14 14 14 14 14 14
1 9 2 19 19 19 19 19 19 19 19
1 6 1 16 16 41 55 55
1 4 2 19 19 19
1 3 12 32 32
1 4 16 38 38 38
1 3 1 17 17
1 8 18 43 43 43 43 43 43 43
1 4 1 16 38 38
1 6 12 32 32 49 39 53
1 7 14 14 14 14 14 14 14
1 5 1 16 16 41 55
1 5 12 33 49 39 53
1 3 2 19 19
1 6 2 19 19 19 19 19
1 5 12 33 49 58 64
1 8 2 16 1 17 17 17 17 17
1 4 18 43 43 43
1 3 1 16 38
1 7 16 4 16 12 49 59 59
1 4 13 34 34 34
1 3 16 1 17
1 7 12 33 49 39 52 60 60
1 8 14 14 14 14 14 14 14 14
1 4 13 34 34 34
1 4 16 10 16 38
1 9 2 19 19 19 19 19 19 19 19
1 7 6 3 16 20 33 44 57
1 9 16 18 43 43 43 43 43 43 43
1 5 6 26 26 26 26
1 3 14 14 14
1 3 10 16 58
1 9 6 26 26 26 26 26 26 26 26
1 5 16 4 16 33 48
1 3 10 30 30
1 4 14 14 14 14
1 3 10 16 41
1 8 2 19 19 19 19 19 19 19
1 4 10 16 33 48
1 6 12 49 39 52 60 60
1 4 16 39 53 53
1 3 1 16 41
1 7 12 33 49 39 52 60 60
1 8 14 14 14 14 14 14 14 14
1 3 1 16 41
1 6 12 33 49 59 59 59
1 11 16 16 1 17 17 17 17 17 17 17 17
1 3 18 43 43
1 7 12 33 49 39 52 60 60
1 7 14 14 14 14 14 14 14
1 7 12 33 49 39 53 53 53
1 4 7 16 58 64
1 3 12 33 49
1 4 1 17 17 17
1 4 4 16 58 64
1 3 12 33 49
1 3 6 57 62
1 4 1 16 58 64
1 5 12 33 49 59 59
1 9 1 16 38 38 38 38 38 38 38
1 6 16 12 49 58 63 63
1 7 1 16 12 32 32 49 59
1 4 6 57 62 66
1 8 1 16 1 16 12 33 49 58
1 3 14 14 14
1 3 12 33 49
1 6 14 14 14 14 14 14
1 4 12 33 49 58
1 3 14 14 14
1 3 14 14 14
1 11 16 1 16 16 1 4 18 43 43 43 43
1 7 1 16 12 32 49 58 64
1 4 6 26 26 26
1 7 18 43 43 43 43 43 43
1 4 16 12 33 49
1 3 12 49 58
1 6 1 16 12 33 49 58
1 5 16 12 49 59 59
1 3 13 34 34
1 7 16 38 38 38 38 38 38
1 3 14 14 14
1 3 1 16 40
1 4 12 49 59 59
1 5 18 43 43 43 43
1 3 14 14 14
1 5 1 16 12 58 64
1 4 16 16 1 17
1 4 12 33 49 58
1 7 16 12 32 32 49 58 64
1 5 4 16 12 58 63
1 4 16 4 16 33
1 4 12 49 59 59
1 5 4 16 12 49 59
1 4 4 16 33 48
1 7 1 16 18 43 43 43 43
1 4 9 29 29 29
1 5 6 20 33 48 48
1 4 13 34 34 34
1 4 14 14 14 14
1 5 12 33 49 58 63
1 7 14 14 14 14 14 14 14
1 4 12 32 32 49
1 4 16 33 49 58
1 9 16 12 49 58 63 63 63 63 63
1 3 1 16 58
1 3 12 33 49
1 5 16 20 33 49 58
1 3 6 57 62
1 6 18 43 43 43 43 43
1 9 16 4 16 12 33 49 58 63 63
1 8 4 16 12 49 58 63 63 63
1 7 18 43 43 43 43 43 43
1 6 16 38 38 38 38 38
1 3 13 13 13
1 3 13 13 34
1 3 36 50 50
1 3 13 13 13
1 3 13 13 13
1 3 13 13 13
1 3 13 13 13
1 3 13 13 13
1 3 13 13 13
1 4 13 34 34 34
1 3 13 13 13
1 3 13 13 13
1 4 12 32 32 32
1 4 16 10 30 30
1 5 4 16 12 58 64
1 7 8 28 28 28 28 28 28
1 3 12 32 32
1 4 8 28 28 28
1 7 4 16 12 33 48 48 48
1 5 16 20 45 45 45
1 3 4 24 24
1 3 4 16 58
1 4 14 14 14 14
1 6 4 16 12 32 32 32
1 3 14 14 14
1 4 12 58 63 63
1 7 9 29 29 29 29 29 29
1 6 9 29 29 29 29 29
1 3 16 12 58
1 3 2 19 19
1 6 2 1 16 58 63 63
1 3 16 12 58
1 7 16 12 32 32 32 32 32
1 6 6 26 26 26 26 26
1 4 4 16 12 58
1 3 6 57 62
1 3 13 34 34
1 3 10 30 30
1 4 1 16 1 16
1 3 1 16 52
1 4 7 16 52 61
1 7 4 16 16 1 16 3 1
1 3 36 50 50
1 6 2 1 16 1 17 17
1 3 52 60 60
1 5 7 16 1 16 1
1 4 16 4 3 1
1 7 10 16 16 1 16 38 38
1 3 1 16 38
1 5 1 16 1 16 16
1 3 4 16 3
1 12 16 3 4 1 16 11 16 6 23 20 44 57
1 4 1 16 36 50
1 11 1 7 16 11 16 3 6 23 20 44 57
1 7 16 37 51 51 51 51 51
1 3 1 16 39
1 3 7 16 3
1 5 1 15 16 38 38
1 3 1 16 16
1 3 4 16 3
1 3 16 39 53
1 4 1 16 1 3
1 4 16 11 16 3
1 3 3 1 17
1 4 4 1 16 5
1 4 4 4 24 24
1 3 4 24 24
1 4 4 16 1 16
1 3 14 14 14
1 4 4 16 1 16
1 4 39 53 53 53
1 10 1 16 4 16 4 4 18 42 56 56
1 5 1 16 3 16 16
1 7 16 3 1 16 4 1 16
1 3 37 16 16
1 7 5 25 25 25 25 25 25
1 3 1 16 1
1 3 11 16 1
1 3 4 1 16
1 3 11 16 1
1 4 4 1 16 36
1 4 5 1 17 17
1 3 1 16 1
1 3 3 21 21
1 3 4 24 24
1 3 3 21 21
1 9 3 16 16 3 21 21 21 21 21
1 4 3 16 3 4
1 4 3 4 3 4
1 5 3 1 16 3 22
1 3 3 21 21
1 4 3 4 3 21
1 4 3 4 3 21
1 5 4 4 4 4 24
1 4 1 16 39 52
1 4 1 16 39 52
1 4 1 16 39 52
1 5 3 1 16 39 52
1 4 1 16 52 60
1 3 1 16 52
1 3 1 16 4
1 3 10 30 30
1 4 1 16 16 1
1 6 16 1 16 16 16 36
1 3 16 7 1
1 3 10 16 1
1 4 16 1 15 35
1 3 1 16 4
1 6 1 15 35 35 35 35
1 5 4 16 1 16 4
1 5 1 16 1 16 1
1 3 16 1 16
1 7 3 1 16 16 3 1 16
1 3 14 14 14
1 5 6 3 20 44 57
1 3 2 19 19
1 6 1 16 38 38 38 38
1 7 4 24 24 24 24 24 24
1 9 18 43 43 43 43 43 43 43 43
1 4 9 29 29 29
1 6 8 28 28 28 28 28
1 6 14 14 14 14 14 14
1 5 6 3 20 44 57
1 5 9 37 51 51 51
1 7 6 3 23 20 45 45 45
1 4 3 1 16 39
1 3 12 33 48
1 4 1 16 38 38
1 3 9 37 51
1 7 6 3 4 16 20 44 57
1 7 3 16 6 1 17 17 17
1 6 6 3 21 21 21 21
1 5 6 3 4 24 24
1 8 3 16 6 26 26 26 26 26
1 9 1 16 1 16 6 3 20 44 57
1 7 9 37 51 51 51 51 51
1 7 16 16 38 38 38 38 38
1 7 1 16 38 38 38 38 38
1 7 3 6 26 26 26 26 26
1 7 1 6 23 20 45 45 45
1 6 6 3 16 20 44 57
1 3 3 1 16
1 3 6 3 21
1 6 16 6 3 16 20 57
1 4 6 3 20 57
1 4 6 3 23 47
1 5 6 3 4 16 38
1 6 3 6 23 20 44 57
1 4 6 3 20 57
1 6 1 6 3 16 20 57
1 6 3 16 6 20 44 57
1 7 16 6 3 16 20 44 57
1 6 6 3 23 20 44 57
1 3 6 3 21
1 3 14 14 14
1 3 1 16 4
1 5 6 3 16 20 57
1 7 3 1 16 6 3 23 47
1 8 14 14 14 14 14 14 14 14
1 5 6 3 4 16 38
1 6 3 6 16 20 44 57
1 6 6 3 16 20 44 57
1 7 16 38 38 38 38 38 38
1 4 16 16 16 16
1 7 11 16 4 3 1 16 1
1 6 11 31 31 31 31 31
1 3 2 16 36
1 4 1 16 1 16
1 4 16 10 30 30
1 6 4 16 1 16 3 21
1 4 1 16 52 60
1 10 16 16 1 16 1 16 4 16 1 16
1 4 1 17 17 17
1 4 16 1 16 39
1 6 1 16 1 16 52 60
1 5 11 16 1 17 17
1 7 1 16 1 16 3 1 16
1 7 2 1 16 39 52 61 65
1 11 10 16 1 15 16 3 1 16 1 16 3
1 8 4 16 2 19 19 19 19 19
1 4 16 16 1 17
1 5 1 16 16 11 16
1 7 16 1 16 1 16 16 40
1 4 16 16 7 16
1 6 16 1 16 3 22 46
1 4 16 1 16 16
1 5 7 16 4 16 36
1 5 16 3 1 4 16
1 8 1 16 3 1 16 1 16 3
1 3 1 16 1
1 4 3 1 16 2
1 3 5 1 16
1 8 6 3 1 16 20 33 44 57
1 7 6 3 1 16 20 44 57
1 4 3 21 21 21
1 8 3 1 16 6 1 17 17 17
1 4 3 1 16 16
1 10 14 14 14 14 14 14 14 14 14 14
1 13 2 1 16 38 38 38 38 38 38 38 38 38 38
1 4 1 16 1 16
1 7 1 16 38 38 38 38 38
1 7 1 16 6 3 20 44 57
1 3 1 16 4
1 5 3 1 16 38 38
1 6 1 16 1 3 16 1
1 5 37 1 16 1 17
1 6 5 1 16 5 1 16
1 6 16 1 15 16 16 16
1 4 1 16 3 4
1 4 3 1 16 1
1 5 3 1 16 1 16
1 9 37 51 51 51 51 51 51 51 51
1 4 1 16 39 53
1 6 4 16 18 42 56 56
1 3 1 16 16
1 3 4 16 1
1 4 16 37 16 12
1 3 4 16 38
1 4 16 1 15 16
1 3 2 1 16
1 3 4 24 24
1 3 16 1 17
1 5 6 23 20 44 57
1 5 4 16 16 1 16
1 3 16 1 4
1 5 10 16 1 11 31
1 3 16 36 50
1 3 1 16 10
1 3 36 50 50
1 3 4 16 1
1 3 52 60 60
1 6 14 14 14 14 14 14
1 5 9 37 51 51 51
1 4 14 14 14 14
1 3 36 50 50
1 5 1 16 7 16 16
1 3 36 50 50
1 4 11 16 39 52
1 4 4 16 39 52
1 4 2 16 7 16
1 4 4 1 16 4
1 4 4 3 1 16
1 5 3 21 21 21 21
1 3 10 30 30
1 3 16 39 52
1 3 14 14 14
1 8 1 11 16 1 16 4 1 4
1 3 16 1 16
1 4 1 15 16 3
1 3 1 16 36
1 4 2 1 16 3
1 3 1 15 16
1 5 3 1 16 1 16
1 8 3 1 16 6 23 20 44 57
1 4 14 14 14 14
1 13 2 1 16 5 1 16 12 32 32 32 32 32 32
1 4 1 4 16 12
1 4 1 16 16 12
1 13 1 16 12 32 32 32 32 32 32 32 32 32 32
1 13 4 16 1 16 1 16 4 16 1 15 16 4 16
1 11 4 16 1 16 4 16 4 16 16 1 16
1 5 16 6 20 44 57
1 5 16 1 17 17 17
1 9 1 16 4 16 1 16 4 24 24
1 3 1 16 12
1 3 10 30 30
1 3 16 1 16
1 3 1 16 12
1 3 1 16 12
1 8 1 17 17 17 17 17 17 17
1 3 1 16 52
1 3 11 16 3
1 4 1 16 1 16
1 6 4 16 1 16 16 3
1 4 16 1 16 3
1 3 14 14 14
1 4 16 16 3 4
1 4 10 16 4 4
1 5 1 16 1 11 16
1 5 11 16 16 3 16
1 4 1 16 16 16
1 7 16 1 16 16 3 23 47
1 3 6 20 57
1 3 1 16 5
1 3 2 16 38
1 3 1 16 39
1 3 1 16 3
1 3 16 3 21
1 5 6 23 20 44 57
1 5 3 4 16 39 52
1 7 16 3 6 23 20 44 57
1 7 16 3 6 23 20 44 57
1 4 1 16 16 3
1 3 1 16 16
1 5 9 29 29 29 29
1 3 1 16 37
1 14 1 16 1 18 1 16 7 1 16 16 16 16 16 16
1 10 2 16 38 38 38 38 38 38 38 38
1 9 4 18 1 15 15 16 1 7 16
1 7 16 1 15 15 15 15 35
1 4 16 16 16 16
1 5 16 18 1 17 17
1 8 1 18 1 16 1 16 1 16
1 8 18 1 16 16 1 15 16 38
1 6 4 24 24 24 24 24
1 3 1 16 16
1 14 11 31 31 31 31 31 31 31 31 31 31 31 31 31
1 17 1 16 16 1 16 4 16 4 1 16 4 4 4 16 1 4 16
1 19 4 16 5 1 4 16 5 1 4 16 5 16 5 1 15 16 5 25 25
1 13 1 16 3 1 15 16 3 21 21 21 21 21 21
1 14 1 16 37 51 51 51 51 51 51 51 51 51 51 51
1 11 2 4 3 21 21 21 21 21 21 21 21
1 9 4 16 3 1 6 23 20 44 57
1 10 11 16 3 21 21 21 21 21 21 21
1 11 1 16 16 1 16 1 16 1 4 16 16
1 8 7 16 1 15 16 4 16 1
1 3 1 16 4
1 4 4 3 1 15
1 5 7 16 16 7 27
1 5 16 16 4 1 16
1 3 52 60 60
1 3 10 16 1
1 3 16 1 15
1 6 16 1 16 37 16 37
1 4 5 16 40 54
1 5 1 16 1 16 1
1 3 1 16 4
1 5 3 21 21 21 21
1 16 16 16 16 1 16 1 17 17 17 17 17 17 17 17 17 17
1 9 4 16 1 15 15 15 15 35 35
1 6 37 16 1 16 16 38
1 16 1 16 1 18 42 15 15 15 18 42 15 16 1 16 1 39
1 12 4 4 16 1 15 15 15 35 35 35 35 35
1 4 16 5 25 25
1 15 2 1 18 1 16 1 7 16 1 16 1 3 22 46 46
1 10 1 15 15 18 42 15 15 16 16 3
1 8 1 16 1 16 7 1 16 39
1 3 16 3 21
1 9 11 31 31 31 31 31 31 31 31
1 3 1 3 16
1 4 3 1 16 16
1 10 18 1 16 1 15 18 42 56 56 56
1 5 1 15 18 42 15
1 10 1 15 15 15 16 38 38 38 38 38
1 4 1 16 1 16
1 5 39 53 53 53 53
1 6 1 15 18 1 15 16
1 15 1 15 18 1 16 18 1 15 16 1 15 15 15 16 1
1 6 1 18 42 56 56 56
1 4 1 15 16 1
1 16 1 11 31 31 31 31 31 31 31 31 31 31 31 31 31 31
1 11 4 1 4 18 1 15 16 1 16 1 18
1 8 1 15 18 1 16 1 16 39
1 10 1 15 35 35 35 35 35 35 35 35
1 10 18 1 16 1 7 1 16 1 16 1
1 4 1 18 1 16
1 8 1 15 15 35 35 35 35 35
1 4 39 53 53 53
1 11 1 15 35 35 35 35 35 35 35 35 35
1 9 1 18 1 15 16 1 16 1 15
1 3 1 16 1
1 10 1 18 42 15 15 7 1 17 17 17
1 3 16 38 38
1 3 1 16 38
1 3 14 14 14
1 3 14 14 14
1 3 14 14 14
1 4 6 3 23 47
1 9 1 15 18 42 15 15 15 15 15
1 6 6 3 20 33 44 57
1 9 1 18 42 15 16 1 15 15 15
1 5 6 3 20 44 57
1 13 1 15 15 15 15 18 42 15 15 7 1 15 16
1 11 1 17 17 17 17 17 17 17 17 17 17
1 13 1 15 18 1 16 16 7 1 15 15 15 7 27
1 4 6 3 20 57
1 8 1 15 18 1 16 1 15 15
1 4 6 3 20 57
1 8 3 16 1 6 23 20 44 57
1 3 6 3 21
1 14 16 16 1 15 15 18 42 15 15 7 1 15 15 15
1 6 6 3 20 33 44 57
1 7 11 31 31 31 31 31 31
1 6 6 3 20 33 44 57
1 9 16 1 11 31 31 31 31 31 31
1 5 6 3 21 21 21
1 11 14 14 14 14 14 14 14 14 14 14 14
1 7 6 3 23 20 33 44 57
1 12 1 18 1 16 7 1 15 15 15 7 16 1
1 3 11 31 31
1 3 10 30 30
1 11 1 18 1 16 1 15 15 15 15 15 35
1 10 1 16 1 11 31 31 31 31 31 31
1 12 1 16 16 38 38 38 38 38 38 38 38 38
1 8 1 15 18 42 15 15 15 35
1 13 2 1 17 17 17 17 17 17 17 17 17 17 17
1 13 1 17 17 17 17 17 17 17 17 17 17 17 17
1 7 18 42 15 15 15 15 35
1 16 5 25 25 25 25 25 25 25 25 25 25 25 25 25 25 25
1 7 4 1 11 31 31 31 31
1 10 1 15 18 42 15 7 1 15 15 15
1 5 1 18 42 15 15
1 8 18 42 15 15 15 15 15 15
1 10 1 15 15 18 42 15 15 15 15 15
1 3 6 3 21
1 6 6 3 1 17 17 17
1 4 16 1 18 1
1 3 16 16 18
1 4 7 16 38 38
1 7 8 28 28 28 28 28 28
1 3 1 18 1
1 3 1 16 36
1 7 18 43 43 43 43 43 43
1 11 1 15 15 15 15 18 42 15 15 15 35
1 9 14 14 14 14 14 14 14 14 14
1 4 14 14 14 14
1 14 1 15 15 18 1 15 16 1 15 7 1 15 16 1
1 3 14 14 14
1 13 1 4 18 1 15 16 1 15 7 1 16 1 7
1 9 1 16 16 16 16 7 1 18 1
1 3 1 17 17
1 3 16 1 17
1 6 4 24 24 24 24 24
1 3 1 15 18
1 5 1 4 24 24 24
1 5 16 1 18 1 15
1 7 2 1 6 3 20 44 57
1 5 1 7 1 18 1
1 5 1 16 7 27 27
1 3 16 39 52
1 7 6 3 21 21 21 21 21
1 4 6 3 20 57
1 9 16 1 16 16 1 15 18 1 15
1 5 1 15 16 1 18
1 5 10 16 1 18 1
1 5 4 24 24 24 24
1 10 1 15 16 1 15 18 43 43 43 43
1 6 10 30 30 30 30 30
1 3 1 16 33
1 4 16 1 18 1
1 3 16 11 31
1 4 1 7 27 27
1 7 3 1 16 6 20 44 57
1 4 5 1 18 43
1 4 6 3 1 17
1 6 6 3 1 17 17 17
1 8 2 1 16 7 1 15 18 1
1 6 6 3 20 33 44 57
1 6 6 3 16 20 33 48
1 4 1 15 15 18
1 3 16 1 18
1 3 1 7 27
1 7 2 4 16 16 11 31 31
1 5 14 14 14 14 14
1 4 1 16 52 61
1 4 16 38 38 38
1 6 1 16 39 52 61 65
1 5 16 2 1 17 17
1 4 1 16 1 6
1 3 1 16 36
1 3 39 53 53
1 4 16 1 16 4
1 3 4 16 16
1 5 1 16 1 16 16
1 3 4 24 24
1 5 1 16 39 52 61
1 3 6 26 26
1 5 3 21 21 21 21
1 5 6 26 26 26 26
1 4 5 16 16 38
1 3 8 28 28
1 5 37 1 16 1 16
1 4 6 1 16 52
1 5 3 1 16 39 52
1 3 2 19 19
1 4 4 4 4 1
