748 65
1 6 1 14 2 1 16 16
1 3 5 14 3
1 4 5 14 5 21
1 5 5 5 14 5 5
1 9 14 5 14 29 41 41 41 41 41
1 6 1 14 14 3 28 3
1 7 5 14 14 30 42 42 42
1 4 1 14 30 42
1 3 1 14 28
1 3 1 14 14
1 3 4 20 20
1 6 14 28 3 5 14 3
1 6 1 14 28 14 28 40
1 7 1 14 14 28 28 14 14
1 5 3 28 14 6 14
1 5 3 5 14 31 43
1 4 6 22 22 22
1 9 6 14 28 28 15 1 14 3 18
1 9 5 14 28 14 28 14 15 37 52
1 7 1 16 16 14 28 40 40
1 4 1 14 3 6
1 4 1 14 28 14
1 4 3 28 14 32
1 3 14 33 47
1 3 1 14 47
1 3 14 33 47
1 5 3 18 18 18 18
1 4 5 14 28 14
1 3 1 14 34
1 3 3 5 21
1 5 14 14 5 14 3
1 10 7 14 29 41 41 41 41 41 41 41
1 3 9 14 4
1 3 14 7 14
1 7 2 14 5 1 14 14 34
1 5 14 2 14 14 3
1 6 3 5 5 5 14 3
1 5 3 14 14 28 3
1 3 5 14 14
1 6 3 18 18 18 18 18
1 5 5 14 28 3 14
1 3 10 14 28
1 4 5 1 14 34
1 4 1 14 14 32
1 4 8 14 14 3
1 4 1 14 7 23
1 5 14 14 14 3 14
1 4 1 14 7 23
1 4 14 28 14 3
1 3 1 14 14
1 6 2 1 14 33 47 56
1 4 10 10 10 10
1 3 7 14 3
1 3 2 5 21
1 5 1 1 14 5 3
1 3 4 20 20
1 4 1 14 32 32
1 3 1 14 47
1 3 4 20 20
1 4 5 1 14 3
1 4 7 28 14 33
1 4 1 14 47 56
1 4 1 14 28 33
1 3 1 14 34
1 7 9 14 28 28 28 14 3
1 3 1 14 5
1 3 1 14 14
1 3 14 28 3
1 4 1 14 14 28
1 4 5 1 14 3
1 3 14 3 18
1 3 1 14 3
1 3 14 5 21
1 3 1 14 3
1 3 1 14 3
1 4 1 14 14 14
1 3 5 1 14
1 3 5 5 14
1 3 1 5 21
1 5 5 3 28 40 40
1 3 5 14 14
1 3 5 5 1
1 3 8 24 24
1 4 14 15 38 38
1 3 14 14 32
1 3 8 24 24
1 3 5 21 21
1 3 10 10 10
1 3 8 24 24
1 5 1 14 3 5 5
1 3 1 14 28
1 4 6 14 28 5
1 5 6 22 22 22 22
1 3 6 14 28
1 3 6 22 22
1 6 6 22 22 22 22 22
1 3 6 22 22
1 5 6 22 22 22 22
1 3 5 5 1
1 3 9 14 47
1 4 9 25 25 25
1 5 5 14 5 14 14
1 8 1 14 28 14 28 14 28 14
1 7 3 28 14 14 28 3 14
1 5 3 28 14 28 3
1 4 1 14 28 33
1 3 14 28 40
1 3 14 34 48
1 3 1 14 34
1 4 1 14 28 40
1 6 1 14 28 28 40 40
1 5 9 14 28 28 3
1 4 2 17 17 17
1 5 1 14 28 28 33
1 4 8 24 24 24
1 4 1 14 14 3
1 5 1 9 14 28 3
1 4 5 14 14 32
1 6 5 14 30 42 42 42
1 8 1 14 14 6 19 31 44 43
1 3 3 28 14
1 3 1 14 33
1 7 6 22 22 22 22 44 43
1 5 3 18 18 18 18
1 3 14 14 5
1 3 14 14 34
1 5 1 14 30 42 42
1 4 1 14 5 21
1 4 5 21 21 21
1 5 5 14 3 5 21
1 3 14 3 14
1 5 3 19 39 39 39
1 7 3 28 3 14 14 14 32
1 3 2 14 47
1 3 9 25 25
1 4 1 16 16 16
1 5 14 28 33 46 46
1 3 1 16 16
1 3 33 46 46
1 6 2 1 16 16 16 16
1 5 1 16 14 35 49
1 10 1 14 3 5 14 28 3 19 39 39
1 3 1 14 33
1 7 5 14 3 5 14 3 19
1 4 1 14 3 19
1 3 10 14 35
1 3 3 18 18
1 3 5 14 28
1 6 1 14 5 5 5 14
1 4 1 14 29 41
1 3 1 14 9
1 5 6 19 31 44 43
1 5 6 14 31 44 43
1 6 10 10 14 28 14 35
1 7 6 3 28 14 31 44 43
1 6 30 42 42 42 42 42
1 4 1 14 5 14
1 7 6 3 28 14 28 14 33
1 8 1 14 6 22 22 22 44 43
1 4 2 1 14 47
1 4 6 22 22 22
1 4 14 2 5 14
1 3 1 14 34
1 7 2 17 17 17 17 17 17
1 6 6 3 28 40 40 40
1 5 36 58 61 11 26
1 3 14 31 45
1 4 2 5 15 38
1 3 36 61 63
1 3 10 10 10
1 4 10 10 10 10
1 4 5 14 14 51
1 6 1 16 16 16 16 16
1 3 6 43 54
1 5 10 10 10 10 10
1 3 14 14 51
1 3 36 58 61
1 4 5 21 21 21
1 4 10 10 10 10
1 5 6 19 39 39 39
1 6 1 14 36 58 61 11
1 4 6 22 43 54
1 10 1 14 28 14 28 14 36 51 58 61
1 3 36 51 58
1 9 14 14 36 50 50 50 50 50 50
1 8 10 10 10 10 10 10 10 10
1 9 2 17 17 17 17 17 17 17 17
1 3 36 50 50
1 3 1 16 16
1 8 15 38 38 38 38 38 38 38
1 6 1 14 2 17 17 17
1 6 36 50 50 50 50 50
1 4 10 56 60 60
1 7 10 10 10 10 10 10 56
1 5 1 14 14 32 32
1 5 36 51 58 33 46
1 3 2 17 17
1 6 2 17 17 17 17 17
1 5 36 51 58 61 64
1 8 2 14 28 40 40 40 40 40
1 3 1 14 32
1 7 14 5 14 36 58 62 62
1 3 14 33 47
1 3 14 28 40
1 7 36 51 58 33 47 55 55
1 8 12 2 17 17 17 17 17 17
1 6 8 14 36 58 62 62
1 4 14 32 32 32
1 7 6 3 14 31 51 44 43
1 9 14 15 38 38 38 38 38 38 38
1 5 6 22 22 43 54
1 3 10 10 10
1 3 8 14 61
1 5 14 5 14 51 57
1 3 8 24 24
1 4 1 14 34 48
1 7 36 51 58 33 47 55 55
1 3 1 14 32
1 8 12 2 17 17 17 17 17 17
1 3 1 14 32
1 6 36 51 58 62 62 62
1 11 14 14 28 40 40 40 40 40 40 40 40
1 3 15 38 38
1 7 36 51 58 33 47 55 55
1 7 12 2 17 17 17 17 17
1 3 5 15 38
1 7 36 51 58 33 46 46 46
1 4 7 14 61 64
1 3 36 51 58
1 6 7 23 23 23 23 23
1 4 5 14 61 64
1 5 36 51 58 62 62
1 7 7 14 36 51 58 61 64
1 3 6 43 54
1 9 1 14 32 32 32 32 32 32 32
1 6 14 36 58 61 63 63
1 7 1 14 36 50 50 50 50
1 3 10 10 10
1 3 14 34 48
1 6 10 10 10 10 10 10
1 4 36 51 58 61
1 3 10 10 10
1 11 14 28 14 14 28 5 15 38 38 38 38
1 4 6 22 43 54
1 7 15 38 38 38 38 38 38
1 3 1 14 34
1 4 6 22 43 54
1 3 36 58 61
1 4 6 22 43 54
1 6 1 14 36 51 58 61
1 5 14 36 58 62 62
1 3 11 26 26
1 7 14 32 32 32 32 32 32
1 3 36 51 58
1 3 10 10 10
1 4 36 58 62 62
1 5 15 38 38 38 38
1 6 14 36 58 61 11 11
1 4 14 14 28 40
1 4 36 51 58 61
1 7 14 36 50 50 50 50 50
1 5 5 14 36 61 11
1 4 14 5 14 51
1 4 36 58 62 62
1 5 5 14 36 58 62
1 4 5 14 51 57
1 7 1 14 15 38 38 38 38
1 7 2 5 14 36 51 58 61
1 3 6 43 54
1 5 6 22 22 43 54
1 4 11 26 26 26
1 7 14 14 34 48 48 48 48
1 4 10 10 10 10
1 5 36 51 58 61 63
1 7 10 10 10 10 10 10 10
1 4 1 14 14 61
1 4 36 50 50 50
1 4 14 51 58 61
1 9 14 36 58 61 63 63 63 63 63
1 6 1 14 28 14 61 11
1 5 1 14 14 34 48
1 3 6 43 54
1 5 14 31 51 58 61
1 3 6 43 54
1 6 15 38 38 38 38 38
1 9 14 5 14 36 51 58 61 63 63
1 8 5 14 36 58 61 11 26 26
1 9 5 14 36 51 58 61 64 65 65
1 3 5 21 21
1 7 5 14 32 32 32 32 32
1 7 15 38 38 38 38 38 38
1 6 14 32 32 32 32 32
1 3 11 11 11
1 4 8 24 24 24
1 3 11 11 11
1 3 11 11 11
1 3 4 20 20
1 3 11 11 11
1 3 11 11 11
1 3 11 11 11
1 3 11 11 11
1 3 11 11 11
1 4 11 26 26 26
1 3 11 11 11
1 3 11 11 11
1 5 1 14 36 61 64
1 3 1 14 61
1 4 14 32 32 32
1 5 5 14 36 61 64
1 3 11 11 11
1 3 36 50 50
1 3 14 36 61
1 4 10 10 10 10
1 5 14 31 45 45 45
1 5 5 14 36 61 63
1 3 5 21 21
1 8 10 10 14 36 61 64 65 65
1 3 5 14 61
1 4 10 10 10 10
1 6 14 28 40 40 40 40
1 6 5 14 36 50 50 50
1 7 13 27 27 27 27 27 27
1 5 10 10 10 10 10
1 6 13 27 27 27 27 27
1 7 13 27 27 27 27 27 27
1 3 14 36 61
1 6 2 1 14 61 63 63
1 3 4 20 20
1 3 14 36 61
1 7 14 36 50 50 50 50 50
1 4 6 22 43 54
1 3 6 43 54
1 3 8 24 24
1 3 2 1 14
1 3 1 14 47
1 4 7 14 47 56
1 7 5 14 14 28 14 3 28
1 6 2 1 14 28 40 40
1 5 14 14 28 14 33
1 3 10 14 33
1 5 7 14 28 14 28
1 4 14 5 3 28
1 7 8 14 14 28 14 35 49
1 3 1 14 35
1 9 9 14 29 41 41 41 41 41 41
1 12 14 3 5 1 14 9 14 6 19 31 44 43
1 7 14 30 42 42 42 42 42
1 5 14 14 28 14 3
1 3 7 14 3
1 5 1 1 14 32 32
1 3 9 14 3
1 3 1 14 14
1 4 1 14 28 3
1 4 5 1 14 29
1 4 5 5 21 21
1 3 5 21 21
1 4 5 14 28 14
1 3 10 56 60
1 10 1 14 5 14 5 5 15 37 53 53
1 5 1 14 3 14 14
1 7 14 3 28 14 5 1 14
1 7 29 41 41 41 41 41 41
1 5 5 14 14 14 28
1 3 1 14 28
1 3 1 16 14
1 3 9 14 28
1 3 5 1 14
1 3 4 20 20
1 3 9 14 28
1 3 9 14 28
1 4 5 1 14 4
1 3 3 28 40
1 3 9 25 25
1 5 1 14 33 47 56
1 4 29 41 41 41
1 3 1 14 28
1 3 3 18 18
1 3 33 47 55
1 3 3 5 21
1 4 1 14 14 28
1 4 3 5 3 5
1 3 1 14 4
1 3 3 18 18
1 3 29 41 41
1 5 5 5 5 5 21
1 4 1 14 33 47
1 4 1 14 33 47
1 5 3 28 14 33 47
1 5 1 14 28 14 47
1 4 1 14 47 55
1 3 1 14 14
1 4 1 14 28 28
1 3 1 14 5
1 3 8 24 24
1 4 1 14 14 28
1 6 14 28 14 14 14 4
1 3 8 14 28
1 3 1 14 5
1 6 1 1 5 14 5 14
1 5 5 14 28 14 5
1 5 1 14 28 14 28
1 3 14 28 14
1 7 3 28 14 14 3 28 14
1 3 10 10 10
1 5 6 3 31 44 43
1 3 2 17 17
1 9 15 38 38 38 38 38 38 38 38
1 5 10 10 10 10 10
1 6 10 10 10 10 10 10
1 6 14 32 32 32 32 32
1 5 13 27 27 27 27
1 7 6 3 19 31 45 45 45
1 4 3 28 14 33
1 3 36 51 57
1 5 15 1 14 2 17
1 6 30 42 42 42 42 42
1 4 1 14 32 32
1 3 12 2 17
1 3 12 2 17
1 3 13 27 27
1 4 1 14 14 5
1 7 6 3 28 14 31 44 43
1 7 3 14 6 22 22 44 43
1 6 6 3 18 18 18 18
1 5 6 3 5 21 21
1 8 3 14 6 22 22 22 44 43
1 9 1 14 28 14 6 3 31 44 43
1 7 13 27 27 27 27 27 27
1 8 5 1 14 30 42 42 42 42
1 7 14 14 32 32 32 32 32
1 7 1 14 32 32 32 32 32
1 7 1 16 16 16 16 16 16
1 3 6 3 18
1 6 14 6 3 14 31 43
1 4 6 3 19 39
1 5 1 16 16 16 16
1 4 6 3 31 43
1 6 1 14 6 3 14 32
1 5 6 3 5 14 32
1 6 3 6 19 31 44 43
1 4 6 3 31 43
1 5 6 3 31 44 43
1 6 3 14 6 22 44 43
1 8 1 14 6 3 28 14 31 43
1 6 6 3 19 31 44 43
1 3 6 3 18
1 3 1 14 5
1 5 6 3 14 31 43
1 6 15 38 38 38 38 38
1 7 3 28 14 6 3 19 39
1 7 14 28 14 35 49 49 49
1 8 10 10 14 32 32 32 32 32
1 10 5 14 28 14 35 49 49 49 49 49
1 4 1 14 32 32
1 5 6 3 5 14 32
1 6 3 6 14 31 44 43
1 6 6 3 14 31 44 43
1 7 14 32 32 32 32 32 32
1 4 14 14 14 14
1 3 1 14 34
1 6 9 25 25 25 25 25
1 4 1 14 28 14
1 6 5 14 28 14 3 18
1 4 1 14 47 55
1 10 14 14 28 14 28 14 5 14 28 14
1 4 1 16 16 16
1 4 14 28 14 33
1 6 1 14 28 14 47 55
1 5 9 14 28 40 40
1 4 1 9 14 47
1 7 2 1 14 33 47 56 60
1 8 5 14 2 17 17 17 17 17
1 4 14 14 28 40
1 5 1 14 14 9 14
1 6 5 5 14 14 3 28
1 6 14 28 14 3 18 18
1 8 1 14 3 28 14 28 14 3
1 7 14 28 14 3 28 14 3
1 3 1 14 28
1 3 1 14 34
1 9 3 28 14 28 14 6 22 44 43
1 8 6 3 28 14 31 51 44 43
1 7 6 3 28 14 31 44 43
1 4 3 28 14 14
1 5 7 14 32 32 32
1 13 2 1 14 32 32 32 32 32 32 32 32 32 32
1 7 1 14 6 3 31 44 43
1 3 1 14 4
1 3 1 14 5
1 6 1 14 28 3 14 28
1 4 10 10 10 10
1 6 14 28 28 14 14 14
1 4 1 14 3 5
1 3 1 14 28
1 6 29 41 41 41 41 41
1 4 3 28 14 28
1 4 1 14 33 46
1 6 5 14 15 37 53 53
1 6 5 1 14 28 5 14
1 4 14 30 42 42
1 4 14 28 28 14
1 3 10 10 14
1 3 5 14 47
1 3 5 21 21
1 3 14 28 40
1 12 14 5 14 3 14 3 18 18 18 18 18 18
1 5 6 19 31 44 43
1 5 5 14 14 28 14
1 3 14 28 5
1 5 8 14 28 40 40
1 3 1 14 32
1 3 1 14 4
1 3 4 20 20
1 11 14 14 7 14 6 3 18 18 18 18 18
1 3 5 14 28
1 3 1 14 36
1 6 12 2 17 17 17 17
1 4 10 10 10 10
1 3 4 20 20
1 5 1 14 7 14 14
1 3 4 20 20
1 4 9 14 33 47
1 4 5 14 33 47
1 4 2 14 7 14
1 4 1 14 33 47
1 4 5 3 28 14
1 3 8 24 24
1 3 7 14 47
1 8 1 9 14 28 14 5 1 5
1 3 14 28 14
1 4 1 1 14 3
1 3 1 14 4
1 3 5 14 29
1 4 2 1 14 3
1 3 1 1 14
1 8 3 28 14 6 19 31 44 43
1 4 10 14 28 14
1 4 1 5 14 36
1 14 5 14 3 28 14 3 28 14 28 40 40 40 40 40
1 4 1 14 14 36
1 13 5 14 28 14 28 14 5 14 28 28 14 5 14
1 11 1 14 3 28 14 28 14 5 21 21 21
1 8 14 6 3 28 14 31 44 43
1 9 1 14 5 14 28 14 5 21 21
1 3 8 24 24
1 4 2 14 28 40
1 3 14 28 14
1 3 9 25 25
1 3 1 14 47
1 3 2 14 29
1 3 14 14 35
1 3 9 14 3
1 4 1 14 28 14
1 6 5 14 28 14 14 3
1 3 1 14 14
1 3 10 14 33
1 4 14 14 3 5
1 4 8 14 5 5
1 5 1 14 28 40 14
1 5 9 14 14 3 14
1 7 14 28 14 14 3 19 39
1 3 6 22 43
1 3 1 14 29
1 3 2 14 35
1 3 1 14 33
1 3 1 14 3
1 3 14 3 18
1 7 14 3 6 19 31 44 43
1 7 14 3 6 19 31 44 43
1 4 1 14 14 3
1 5 13 27 27 27 27
1 3 1 14 30
1 14 1 14 28 15 1 14 7 28 14 14 14 14 14 14
1 9 5 15 1 1 1 14 28 7 14
1 9 14 15 1 14 28 28 14 14 7
1 7 14 28 28 28 28 28 40
1 5 14 15 1 16 14
1 8 1 15 1 14 28 14 28 14
1 8 15 1 14 14 28 28 14 32
1 6 5 21 21 21 21 21
1 3 1 14 14
1 12 3 5 3 14 3 18 18 18 18 18 18 18
1 14 5 14 29 41 41 41 41 41 41 41 41 41 41 41
1 19 5 14 29 41 41 41 41 41 41 41 41 41 41 41 41 41 41 41 41
1 14 1 14 3 28 14 3 5 14 3 6 19 31 44 43
1 14 1 14 30 42 42 42 42 42 42 42 42 42 42 42
1 6 30 42 42 42 42 42
1 12 9 25 25 25 25 25 25 25 25 25 25 25
1 11 2 5 3 18 18 18 18 18 18 18 18
1 9 5 14 3 28 40 40 40 40 40
1 10 9 14 3 18 18 18 18 18 18 18
1 11 1 14 14 28 14 28 14 28 5 14 14
1 8 7 14 28 28 14 5 14 28
1 5 14 14 5 1 14
1 3 10 14 34
1 3 8 14 28
1 3 14 28 28
1 6 14 28 14 30 42 42
1 4 14 28 28 5
1 4 29 41 41 41
1 5 1 14 28 14 28
1 5 3 18 18 18 18
1 16 14 14 14 28 14 28 40 40 40 14 32 32 32 32 32 32
1 9 5 14 28 28 28 28 28 33 46
1 6 30 42 42 42 42 42
1 16 1 14 28 15 37 52 28 28 15 37 52 59 59 59 59 59
1 12 5 5 14 28 28 28 28 40 40 14 14 33
1 4 14 29 41 41
1 15 2 1 15 1 14 28 7 14 28 14 28 3 18 18 18
1 10 1 1 1 15 37 52 28 14 14 3
1 8 1 14 28 14 7 28 14 33
1 9 9 15 37 52 28 14 28 14 33
1 3 1 16 14
1 11 1 5 15 37 53 53 53 53 53 53 53
1 4 3 28 14 14
1 10 15 1 14 28 28 15 37 53 53 53
1 5 1 1 15 37 52
1 3 33 46 46
1 10 1 1 1 1 14 32 32 32 32 32
1 4 1 14 28 14
1 5 33 46 46 46 46
1 6 1 1 15 1 1 14
1 15 1 1 15 1 14 15 1 1 14 28 28 28 28 14 28
1 6 1 15 37 53 53 53
1 4 1 1 14 28
1 16 1 9 15 1 1 1 15 1 1 16 14 28 28 7 28 14
1 11 5 1 5 15 1 1 14 28 14 28 15
1 8 1 1 15 1 14 28 14 33
1 7 1 1 14 28 14 28 15
1 10 1 1 9 25 25 25 25 25 25 25
1 10 15 1 14 28 7 28 14 28 14 28
1 8 1 1 1 9 15 37 53 53
1 4 33 46 46 46
1 9 2 1 15 1 14 14 28 7 28
1 11 1 1 9 15 1 1 14 28 7 28 14
1 9 1 15 1 1 14 28 14 28 28
1 3 1 14 28
1 10 1 15 37 52 28 7 28 40 14 28
1 3 14 5 14
1 3 14 32 32
1 3 1 14 32
1 3 10 10 56
1 3 10 10 56
1 3 10 10 56
1 3 10 10 56
1 9 1 1 15 37 52 28 28 28 28
1 6 6 3 31 51 44 43
1 9 1 15 37 52 59 59 59 59 59
1 5 6 3 31 44 43
1 13 1 1 1 1 1 15 37 52 28 7 28 28 14
1 6 6 3 14 31 51 57
1 11 1 16 16 14 28 28 28 28 28 40 40
1 4 6 3 18 18
1 13 1 1 15 1 14 14 7 28 28 28 28 7 23
1 4 6 3 31 43
1 8 1 1 15 1 14 28 28 28
1 4 6 3 31 43
1 5 5 1 1 15 37
1 8 3 14 28 40 40 40 40 40
1 11 1 1 15 37 52 28 40 40 40 40 40
1 6 6 3 31 51 44 43
1 7 9 15 37 53 53 53 53
1 6 6 3 31 51 44 43
1 9 14 28 40 40 40 14 28 28 28
1 5 6 3 18 18 18
1 12 1 15 1 14 7 28 28 28 28 7 14 28
1 3 8 24 24
1 11 1 15 1 14 28 28 28 28 28 28 40
1 10 1 14 28 40 40 40 14 28 28 28
1 12 1 14 14 32 32 32 32 32 32 32 32 32
1 8 1 1 15 37 52 28 28 40
1 13 2 1 16 16 16 14 7 28 28 28 14 28 40
1 13 1 16 16 16 16 14 28 7 28 28 28 7 23
1 7 15 37 52 28 28 28 40
1 16 29 41 41 41 41 41 41 41 41 41 41 41 41 41 41 41
1 10 1 1 15 37 52 59 59 59 59 59
1 8 15 37 52 28 28 28 28 28
1 10 1 1 1 15 37 52 28 28 28 28
1 3 6 3 18
1 6 6 3 28 40 40 40
1 4 14 28 15 1
1 5 6 3 5 21 21
1 3 14 14 15
1 7 10 10 10 14 32 32 32
1 3 1 14 15
1 7 15 38 38 38 38 38 38
1 11 1 1 1 1 1 15 37 52 28 28 40
1 9 10 10 10 10 10 10 10 10 10
1 4 10 10 10 10
1 14 1 1 1 15 1 1 14 28 28 7 28 28 14 28
1 3 10 10 10
1 8 6 3 28 40 40 40 40 40
1 3 3 6 43
1 9 1 14 14 14 14 7 28 15 1
1 3 1 16 14
1 3 14 28 40
1 3 1 1 15
1 5 1 5 21 21 21
1 5 14 28 15 1 1
1 5 1 7 28 15 1
1 5 1 14 7 23 23
1 3 14 33 47
1 4 6 3 31 43
1 9 14 28 14 14 28 28 15 1 1
1 5 1 1 14 28 15
1 5 8 14 28 15 1
1 5 5 21 21 21 21
1 5 5 14 15 1 16
1 4 6 3 31 43
1 10 1 1 14 28 28 15 38 38 38 38
1 6 8 24 24 24 24 24
1 4 14 28 15 1
1 3 14 9 25
1 4 1 7 23 23
1 4 29 41 41 41
1 8 1 14 5 1 1 7 28 28
1 6 8 14 5 1 1 15
1 8 2 1 14 7 28 28 15 1
1 4 14 28 28 15
1 6 6 3 14 31 51 57
1 3 14 28 15
1 4 1 7 28 15
1 3 1 7 23
1 4 5 14 5 14
1 7 2 5 14 14 9 25 25
1 5 14 28 28 14 32
1 5 10 10 56 60 60
1 4 1 14 47 56
1 4 14 32 32 32
1 6 1 14 33 47 56 60
1 4 3 18 18 18
1 3 1 14 4
1 3 33 46 46
1 4 14 28 14 5
1 3 5 14 14
1 4 2 14 14 28
1 5 1 14 28 14 14
1 3 5 21 21
1 3 6 22 22
1 7 1 14 33 47 56 60 60
1 5 3 18 18 18 18
1 5 6 22 22 22 22
1 5 1 7 28 28 15
1 3 10 10 10
1 5 30 42 42 42 42
1 4 6 22 22 22
1 5 1 14 33 47 56
1 4 5 5 5 1
