768 68
1 6 1 13 2 1 14 14
1 3 4 13 3
1 4 4 13 4 18
1 5 4 4 13 4 4
1 9 13 4 13 27 40 40 40 40 40
1 7 4 13 13 28 25 37 37
1 4 1 13 28 41
1 3 1 13 25
1 3 1 13 13
1 3 26 13 25
1 6 13 25 3 4 13 3
1 6 1 13 25 13 25 37
1 7 1 13 13 25 25 13 13
1 5 3 25 13 5 13
1 5 3 4 13 29 53
1 4 3 6 13 5
1 3 5 19 19
1 9 5 13 25 25 38 1 13 3 16
1 4 3 25 13 33
1 7 1 14 14 14 14 14 14
1 6 1 13 3 30 44 44
1 4 1 13 3 5
1 5 1 13 3 5 19
1 4 1 13 25 13
1 4 3 25 13 33
1 6 7 7 13 33 33 33
1 3 1 13 45
1 3 13 31 45
1 4 28 25 13 33
1 4 4 13 25 13
1 3 3 4 18
1 5 13 13 4 13 3
1 7 2 13 4 1 13 13 32
1 3 1 13 32
1 5 4 13 4 13 3
1 6 3 4 4 4 13 3
1 5 3 13 13 25 3
1 3 4 13 13
1 6 3 6 13 13 4 3
1 3 1 13 32
1 3 1 13 27
1 4 27 40 40 40
1 5 4 13 25 3 13
1 3 1 14 14
1 3 7 7 13
1 4 4 1 13 32
1 4 1 13 13 33
1 4 9 13 13 3
1 4 1 13 6 20
1 5 13 13 13 3 13
1 4 1 13 6 20
1 6 2 1 13 31 45 55
1 3 2 15 15
1 4 7 7 7 7
1 3 6 13 3
1 5 1 25 13 4 3
1 3 26 13 25
1 3 1 13 45
1 3 26 39 39
1 4 4 1 13 3
1 4 6 1 13 31
1 4 1 13 25 37
1 4 1 13 31 45
1 3 1 13 32
1 7 10 13 25 25 25 13 3
1 4 10 13 25 37
1 5 4 4 13 3 25
1 3 1 13 4
1 3 1 13 13
1 3 13 25 3
1 4 1 13 13 25
1 3 13 3 30
1 3 1 13 3
1 3 13 4 18
1 3 1 13 3
1 4 1 13 13 13
1 3 4 1 13
1 3 4 4 13
1 5 4 13 28 41 41
1 3 13 27 13
1 3 1 13 4
1 3 6 13 3
1 3 4 4 1
1 4 13 38 52 52
1 3 13 9 22
1 3 13 13 9
1 3 4 5 19
1 3 7 7 7
1 4 5 13 25 4
1 3 5 13 25
1 6 5 19 19 19 19 19
1 3 5 19 19
1 3 10 13 45
1 3 13 25 4
1 4 10 23 23 23
1 5 4 13 4 13 13
1 6 1 13 4 13 25 3
1 3 13 13 32
1 7 3 25 13 13 25 3 13
1 3 13 25 37
1 3 13 32 47
1 3 1 13 32
1 4 1 13 25 37
1 3 6 13 26
1 6 1 13 25 25 37 37
1 5 10 13 25 25 3
1 4 2 15 15 15
1 4 9 22 22 22
1 4 1 13 4 3
1 5 1 10 13 25 3
1 4 4 13 13 33
1 6 8 21 21 21 21 21
1 6 4 13 28 25 13 33
1 8 13 4 13 3 5 13 5 19
1 8 1 13 13 5 17 29 42 53
1 11 2 13 25 13 25 13 25 37 37 37 37
1 3 1 13 31
1 7 5 19 19 19 19 19 19
1 7 3 13 3 25 13 3 17
1 3 13 13 32
1 5 1 13 28 13 26
1 4 1 13 4 18
1 4 4 18 18 18
1 5 4 13 3 4 18
1 5 3 17 36 36 36
1 7 3 25 3 13 13 13 33
1 3 2 13 45
1 3 10 23 23
1 4 1 14 14 14
1 5 13 25 37 37 37
1 7 9 22 22 22 22 22 22
1 3 4 3 16
1 6 4 13 3 13 3 4
1 3 1 13 25
1 6 2 1 14 14 14 14
1 9 5 3 29 43 43 43 43 43 43
1 3 1 13 31
1 4 3 16 16 16
1 7 4 13 3 4 13 3 17
1 3 3 25 37
1 4 1 13 3 17
1 3 7 13 34
1 3 3 16 16
1 3 4 13 25
1 6 1 13 4 4 4 13
1 3 27 13 26
1 4 1 13 27 13
1 4 1 25 13 5
1 5 5 13 29 42 53
1 6 7 7 13 25 13 34
1 7 5 3 25 13 29 42 53
1 6 28 25 13 5 13 28
1 7 5 3 25 13 25 13 31
1 8 1 13 5 19 19 19 19 19
1 4 2 1 13 45
1 4 7 7 7 7
1 4 5 19 19 19
1 4 13 2 4 13
1 3 13 13 13
1 3 1 13 32
1 6 5 3 25 37 37 37
1 3 35 50 57
1 3 13 29 43
1 4 2 4 38 52
1 3 35 63 66
1 3 7 7 7
1 4 7 7 7 7
1 4 4 13 13 50
1 5 5 19 19 19 19
1 6 1 14 14 14 14 14
1 3 13 13 50
1 3 35 57 63
1 4 4 5 19 19
1 4 7 7 7 7
1 3 35 50 57
1 5 5 17 36 36 36
1 6 1 13 35 57 63 50
1 4 5 19 19 19
1 11 1 25 25 13 25 13 35 49 49 49 49
1 8 7 7 7 7 7 7 7 7
1 6 1 13 13 33 33 33
1 4 2 15 15 15
1 3 35 49 49
1 4 13 33 33 33
1 8 38 52 52 52 52 52 52 52
1 4 1 13 33 33
1 6 1 13 2 15 15 15
1 4 7 7 7 7
1 7 7 7 7 7 7 7 7
1 3 2 15 15
1 5 35 50 57 63 67
1 8 2 13 25 37 37 37 37 37
1 4 38 52 52 52
1 3 1 13 33
1 7 13 4 13 35 57 62 62
1 4 11 24 24 24
1 3 13 31 45
1 3 13 25 37
1 8 12 2 15 15 15 15 15 15
1 6 9 13 35 57 62 62
1 4 11 24 24 24
1 4 13 9 13 33
1 9 2 15 15 15 15 15 15 15 15
1 9 13 38 52 52 52 52 52 52 52
1 5 5 19 19 19 19
1 3 7 7 7
1 3 9 13 63
1 9 5 19 19 19 19 19 19 19 19
1 5 13 4 13 50 56
1 3 9 22 22
1 4 7 7 7 7
1 4 1 13 32 47
1 7 35 50 57 62 62 62 62
1 3 9 13 33
1 8 2 15 15 15 15 15 15 15
1 4 9 13 50 56
1 6 35 57 62 62 62 62
1 4 13 31 46 46
1 3 1 13 33
1 7 35 50 57 62 62 62 62
1 8 12 2 15 15 15 15 15 15
1 3 1 13 33
1 3 38 52 52
1 7 12 2 15 15 15 15 15
1 3 4 38 52
1 7 35 50 57 62 62 62 62
1 3 35 50 57
1 6 6 20 20 20 20 20
1 4 1 14 14 14
1 4 4 13 63 67
1 3 35 50 57
1 3 5 53 60
1 4 1 13 63 67
1 5 35 50 57 62 62
1 7 6 13 35 50 57 63 67
1 3 5 53 60
1 4 5 53 60 65
1 8 1 13 25 13 35 50 57 63
1 3 13 32 47
1 3 35 50 57
1 3 7 7 7
1 11 13 25 13 13 25 4 38 52 52 52 52
1 7 1 13 35 49 49 49 49
1 4 5 19 19 19
1 7 38 52 52 52 52 52 52
1 3 1 13 32
1 4 13 35 50 57
1 4 5 19 19 19
1 3 35 57 63
1 4 5 19 19 19
1 6 1 13 35 50 57 63
1 5 13 35 57 62 62
1 7 13 33 33 33 33 33 33
1 3 35 50 57
1 3 7 7 7
1 3 1 13 32
1 4 35 57 62 62
1 3 7 7 7
1 6 13 35 57 63 50 56
1 5 1 13 35 63 67
1 5 4 13 35 63 50
1 4 4 13 50 56
1 7 1 13 38 52 52 52 52
1 4 8 21 21 21
1 7 2 4 13 35 50 57 63
1 3 5 53 60
1 5 5 29 50 56 56
1 7 13 13 32 47 47 47 47
1 4 7 7 7 7
1 5 35 50 57 63 66
1 7 7 7 7 7 7 7 7
1 4 1 13 13 63
1 4 35 49 49 49
1 4 13 50 57 63
1 9 13 35 57 63 66 66 66 66 66
1 6 1 13 25 13 63 50
1 3 1 13 63
1 5 1 13 13 32 47
1 3 35 50 57
1 3 5 53 60
1 5 13 29 50 57 63
1 3 5 53 60
1 6 38 52 52 52 52 52
1 9 13 4 13 35 50 57 63 66 66
1 8 4 13 35 57 63 50 56 56
1 9 4 13 35 50 57 63 67 68 68
1 3 4 18 18
1 7 4 13 30 44 44 44 44
1 6 13 30 44 44 44 44
1 3 11 11 11
1 4 9 22 22 22
1 3 11 11 11
1 3 11 11 24
1 3 11 11 11
1 3 11 11 11
1 3 11 11 11
1 3 11 11 11
1 3 11 11 11
1 3 11 11 11
1 3 11 11 11
1 4 11 24 24 24
1 3 11 11 11
1 5 1 13 35 63 67
1 3 1 13 63
1 4 35 49 49 49
1 4 13 9 22 22
1 5 4 13 35 63 67
1 3 11 11 11
1 7 7 7 13 35 63 66 66
1 3 13 35 63
1 7 4 13 35 50 56 56 56
1 5 13 29 43 43 43
1 5 4 13 35 63 66
1 3 4 18 18
1 8 7 7 13 35 63 67 68 68
1 3 4 13 63
1 4 7 7 7 7
1 6 13 25 37 37 37 37
1 3 7 7 7
1 4 35 63 66 66
1 7 8 21 21 21 21 21 21
1 5 7 7 7 7 7
1 6 8 21 21 21 21 21
1 7 8 21 21 21 21 21 21
1 3 13 35 63
1 3 2 15 15
1 3 26 39 39
1 3 13 35 63
1 6 5 19 19 19 19 19
1 4 5 19 19 19
1 4 4 13 35 63
1 3 11 24 24
1 3 2 1 13
1 4 1 13 25 13
1 3 1 13 45
1 4 6 13 45 55
1 7 4 13 13 25 13 3 25
1 3 26 13 25
1 5 13 13 25 13 31
1 5 6 13 25 13 25
1 4 13 4 3 25
1 7 9 13 13 25 13 34 48
1 9 10 13 27 25 37 37 37 37 37
1 5 1 13 25 13 13
1 3 4 13 3
1 12 13 3 4 1 13 10 13 5 17 29 42 53
1 4 1 13 26 39
1 11 1 6 13 10 13 3 5 17 29 42 53
1 7 13 28 41 41 41 41 41
1 3 1 13 31
1 5 13 13 25 13 3
1 3 6 13 3
1 5 1 25 13 33 33
1 3 10 13 3
1 3 1 13 13
1 3 4 13 3
1 3 13 31 46
1 4 1 13 25 3
1 4 13 10 13 3
1 3 3 25 37
1 4 4 4 18 18
1 4 4 13 25 13
1 4 4 13 25 13
1 4 31 46 46 46
1 10 1 13 4 13 4 4 38 51 59 59
1 5 1 13 3 13 13
1 3 28 13 13
1 5 4 13 13 13 25
1 3 1 13 25
1 3 1 14 14
1 3 10 13 25
1 3 4 1 13
1 3 26 39 39
1 3 10 13 25
1 3 10 13 25
1 3 3 25 37
1 3 10 23 23
1 5 1 13 31 45 55
1 3 1 13 25
1 3 3 16 16
1 3 4 18 18
1 3 3 16 16
1 3 31 45 54
1 3 3 4 18
1 4 1 13 13 25
1 9 3 13 13 3 16 16 16 16 16
1 4 3 13 3 4
1 4 3 4 3 4
1 3 1 13 26
1 5 3 25 13 3 30
1 4 3 4 3 16
1 4 3 4 3 16
1 3 27 40 40
1 4 1 13 31 45
1 4 1 13 31 45
1 5 1 13 25 13 45
1 4 1 13 45 54
1 3 1 13 45
1 4 1 13 45 54
1 3 1 13 13
1 4 1 13 25 25
1 6 13 25 13 13 13 26
1 3 13 6 1
1 3 9 13 25
1 4 13 25 25 4
1 3 1 13 4
1 6 1 25 4 13 4 13
1 5 5 3 29 42 53
1 6 1 13 33 33 33 33
1 7 4 18 18 18 18 18 18
1 5 7 7 7 7 7
1 4 8 21 21 21
1 6 7 7 13 33 33 33
1 6 7 7 7 7 7 7
1 5 5 3 29 42 53
1 6 13 33 33 33 33 33
1 5 8 21 21 21 21
1 4 3 25 13 31
1 3 35 50 56
1 5 38 1 13 2 15
1 6 28 41 41 41 41 41
1 4 1 13 30 44
1 3 12 2 15
1 3 12 2 15
1 3 8 21 21
1 4 1 13 13 4
1 7 5 3 4 13 29 42 53
1 7 5 3 25 13 29 42 53
1 7 3 13 5 19 19 19 19
1 5 5 3 4 18 18
1 8 3 13 5 19 19 19 19 19
1 8 4 1 13 28 41 41 41 41
1 7 13 13 33 33 33 33 33
1 7 3 5 19 19 19 19 19
1 6 5 3 13 29 42 53
1 3 3 25 13
1 3 5 3 16
1 6 13 5 3 13 29 53
1 4 5 3 29 53
1 4 5 3 17 36
1 5 1 14 14 14 14
1 4 5 3 29 53
1 6 1 13 5 3 13 33
1 6 3 5 17 29 42 53
1 6 1 14 14 14 14 14
1 5 5 3 29 42 53
1 6 3 13 5 29 42 53
1 7 13 5 3 13 29 42 53
1 8 1 13 5 3 25 13 29 53
1 6 5 3 17 29 42 53
1 3 5 3 16
1 3 7 7 7
1 3 1 13 4
1 5 5 3 13 29 53
1 6 38 52 52 52 52 52
1 7 3 25 13 5 3 17 36
1 7 13 25 13 34 48 48 48
1 10 4 13 25 13 34 48 48 48 48 48
1 4 1 13 30 44
1 5 5 3 4 13 33
1 6 3 5 13 29 42 53
1 4 13 13 13 13
1 7 10 13 4 3 25 13 25
1 3 1 13 32
1 6 10 23 23 23 23 23
1 3 2 13 26
1 4 13 9 22 22
1 6 4 13 25 13 3 16
1 4 1 14 14 14
1 5 10 13 25 37 37
1 7 1 13 25 13 3 25 13
1 4 1 10 13 45
1 7 2 1 13 31 45 55 61
1 11 9 13 25 25 13 3 25 13 25 13 3
1 8 4 13 2 15 15 15 15 15
1 4 13 13 25 37
1 5 1 13 13 10 13
1 7 13 25 13 25 13 13 32
1 4 13 13 6 13
1 6 4 4 13 13 3 25
1 6 13 25 13 3 30 44
1 4 13 25 13 13
1 5 6 13 4 13 26
1 5 13 3 25 4 13
1 7 13 25 13 3 25 13 3
1 3 1 13 32
1 4 3 25 13 2
1 3 27 25 13
1 9 3 25 13 25 13 5 29 42 53
1 8 5 3 25 13 29 50 42 53
1 7 5 3 25 13 29 42 53
1 4 3 16 16 16
1 8 3 25 13 5 19 19 19 19
1 10 7 7 13 33 33 33 33 33 33 33
1 5 6 13 33 33 33
1 13 2 1 13 33 33 33 33 33 33 33 33 33 33
1 4 1 13 25 13
1 7 1 13 33 33 33 33 33
1 7 1 13 5 3 29 42 53
1 3 1 13 26
1 5 3 25 13 30 44
1 4 7 7 7 7
1 5 28 25 13 25 37
1 6 27 25 13 27 25 13
1 6 13 25 25 13 13 13
1 4 1 13 3 4
1 3 1 13 25
1 6 27 13 25 13 25 13
1 5 3 25 13 25 13
1 9 28 41 41 41 41 41 41 41 41
1 6 4 1 13 25 4 13
1 3 1 13 13
1 3 4 13 25
1 4 13 28 13 35
1 3 4 13 33
1 4 13 25 25 13
1 3 7 7 13
1 3 4 13 45
1 3 2 1 13
1 3 4 18 18
1 12 13 4 13 3 13 3 6 20 20 20 20 20
1 3 13 25 4
1 5 9 13 25 10 23
1 3 13 26 13
1 3 1 13 26
1 3 26 13 26
1 11 13 13 6 13 5 3 16 16 16 16 16
1 3 4 13 25
1 3 7 7 7
1 3 1 13 35
1 6 12 2 15 15 15 15
1 5 8 21 21 21 21
1 4 7 7 7 7
1 3 26 39 39
1 4 10 13 31 45
1 4 4 13 31 45
1 4 2 13 6 13
1 4 4 1 13 4
1 4 1 13 31 45
1 4 4 3 25 13
1 5 3 6 13 31 45
1 3 6 13 45
1 3 13 31 45
1 3 7 13 32
1 8 1 10 13 25 13 4 1 14
1 3 13 25 13
1 3 1 13 26
1 3 4 13 27
1 4 2 1 13 3
1 3 1 25 13
1 5 3 25 13 25 13
1 8 3 25 13 5 17 29 42 53
1 13 2 1 13 27 25 13 35 49 49 49 49 49 49
1 14 4 13 3 25 13 3 25 13 25 37 37 37 37 37
1 13 1 13 35 49 49 49 49 49 49 49 49 49 49
1 13 4 13 25 13 25 13 4 13 25 25 13 4 13
1 11 1 13 3 25 13 25 13 4 18 18 18
1 11 4 13 25 13 4 13 4 13 13 25 13
1 8 13 5 3 25 13 29 42 53
1 5 13 5 29 42 53
1 5 13 25 37 37 37
1 9 1 13 4 13 25 13 4 18 18
1 3 1 13 35
1 3 9 22 22
1 4 2 13 25 37
1 3 10 23 23
1 3 1 13 35
1 3 1 13 35
1 8 1 14 14 14 14 14 14 14
1 3 2 13 27
1 3 13 13 34
1 3 10 13 3
1 4 1 13 25 13
1 6 4 13 25 13 13 3
1 3 1 13 13
1 4 13 25 13 3
1 4 13 13 3 4
1 5 1 13 25 10 13
1 4 1 13 13 13
1 7 13 25 13 13 3 17 36
1 3 5 29 53
1 3 1 13 27
1 3 2 13 34
1 3 1 13 31
1 3 1 13 3
1 3 13 3 16
1 5 5 17 29 42 53
1 5 3 4 13 31 45
1 4 1 13 13 3
1 3 1 13 13
1 5 8 21 21 21 21
1 3 1 13 28
1 14 1 13 25 38 1 13 6 1 13 13 13 13 13 13
1 10 2 13 33 33 33 33 33 33 33 33
1 9 4 38 1 25 25 13 25 6 13
1 9 13 38 1 13 25 25 13 13 6
1 7 13 25 25 25 25 25 37
1 4 13 13 13 13
1 5 13 38 1 14 14
1 8 1 38 1 13 25 13 25 13
1 8 38 1 13 13 25 25 13 33
1 6 4 5 17 29 42 53
1 14 10 23 23 23 23 23 23 23 23 23 23 23 23 23
1 12 3 4 3 13 3 16 16 16 16 16 16 16
1 17 1 13 13 25 13 4 13 4 1 13 4 4 4 13 25 4 13
1 14 4 13 27 13 27 25 13 33 33 33 33 33 33 33
1 19 4 13 27 25 4 13 27 25 4 13 27 13 27 25 25 13 27 40 40
1 14 1 13 3 25 13 3 4 13 3 5 17 29 42 53
1 13 1 13 3 25 25 13 3 16 16 16 16 16 16
1 14 1 13 28 41 41 41 41 41 41 41 41 41 41 41
1 6 28 41 41 41 41 41
1 12 10 23 23 23 23 23 23 23 23 23 23 23
1 11 2 4 3 16 16 16 16 16 16 16 16
1 9 4 13 3 25 37 37 37 37 37
1 10 10 13 3 16 16 16 16 16 16 16
1 8 6 13 25 25 13 4 13 25
1 3 1 13 4
1 4 4 3 25 25
1 5 6 13 13 6 20
1 5 13 13 4 1 13
1 3 7 13 32
1 3 9 13 25
1 3 13 25 25
1 6 13 25 13 28 13 28
1 4 13 25 25 4
1 4 27 13 32 47
1 5 1 13 25 13 25
1 3 1 13 4
1 5 3 16 16 16 16
1 9 4 13 25 25 25 25 25 37 37
1 6 28 13 25 13 13 33
1 16 1 13 25 38 51 58 25 25 38 51 58 64 64 64 64 64
1 12 4 4 13 25 25 25 25 37 37 37 37 37
1 4 13 27 40 40
1 15 2 1 38 1 13 25 6 13 25 13 25 3 30 44 44
1 10 1 25 25 38 51 58 25 13 13 3
1 8 1 13 25 13 6 1 13 31
1 3 13 3 16
1 9 10 38 51 58 25 13 25 13 31
1 3 1 14 14
1 11 1 14 14 14 14 14 14 14 14 14 14
1 4 3 25 13 13
1 3 31 46 46
1 10 1 25 25 25 13 33 33 33 33 33
1 5 31 46 46 46 46
1 6 1 25 38 1 25 13
1 15 1 25 38 1 13 38 1 25 13 25 25 25 25 13 25
1 6 1 38 51 59 59 59
1 4 1 25 13 25
1 16 1 10 38 1 25 25 38 1 25 37 37 37 37 37 37 37
1 11 4 1 14 14 14 14 14 14 14 14 14
1 7 1 25 13 25 13 25 38
1 10 1 25 10 23 23 23 23 23 23 23
1 10 38 1 13 25 6 1 13 25 13 25
1 4 1 38 1 13
1 8 1 25 25 10 38 51 59 59
1 4 31 46 46 46
1 9 2 1 38 1 13 13 25 6 1
1 11 1 25 10 38 1 25 13 25 6 1 13
1 9 1 38 1 25 13 25 13 25 25
1 10 1 38 51 58 25 6 1 14 14 14
1 3 13 4 13
1 3 13 33 33
1 3 7 7 7
1 3 7 7 7
1 3 7 7 7
1 3 7 7 7
1 4 5 3 17 36
1 9 1 25 38 51 58 25 25 25 25
1 6 5 3 29 50 42 53
1 13 1 25 25 25 25 38 51 58 25 6 1 25 13
1 6 5 3 13 29 50 56
1 11 1 14 14 14 14 14 14 14 14 14 14
1 4 5 3 16 16
1 4 5 3 29 53
1 8 1 25 38 1 13 25 25 25
1 5 4 1 25 38 51
1 8 3 13 25 37 37 37 37 37
1 11 1 25 38 51 58 25 37 37 37 37 37
1 3 5 3 16
1 14 13 13 25 25 25 38 51 58 25 6 1 25 25 25
1 6 5 3 29 50 42 53
1 6 5 3 29 50 42 53
1 9 13 25 10 23 23 23 23 23 23
1 5 5 3 16 16 16
1 11 7 7 7 7 13 6 1 25 6 20 20
1 7 5 3 17 29 50 42 53
1 3 10 23 23
1 3 9 22 22
1 11 1 38 1 13 25 25 25 25 25 25 37
1 10 1 13 25 10 38 1 13 25 25 25
1 12 1 13 13 33 33 33 33 33 33 33 33 33
1 8 1 25 38 51 58 25 25 37
1 7 38 51 58 25 25 25 37
1 16 27 40 40 40 40 40 40 40 40 40 40 40 40 40 40 40
1 7 4 1 10 23 23 23 23
1 5 1 38 51 58 25
1 8 38 51 58 25 25 25 25 25
1 6 5 3 25 37 37 37
1 4 13 25 38 1
1 5 5 3 4 18 18
1 4 6 13 33 33
1 7 7 7 7 13 33 33 33
1 3 1 38 1
1 3 1 13 38
1 3 1 13 26
1 11 1 25 25 25 25 38 51 58 25 25 37
1 4 7 7 7 7
1 14 1 25 25 38 1 25 13 25 25 6 1 25 13 25
1 8 5 3 25 37 37 37 37 37
1 3 3 5 53
1 13 1 14 14 14 14 14 14 14 14 14 14 14 14
1 9 1 13 13 13 13 6 1 38 1
1 3 1 14 14
1 6 4 5 3 17 36 36
1 3 1 25 38
1 7 2 1 14 14 14 14 14
1 5 1 6 1 38 1
1 5 1 13 6 20 20
1 3 13 31 45
1 7 5 3 16 16 16 16 16
1 4 5 3 29 53
1 9 13 25 13 13 25 25 38 1 25
1 5 1 25 13 25 38
1 5 4 5 3 29 53
1 5 4 13 38 1 14
1 4 5 3 29 53
1 3 1 13 50
1 4 13 25 38 1
1 4 1 6 20 20
1 7 3 25 13 5 29 42 53
1 4 27 25 38 52
1 4 5 3 25 37
1 6 5 3 25 37 37 37
1 8 1 13 4 1 25 6 1 25
1 6 9 13 4 1 25 38
1 8 2 1 13 6 1 25 38 1
1 6 5 3 29 50 42 53
1 4 13 25 25 38
1 6 5 3 13 29 50 56
1 4 1 25 25 38
1 3 13 25 38
1 4 1 6 1 38
1 3 1 6 20
1 4 4 13 4 13
1 7 2 4 13 13 10 23 23
1 5 13 25 25 13 33
1 5 7 7 7 7 7
1 4 1 13 45 55
1 6 1 13 31 45 55 61
1 5 13 2 1 14 14
1 4 3 16 16 16
1 4 1 13 25 37
1 3 1 13 26
1 3 31 46 46
1 4 13 25 13 4
1 4 2 13 13 25
1 5 1 13 25 13 13
1 5 1 13 31 45 55
1 3 5 19 19
1 7 1 13 31 45 55 61 61
1 5 3 6 13 31 45
1 5 1 6 1 25 38
1 4 27 13 13 33
1 5 28 25 13 25 13
1 5 3 25 13 31 45
1 5 1 13 31 45 55
1 3 2 15 15
