438 427
1 3 1 42 107
1 6 3 46 112 193 112 193
1 13 4 52 132 140 3 46 113 196 62 162 234 3 46
1 8 46 115 64 192 46 114 198 266
1 6 3 46 112 193 112 193
1 6 3 46 112 193 112 193
1 6 3 46 112 193 112 193
1 9 4 52 132 3 46 112 193 112 193
1 8 3 46 112 193 112 193 112 193
1 8 3 46 112 193 112 193 112 193
1 6 3 46 112 193 112 193
1 11 4 52 132 140 3 46 6 3 46 112 193
1 3 4 52 132
1 3 3 46 6
1 6 4 54 134 43 108 116
1 4 5 162 234 289
1 3 3 46 117
1 6 4 52 132 3 46 118
1 13 10 67 144 218 274 316 348 367 381 391 400 412 422
1 15 10 67 144 218 274 316 348 367 381 391 404 132 3 46 46
1 14 10 67 144 218 274 316 348 367 381 391 405 5 162 234
1 4 3 46 112 193
1 4 3 46 112 193
1 10 13 74 156 230 284 326 358 375 386 395
1 6 3 46 112 193 112 193
1 6 3 46 112 193 112 193
1 6 3 46 112 193 112 193
1 6 3 46 112 193 112 193
1 6 3 46 112 193 112 193
1 6 3 46 112 193 112 193
1 20 10 67 144 218 274 276 367 381 391 402 417 178 234 3 46 6 3 47 122 200
1 8 3 46 112 193 112 193 112 193
1 6 3 46 112 193 112 193
1 7 6 3 46 115 64 192 46
1 4 3 46 112 193
1 4 3 46 112 193
1 6 6 3 46 112 193 259
1 4 3 46 112 193
1 4 3 46 112 193
1 5 18 80 162 234 290
1 5 18 80 165 237 296
1 4 3 46 112 193
1 8 6 60 63 139 140 60 63 139
1 4 20 3 46 6
1 3 6 3 46
1 4 3 46 112 193
1 3 3 112 193
1 4 3 46 112 193
1 5 67 144 276 318 350
1 3 9 66 143
1 3 6 3 46
1 3 3 46 46
1 3 3 46 46
1 3 3 46 6
1 3 8 63 139
1 3 3 112 193
1 11 10 67 146 224 279 324 357 119 140 3 46
1 5 144 219 276 319 351
1 6 144 219 276 318 350 369
1 11 10 67 144 276 319 277 322 355 372 383 393
1 7 16 77 159 232 345 265 313
1 3 21 85 170
1 3 15 76 158
1 14 67 145 223 278 323 356 374 385 394 407 201 140 3 46
1 6 22 86 171 242 300 331
1 9 67 144 221 219 276 320 353 371 382
1 10 23 88 173 244 302 333 345 116 265 313
1 7 10 69 150 219 276 319 351
1 5 144 219 276 321 354
1 12 10 67 144 222 276 319 352 277 322 355 373 384
1 3 3 112 193
1 3 26 3 46
1 9 20 82 167 240 298 113 312 234 288
1 7 67 145 223 277 322 355 372
1 7 144 221 219 276 319 352 370
1 6 27 92 64 192 46 115
1 6 27 92 64 192 48 8
1 6 27 92 64 192 48 8
1 6 27 92 64 192 48 8
1 6 27 92 64 192 48 8
1 6 27 92 64 192 48 8
1 6 27 92 64 192 48 8
1 5 27 92 64 192 254
1 6 27 92 64 192 48 8
1 6 27 92 64 192 48 8
1 6 27 92 64 141 214 271
1 7 27 92 177 247 62 162 234
1 4 67 148 225 280
1 6 27 92 64 141 214 271
1 3 24 89 174
1 5 27 92 64 141 214
1 5 27 92 64 141 214
1 3 1 42 107
1 7 6 140 3 46 112 193 259
1 6 29 43 108 116 265 313
1 4 3 46 112 193
1 5 18 80 164 236 294
1 5 18 80 164 236 294
1 9 4 52 132 126 162 234 126 162 234
1 5 18 80 162 234 290
1 3 20 3 46
1 4 20 3 46 6
1 5 30 63 139 140 212
1 6 8 64 64 141 214 271
1 6 8 64 64 141 214 271
1 6 8 64 64 141 214 271
1 4 4 52 131 204
1 7 4 52 132 205 7 7 62
1 5 4 52 132 3 46
1 6 8 64 64 141 215 272
1 6 8 64 64 141 214 271
1 6 8 64 64 141 214 271
1 10 6 59 139 140 3 46 112 193 112 193
1 8 3 46 112 193 112 193 112 193
1 8 3 46 112 193 112 193 112 193
1 8 3 46 112 193 112 193 112 193
1 11 6 3 46 6 3 46 6 3 46 112 193
1 8 3 46 112 193 112 193 112 193
1 8 3 46 112 193 112 193 112 193
1 14 6 3 46 6 19 162 234 3 46 6 3 46 112 193
1 4 1 43 108 116
1 4 4 57 137 210
1 5 18 80 164 236 295
1 3 4 52 132
1 10 6 3 48 6 3 46 112 193 112 193
1 3 4 52 132
1 10 6 3 48 6 3 46 93 192 192 46
1 10 3 48 112 193 93 192 192 46 112 193
1 12 3 48 112 193 93 192 192 46 112 193 112 193
1 10 3 48 112 193 93 192 192 46 112 193
1 11 3 48 112 193 112 192 46 102 186 162 234
1 12 3 112 192 48 125 162 178 312 312 234 3 46
1 13 6 3 48 6 3 46 112 193 112 192 46 112 193
1 6 4 52 132 3 48 6
1 4 48 112 48 116
1 4 26 3 46 6
1 6 3 46 112 193 112 193
1 4 3 46 112 193
1 8 3 46 112 193 112 48 112 193
1 10 3 46 112 193 112 193 112 193 112 193
1 4 3 46 112 193
1 8 3 48 8 63 139 140 3 46
1 4 3 48 112 193
1 6 3 48 6 140 3 46
1 3 18 79 161
1 4 18 80 162 234
1 3 24 63 139
1 14 19 162 234 3 46 247 62 162 234 3 46 93 255 311
1 5 2 2 45 110 190
1 7 3 46 112 193 112 193 262
1 6 3 46 112 193 112 193
1 6 3 46 112 193 112 193
1 6 3 46 112 193 112 193
1 11 3 46 19 162 234 3 46 112 193 112 193
1 6 3 46 112 193 112 193
1 6 3 46 112 193 112 193
1 12 19 162 234 19 162 234 3 46 112 193 112 193
1 6 3 46 112 193 112 193
1 3 3 46 19
1 4 8 65 142 216
1 3 1 42 107
1 3 3 46 6
1 4 24 63 139 140
1 3 3 46 116
1 3 3 46 117
1 4 26 3 46 6
1 8 8 64 140 3 46 112 193 259
1 11 6 3 46 115 64 192 46 112 193 112 193
1 10 3 46 115 64 192 46 112 193 112 193
1 14 6 3 47 123 201 140 60 63 139 63 139 63 139 140
1 10 3 46 115 64 192 46 112 193 112 193
1 8 8 64 192 46 112 193 112 193
1 4 20 3 46 6
1 5 26 3 46 112 193
1 10 8 64 126 162 234 3 46 112 193 261
1 10 8 64 140 3 46 112 193 112 193 259
1 9 8 64 165 162 234 3 112 193 263
1 10 3 46 115 64 192 46 112 193 112 193
1 11 3 112 193 260 113 312 234 3 46 112 193
1 10 3 46 115 64 192 46 112 193 112 193
1 10 8 64 116 265 313 162 234 3 46 116
1 13 6 3 46 115 64 140 3 46 112 193 112 193 259
1 8 8 64 192 46 112 193 112 193
1 14 10 67 144 218 274 316 348 367 381 391 400 412 6 58
1 14 10 67 144 218 274 316 348 367 381 391 400 412 6 58
1 6 3 46 112 193 112 193
1 6 3 46 112 193 112 193
1 8 3 46 112 193 112 193 112 193
1 4 3 46 112 193
1 6 3 46 112 193 112 193
1 6 3 46 112 193 112 193
1 4 3 46 112 193
1 12 22 87 172 243 301 332 360 377 387 396 408 420
1 14 10 67 144 218 274 316 348 367 381 391 400 412 6 58
1 12 32 97 181 249 306 336 362 379 389 398 410 421
1 14 10 67 144 218 274 316 348 367 381 391 400 412 6 58
1 14 10 67 144 218 274 316 348 367 381 391 400 412 6 58
1 11 25 91 176 246 304 334 361 378 388 397 409
1 14 10 67 144 218 274 316 348 367 381 391 400 412 6 58
1 12 10 67 144 218 274 276 367 381 391 400 414 423
1 11 67 144 218 274 316 348 367 381 391 403 418
1 14 10 67 144 218 274 316 348 367 381 391 400 412 6 58
1 14 10 67 144 218 274 316 348 367 381 391 400 412 6 58
1 12 10 67 144 218 274 276 367 381 391 400 414 423
1 12 22 87 172 243 301 332 360 377 387 396 408 420
1 11 67 144 219 276 367 381 391 400 412 6 58
1 5 25 90 175 245 303
1 5 33 98 182 250 307
1 4 14 75 157 231
1 4 3 46 112 193
1 4 3 46 112 193
1 4 3 46 112 193
1 4 3 46 112 193
1 16 10 67 144 218 274 316 348 367 381 391 401 416 426 59 162 234
1 4 3 46 112 193
1 3 3 112 192
1 3 1 42 107
1 25 3 50 400 412 6 3 48 6 3 46 119 140 3 46 119 140 3 46 112 193 259 234 3 48 6
1 5 20 83 168 241 299
1 4 26 3 46 6
1 3 20 83 169
1 5 30 119 140 3 46
1 9 48 126 162 234 126 83 168 241 299
1 13 48 116 265 313 345 116 265 313 343 83 168 241 299
1 13 6 3 46 6 3 46 112 193 259 234 3 48 6
1 28 17 162 234 3 50 129 119 140 3 140 3 46 31 96 62 162 234 31 96 62 47 122 200 267 234 3 48 6
1 9 18 80 165 162 234 290 327 359 376
1 5 18 80 165 162 234
1 19 3 50 400 412 3 48 112 193 112 193 48 112 193 48 112 193 112 193 48
1 20 3 50 400 412 3 50 48 112 193 112 193 48 112 193 48 112 193 112 48 48
1 17 3 50 400 412 3 48 112 193 48 112 193 48 112 193 112 48 48
1 19 3 50 400 412 3 48 112 194 265 313 345 265 313 345 265 313 162 234 291
1 20 3 50 400 412 3 50 48 112 193 112 193 48 112 193 48 112 193 112 48 48
1 22 3 50 400 412 3 50 48 48 112 193 112 193 112 48 112 193 48 112 193 112 48 48
1 9 48 112 193 48 112 193 112 48 48
1 9 48 112 193 48 112 193 112 193 48
1 20 3 50 400 412 3 50 48 112 193 112 193 48 112 193 48 112 193 112 48 48
1 20 3 50 400 412 3 50 48 112 193 112 193 48 112 193 48 112 193 112 48 48
1 5 3 46 116 265 313
1 6 18 80 162 234 3 46
1 4 35 19 19 19
1 4 3 46 112 193
1 4 3 46 112 193
1 6 6 3 46 112 193 259
1 4 3 46 112 193
1 3 36 100 184
1 13 10 67 144 218 273 315 347 276 367 381 391 404 132
1 6 11 70 391 400 415 424
1 3 11 70 391
1 11 11 70 391 406 419 427 139 140 3 46 114
1 6 6 3 46 6 3 46
1 6 11 70 391 400 415 425
1 7 11 70 391 116 265 313 341
1 3 11 70 391
1 6 28 94 180 248 305 335
1 3 28 112 193
1 4 3 46 112 193
1 3 28 112 193
1 5 11 70 391 400 412
1 3 3 46 120
1 3 3 46 120
1 3 3 46 120
1 4 3 49 127 202
1 3 3 46 120
1 5 18 81 19 162 234
1 3 35 99 183
1 6 3 46 112 193 112 193
1 6 3 46 112 193 112 193
1 16 36 101 185 251 308 337 363 380 390 399 411 186 162 234 3 46
1 8 3 112 192 46 112 193 112 48
1 4 19 19 162 234
1 5 26 234 3 112 193
1 13 67 144 218 274 316 348 367 381 391 402 139 140 3
1 9 38 38 38 38 38 38 38 38 103
1 4 3 46 112 193
1 3 46 111 191
1 13 10 67 144 218 274 316 348 367 381 391 400 412 422
1 4 3 46 112 193
1 5 7 7 62 162 234
1 6 18 80 163 235 293 329
1 4 19 162 234 288
1 3 3 112 193
1 4 3 46 112 193
1 3 3 112 193
1 4 3 46 112 193
1 5 3 46 112 193 259
1 4 20 3 46 6
1 5 67 146 43 108 116
1 9 8 64 64 192 46 113 312 340 365
1 7 7 7 62 162 234 3 46
1 5 67 12 73 154 229
1 4 7 62 162 234
1 4 3 46 113 197
1 6 4 52 132 3 46 117
1 8 4 52 132 7 62 162 234 289
1 12 10 67 144 218 274 316 348 367 381 391 404 132
1 10 67 144 218 274 276 367 381 391 404 132
1 4 144 218 275 317
1 3 67 12 73
1 3 67 12 73
1 4 3 46 112 193
1 4 3 46 112 193
1 7 37 102 186 162 234 3 46
1 4 46 112 192 46
1 4 3 46 112 193
1 7 4 52 132 3 46 112 193
1 10 10 67 144 218 274 316 348 367 381 392
1 12 10 67 144 218 274 316 348 367 381 391 404 132
1 4 67 12 73 155
1 5 12 72 152 227 282
1 6 12 72 152 227 282 325
1 6 12 73 153 227 282 325
1 3 1 44 109
1 3 12 73 155
1 3 1 44 109
1 3 12 73 155
1 6 12 72 152 227 282 325
1 12 10 67 144 218 274 316 348 367 381 391 404 132
1 12 10 67 144 218 274 316 348 367 381 391 404 132
1 4 67 12 73 155
1 4 12 73 153 228
1 5 12 72 152 226 281
1 5 12 73 153 228 283
1 5 12 72 152 226 281
1 6 12 72 152 227 282 325
1 3 4 52 132
1 12 10 67 144 218 274 316 348 367 381 391 404 132
1 3 30 63 139
1 14 10 67 144 218 274 316 348 367 381 391 404 401 416 426
1 10 34 13 74 156 230 285 284 326 358 375
1 15 10 67 144 218 273 315 347 276 367 381 391 404 132 3 46
1 5 39 105 188 252 309
1 8 3 46 112 193 112 193 112 193
1 3 17 162 234
1 6 4 5 162 234 3 46
1 3 11 71 151
1 5 2 2 2 2 2
1 3 39 104 187
1 3 3 46 121
1 5 67 147 140 3 46
1 3 36 100 184
1 3 6 3 49
1 3 3 112 193
1 3 18 162 234
1 3 18 78 160
1 3 1 42 107
1 6 18 162 234 3 112 192
1 15 28 112 193 93 192 256 234 3 112 192 192 46 112 193 93
1 10 28 112 192 93 192 93 192 192 46 46
1 7 6 59 162 234 3 112 195
1 28 28 112 193 112 193 112 93 193 264 312 339 234 3 46 93 192 46 112 193 112 192 258 312 312 339 162 234 3
1 14 3 112 193 48 112 192 46 46 112 192 192 192 192 46
1 3 3 112 192
1 22 28 112 193 112 193 112 194 265 178 312 312 312 312 339 234 3 112 193 112 192 192 192
1 23 28 234 3 46 46 112 192 256 312 312 312 340 178 234 3 17 162 234 3 17 162 233 286
1 15 3 112 192 192 192 192 93 192 46 112 194 265 313 344 366
1 21 28 112 193 112 192 93 192 46 112 192 192 93 193 112 193 112 192 46 112 192 192
1 4 3 112 193 93
1 7 18 80 166 238 312 312 312
1 14 28 112 193 93 264 312 339 162 234 3 112 192 256 312
1 15 256 312 234 3 17 162 234 3 112 193 112 193 112 192 93
1 22 28 93 192 46 112 193 112 93 192 255 312 312 312 234 3 46 112 192 192 192 192 192
1 11 28 95 17 162 234 3 48 112 193 112 192
1 6 6 3 112 192 93 192
1 26 28 234 3 112 256 178 312 312 312 312 312 234 3 112 192 46 112 192 31 96 62 47 124 178 312 256
1 9 28 112 192 192 192 46 112 192 192
1 5 6 3 112 192 93
1 25 28 93 255 312 312 256 312 234 3 46 112 192 46 93 178 234 3 112 192 258 312 312 312 312 234
1 11 28 93 192 192 192 192 192 93 192 192 192
1 5 46 112 192 192 257
1 23 28 93 193 112 193 112 192 192 46 112 193 93 192 192 46 93 192 192 93 193 112 192 192
1 14 3 112 193 93 178 312 312 312 234 3 46 112 193 112
1 25 28 112 193 264 312 312 312 312 234 3 46 112 93 192 46 112 192 192 192 264 312 312 234 3 112
1 13 28 95 17 162 178 312 312 234 3 17 162 234 3
1 6 3 112 192 192 93 192
1 23 28 93 192 46 93 192 46 112 93 193 112 193 112 192 46 112 193 112 93 192 48 112 48
1 9 28 112 193 112 192 192 93 192 192
1 5 3 112 264 312 339
1 23 28 112 193 112 193 112 193 112 192 46 93 193 112 192 192 46 46 112 192 93 192 192 264
1 10 28 93 192 192 46 112 192 192 46 93
1 7 46 112 192 192 46 93 179
1 10 28 112 193 112 192 192 192 192 192 93
1 20 28 112 193 112 192 93 192 192 192 93 178 234 292 328 258 312 234 3 112 192
1 9 28 93 192 192 46 112 193 112 193
1 6 3 112 193 112 192 257
1 23 28 234 3 112 193 112 192 46 112 256 312 312 339 234 287 178 234 3 112 192 192 192 192
1 12 28 112 93 192 192 255 234 3 112 93 192 93
1 4 3 112 93 192
1 25 28 112 192 46 6 3 46 112 193 112 192 46 93 193 112 192 46 112 193 112 192 46 112 192 192
1 19 3 46 46 112 93 192 192 48 112 93 193 93 192 192 46 46 46 93 192
1 6 18 80 166 239 297 330
1 5 18 80 165 162 234
1 6 20 84 140 3 46 119
1 5 4 56 136 209 269
1 5 18 80 164 236 294
1 3 3 51 130
1 10 4 52 132 234 3 46 112 48 6 61
1 3 4 52 132
1 5 3 46 112 193 48
1 4 4 52 132 206
1 4 3 49 128 203
1 4 3 46 112 193
1 4 4 53 133 207
1 4 3 46 6 19
1 4 3 46 112 193
1 3 3 48 125
1 8 4 52 147 140 3 46 112 193
1 4 3 46 112 48
1 5 31 96 62 162 234
1 3 48 112 193
1 4 3 46 112 193
1 4 3 46 112 193
1 4 3 48 112 193
1 3 48 112 193
1 9 6 3 140 3 46 113 312 234 288
1 8 4 52 132 140 345 265 313 342
1 4 3 46 119 199
1 17 67 144 217 219 276 318 349 368 5 162 234 3 46 6 61 138 211
1 3 10 68 149
1 3 48 48 48
1 3 48 48 48
1 4 3 46 119 199
1 7 46 119 140 213 270 314 346
1 6 4 52 132 3 46 6
1 11 40 25 91 176 246 304 334 361 378 388 397
1 3 3 46 6
1 4 48 8 63 139
1 5 48 112 48 6 61
1 6 4 52 132 3 46 116
1 16 4 55 135 208 268 315 347 276 367 381 391 404 132 140 3 46
1 13 10 67 144 218 273 315 347 276 367 381 391 404 132
1 12 10 67 144 218 274 316 348 367 381 391 400 413
1 3 46 112 193
1 7 41 106 189 253 310 338 364
1 3 20 83 169
1 3 67 144 220
1 3 4 52 132
1 4 3 46 112 193
