439 429
1 3 1 43 112
1 6 3 46 116 187 116 187
1 13 4 54 134 59 91 166 238 299 127 91 166 3 46
1 8 46 6 64 142 209 273 318 346
1 6 3 46 116 187 116 187
1 8 7 66 91 166 3 46 116 187
1 8 3 46 116 187 116 187 116 187
1 8 3 46 116 187 116 187 116 187
1 6 3 46 116 187 116 187
1 11 4 54 134 59 91 166 237 91 166 3 46
1 3 4 54 134
1 3 3 46 5
1 5 8 67 91 166 155
1 4 9 389 402 413
1 6 4 57 138 190 266 315
1 4 395 405 415 422
1 4 3 46 116 187
1 3 3 46 121
1 14 10 69 144 212 275 320 348 360 370 379 392 395 405 415
1 4 3 46 116 187
1 4 3 46 116 187
1 4 3 46 116 187
1 6 3 46 116 187 116 187
1 6 3 46 116 187 116 187
1 6 3 46 116 187 116 187
1 6 3 46 116 187 116 187
1 6 3 46 116 187 116 187
1 20 10 69 144 212 275 321 349 361 371 381 394 191 166 3 46 5 3 47 125 195
1 8 3 46 116 187 116 187 116 187
1 6 3 46 116 187 116 187
1 8 3 46 116 187 116 187 116 187
1 7 5 3 46 6 64 142 209
1 6 5 3 46 116 187 261
1 4 3 46 116 187
1 4 3 46 116 187
1 5 15 81 91 166 155
1 5 15 81 155 228 287
1 4 3 46 116 187
1 8 5 60 91 166 237 60 91 166
1 4 9 389 402 413
1 3 5 3 46
1 3 3 46 121
1 4 3 46 116 187
1 4 3 46 116 187
1 4 3 46 116 187
1 5 11 144 148 218 277
1 3 5 3 46
1 3 3 46 117
1 3 3 46 5
1 3 5 3 46
1 3 6 63 141
1 3 3 3 46
1 11 10 69 145 216 276 322 350 95 59 91 166
1 6 12 76 148 218 277 323
1 11 10 69 144 148 219 371 382 396 407 416 423
1 7 17 83 158 231 188 91 166
1 3 18 84 159
1 3 20 86 160
1 6 21 87 161 232 292 332
1 9 11 144 77 76 148 220 280 325 351
1 13 22 89 163 234 294 334 353 363 373 140 208 272 317
1 7 10 71 12 76 148 219 278
1 5 12 76 148 221 281
1 12 10 69 144 215 148 219 279 371 382 396 408 417
1 3 48 129 198
1 3 24 91 166
1 9 9 61 166 238 91 238 91 166 237
1 7 11 72 361 371 382 396 407
1 7 12 77 76 148 219 279 324
1 6 25 92 169 248 303 337
1 6 25 92 169 248 303 337
1 6 25 92 169 248 303 337
1 6 25 92 169 248 303 337
1 6 25 92 169 248 303 337
1 6 25 92 169 248 303 337
1 5 25 92 169 248 302
1 6 25 92 169 248 303 337
1 6 25 92 169 248 303 337
1 6 25 92 169 249 304 338
1 6 25 92 169 249 304 338
1 7 25 92 170 250 127 91 166
1 4 11 75 147 217
1 6 25 92 169 249 304 338
1 5 25 92 169 249 304
1 5 25 92 169 249 304
1 5 25 92 169 249 304
1 3 1 43 112
1 7 5 59 91 166 3 46 5
1 6 27 405 415 422 426 429
1 4 3 46 116 187
1 5 15 81 157 230 290
1 5 15 81 157 230 290
1 9 4 54 134 128 91 166 128 91 166
1 4 3 46 116 187
1 4 15 155 91 166
1 3 9 389 402
1 4 9 389 402 413
1 5 28 91 166 237 298
1 6 6 64 169 249 304 338
1 6 6 64 169 249 304 338
1 5 4 54 134 3 46
1 4 4 54 133 201
1 7 4 54 134 203 270 316 345
1 6 6 64 169 249 305 339
1 6 6 64 169 249 304 338
1 6 6 64 169 249 304 338
1 6 6 64 169 249 304 338
1 6 6 64 169 249 304 338
1 6 6 64 169 249 304 338
1 6 6 64 169 249 304 338
1 8 3 46 116 187 116 187 116 187
1 8 3 46 116 187 116 187 116 187
1 11 5 3 46 5 3 46 5 3 46 116 187
1 8 3 46 116 187 116 187 116 187
1 8 3 46 116 187 116 187 116 187
1 8 3 46 116 187 116 187 116 187
1 10 5 61 166 237 91 166 3 46 116 187
1 14 5 3 46 5 16 91 166 3 46 5 3 46 116 187
1 4 29 91 166 237
1 4 1 405 415 422
1 4 4 58 139 207
1 5 15 81 157 230 291
1 3 29 96 172
1 5 15 81 155 91 168
1 3 4 54 134
1 5 4 54 134 3 46
1 10 5 3 48 5 3 46 116 187 116 187
1 5 4 54 134 3 46
1 10 5 3 48 5 3 46 122 142 3 46
1 13 5 3 48 5 3 46 116 187 116 3 46 116 187
1 12 3 48 3 46 122 142 3 46 116 187 116 187
1 10 3 48 3 46 122 142 3 46 116 187
1 10 3 48 3 46 122 142 3 46 116 187
1 10 3 48 3 46 122 142 3 46 116 187
1 12 3 3 3 48 166 3 122 142 3 46 116 187
1 13 5 3 48 5 3 46 116 187 116 3 46 116 187
1 6 4 54 134 3 48 5
1 4 48 3 48 120
1 4 24 91 166 237
1 6 3 46 116 187 116 187
1 8 3 46 16 91 166 237 91 166
1 4 3 46 116 187
1 8 3 46 116 187 116 188 91 166
1 8 3 46 116 187 116 188 91 166
1 10 3 46 116 187 116 187 116 187 116 187
1 4 3 46 116 187
1 4 3 46 116 187
1 8 3 48 127 91 166 237 91 166
1 4 3 48 3 46
1 6 3 48 5 59 91 166
1 6 5 3 46 116 187 261
1 3 1 42 111
1 4 15 81 91 166
1 3 29 91 166
1 14 16 91 166 3 46 250 127 91 166 3 46 122 192 267
1 7 3 46 116 187 116 187 263
1 6 3 46 116 187 116 187
1 6 3 46 116 187 116 187
1 6 3 46 116 187 116 187
1 6 3 46 116 187 116 187
1 3 3 46 16
1 4 6 65 143 210
1 3 1 43 112
1 3 3 46 5
1 3 3 46 119
1 4 29 91 166 237
1 3 3 46 120
1 3 3 46 121
1 8 6 64 59 91 166 3 46 5
1 11 5 61 166 240 238 91 166 3 46 116 187
1 11 5 3 46 6 64 142 209 3 46 116 187
1 10 3 46 6 64 142 209 3 46 116 187
1 14 5 3 47 126 196 237 60 91 166 3 46 116 187 261
1 10 3 46 6 64 142 209 3 46 116 187
1 10 3 46 6 64 142 209 3 46 116 187
1 8 6 64 142 209 3 46 116 187
1 4 9 389 402 413
1 5 24 91 166 3 46
1 4 31 98 173 252
1 10 6 64 128 91 166 3 46 116 187 262
1 10 6 64 59 91 166 3 46 116 187 261
1 10 3 46 6 64 142 209 3 46 116 187
1 10 3 46 6 64 142 209 3 46 116 187
1 10 3 46 6 64 142 209 3 46 116 187
1 10 6 64 120 190 266 91 166 3 46 120
1 13 5 3 46 6 64 59 91 166 3 46 116 187 261
1 8 6 64 142 209 3 46 116 187
1 14 10 69 144 212 275 320 348 360 370 379 389 402 413 418
1 14 10 69 144 212 275 320 348 360 370 379 389 402 413 418
1 12 32 99 174 253 307 341 356 366 375 385 399 410
1 6 3 46 116 187 116 187
1 6 3 46 116 187 116 187
1 8 3 46 116 187 116 187 116 187
1 4 3 46 116 187
1 4 3 46 116 187
1 6 3 46 116 187 116 187
1 8 3 46 116 187 116 187 116 187
1 7 2 91 166 3 46 116 187
1 6 11 14 2 91 166 237
1 12 21 88 162 233 293 333 352 362 372 383 397 409
1 14 10 69 144 212 275 320 348 360 370 379 389 402 413 418
1 14 10 69 144 212 275 320 348 360 370 379 389 402 413 418
1 12 34 103 178 256 310 342 357 367 376 386 400 411
1 14 10 69 144 212 275 320 348 360 370 379 389 402 413 418
1 11 23 90 164 235 295 335 354 364 374 384 398
1 3 48 129 198
1 13 36 105 180 258 312 343 358 368 377 387 155 91 166
1 14 10 69 144 212 275 320 348 360 370 379 389 402 413 418
1 12 10 69 144 212 275 321 349 361 371 91 167 243
1 14 10 69 144 212 275 320 348 360 370 379 389 402 413 418
1 14 10 69 144 212 275 320 348 360 370 379 389 402 413 418
1 6 11 14 2 91 166 237
1 11 11 144 213 321 349 361 371 91 166 237 297
1 5 35 104 179 257 311
1 8 19 85 358 368 377 155 91 166
1 4 37 106 181 259
1 4 3 46 116 187
1 4 3 46 116 187
1 4 3 46 116 187
1 4 3 46 116 187
1 4 3 46 116 187
1 16 10 69 144 212 275 320 348 360 370 379 390 403 414 419 424 427
1 4 3 46 116 187
1 16 10 69 144 212 275 320 348 360 370 379 390 403 414 419 424 427
1 4 3 46 116 187
1 3 3 3 3
1 3 1 43 112
1 5 9 188 91 168 245
1 4 24 91 166 237
1 5 28 95 59 91 166
1 9 48 128 91 166 128 188 91 168 245
1 11 15 81 156 157 230 290 331 166 3 48 5
1 4 15 157 230 290
1 13 48 120 190 266 136 120 190 266 315 188 91 168 245
1 13 5 3 46 5 3 46 116 187 261 166 3 48 5
1 9 15 81 155 91 166 155 91 168 247
1 5 15 81 155 91 166
1 19 3 50 142 209 3 48 3 46 116 187 188 91 166 188 91 166 3 46 48
1 20 3 50 142 209 3 50 188 91 166 3 46 48 3 46 48 3 46 116 188 265
1 20 3 50 142 209 3 50 188 91 166 3 46 48 3 46 48 3 46 116 188 265
1 9 48 3 46 48 3 46 116 188 265
1 20 3 50 142 209 3 50 188 91 166 3 46 48 3 46 48 3 46 116 188 265
1 5 3 46 120 190 266
1 6 15 81 91 166 3 46
1 4 38 16 16 16
1 4 3 46 116 187
1 4 3 46 116 187
1 6 5 3 46 116 187 261
1 4 3 46 116 187
1 4 3 3 3 46
1 3 39 108 183
1 13 10 69 144 212 274 319 347 321 349 361 371 382 395
1 6 13 4 54 91 168 245
1 3 13 4 54
1 11 13 4 54 135 205 271 166 237 91 166 239
1 6 5 3 46 5 3 46
1 3 13 4 54
1 4 3 46 116 187
1 4 3 46 116 187
1 6 26 93 171 251 306 340
1 3 26 3 46
1 4 3 46 116 187
1 3 26 3 46
1 5 13 4 54 91 166
1 3 3 46 123
1 3 3 46 123
1 3 3 46 123
1 3 3 46 123
1 4 3 46 116 187
1 4 3 46 116 187
1 4 3 49 130 199
1 3 38 107 182
1 6 3 46 116 187 116 187
1 6 3 46 116 187 116 187
1 16 39 109 184 260 313 344 359 369 378 388 401 185 91 166 3 46
1 8 3 3 3 46 116 187 116 188
1 7 46 117 142 3 46 116 187
1 4 3 46 116 187
1 5 24 166 3 3 46
1 13 11 144 212 275 320 348 360 370 379 391 166 237 91
1 4 3 46 116 187
1 3 46 115 186
1 13 10 69 144 212 275 320 348 360 370 379 389 402 412
1 3 1 43 112
1 5 64 169 249 304 338
1 6 15 81 154 227 286 328
1 5 16 16 16 16 16
1 4 16 91 166 237
1 4 3 46 116 187
1 3 3 3 46
1 6 3 46 116 187 116 187
1 4 3 46 116 187
1 5 3 46 116 187 261
1 4 9 389 402 413
1 5 11 73 405 415 422
1 7 64 142 209 238 91 168 246
1 6 64 142 209 127 91 166
1 7 64 169 249 304 338 355 365
1 5 11 14 79 151 226
1 4 64 127 91 166
1 4 3 46 118 189
1 8 4 54 134 202 127 91 166 241
1 12 10 69 144 212 275 320 348 360 370 379 393 404
1 5 5 59 91 165 236
1 8 4 54 134 3 46 116 187 261
1 10 11 144 212 275 321 349 361 371 382 395
1 3 11 14 79
1 3 11 14 79
1 4 3 46 116 187
1 7 40 110 185 91 166 3 46
1 4 3 46 116 187
1 7 4 54 134 3 46 116 187
1 10 10 69 144 212 275 320 348 360 370 380
1 12 10 69 144 212 275 320 348 360 370 379 393 404
1 4 11 14 79 152
1 5 14 78 149 223 283
1 6 14 78 149 223 283 326
1 6 14 79 150 223 283 326
1 3 1 44 113
1 3 14 79 152
1 3 1 44 113
1 6 14 78 149 223 283 326
1 4 33 102 177 255
1 12 10 69 144 212 275 320 348 360 370 379 393 404
1 12 10 69 144 212 275 320 348 360 370 379 393 404
1 4 11 14 79 152
1 4 14 79 150 224
1 6 14 79 150 225 285 327
1 5 14 78 149 222 282
1 5 14 79 150 224 284
1 6 14 78 149 223 283 326
1 3 4 54 134
1 12 10 69 144 212 275 320 348 360 370 379 393 404
1 3 28 91 166
1 14 10 69 144 212 275 320 348 360 370 379 393 166 237 297
1 10 36 105 180 258 312 343 358 368 377 387
1 15 10 69 144 212 274 319 347 321 349 361 371 382 395 405 415
1 5 33 101 176 254 308
1 8 3 46 116 187 116 187 116 187
1 3 191 91 166
1 6 4 395 405 415 420 425
1 3 3 3 46
1 6 13 4 54 134 3 46
1 5 2 2 2 2 2
1 3 33 100 175
1 3 3 46 124
1 5 11 74 59 91 166
1 5 11 74 59 91 166
1 3 39 108 183
1 3 5 3 49
1 3 3 3 46
1 3 15 80 153
1 3 1 43 112
1 6 15 91 166 3 3 3
1 5 15 91 166 3 3
1 14 3 3 46 117 142 3 46 116 3 46 116 3 3 3
1 25 26 3 46 122 209 3 48 3 3 46 122 142 209 3 3 46 117 142 3 3 3 3 46 122 142
1 10 26 3 3 122 142 191 91 165 236 296
1 14 3 3 46 48 3 3 46 117 142 3 3 3 3 46
1 3 3 3 3
1 15 3 3 122 142 3 3 122 209 3 46 122 209 3 122 209
1 23 26 166 3 46 117 142 3 51 91 165 91 168 191 166 3 122 142 209 3 122 142 3 3
1 15 3 3 3 3 3 3 122 142 209 3 49 130 236 191 91
1 21 26 3 46 116 3 122 142 209 3 3 3 122 209 3 46 116 3 46 116 3 3
1 11 26 94 165 91 166 3 3 3 3 3 3
1 4 3 3 46 122
1 7 15 81 156 157 230 289 330
1 3 15 91 165
1 14 26 3 46 122 193 268 191 91 166 3 3 3 51 91
1 15 41 91 166 3 122 142 209 3 3 46 116 187 116 3 122
1 11 26 94 191 91 166 3 48 3 46 116 3
1 26 26 166 3 3 51 191 91 165 91 165 91 166 3 3 3 46 116 3 30 97 127 197 269 191 91 41
1 25 26 122 192 165 91 41 91 166 3 46 116 3 46 122 191 166 3 3 3 53 91 165 91 165 236
1 11 26 122 142 3 3 3 3 122 142 3 3
1 5 46 116 3 3 52
1 23 26 122 209 3 46 116 3 3 46 116 187 191 91 165 236 191 91 165 191 166 3 3 3
1 14 3 3 46 122 191 91 165 91 166 3 46 116 187 116
1 6 3 3 3 3 122 142
1 23 26 122 142 209 191 91 166 3 122 209 3 46 116 3 46 116 187 116 191 91 168 244 301
1 9 26 3 46 116 3 3 122 142 3
1 5 3 3 50 142 191
1 23 26 3 46 116 187 116 187 116 3 46 122 209 3 3 3 46 117 142 3 122 142 3 50
1 10 26 122 142 3 46 116 3 3 46 122
1 7 46 116 3 3 46 122 194
1 29 26 3 50 166 3 3 122 209 3 3 3 46 116 192 165 91 166 191 91 166 3 3 46 116 3 3 46 116 3
1 10 26 3 46 116 3 3 3 3 3 122
1 10 74 59 91 16 16 91 41 91 16 82
1 20 26 3 46 116 3 122 142 3 3 122 191 166 242 300 336 91 166 3 3 3
1 6 3 3 46 116 3 52
1 23 26 166 3 3 46 116 3 46 116 41 91 165 191 166 236 191 166 3 3 3 3 3 3
1 12 26 3 122 142 3 49 166 3 3 122 142 191
1 4 3 3 122 142
1 6 15 81 156 229 288 329
1 6 9 68 59 91 166 188
1 5 4 137 206 395 406
1 5 15 81 157 230 290
1 3 3 53 132
1 10 4 54 134 166 3 46 116 188 264 314
1 3 4 54 134
1 5 3 46 116 187 188
1 4 4 54 134 204
1 7 4 55 136 120 190 266 315
1 4 3 49 131 200
1 4 3 46 116 187
1 8 4 56 137 206 395 405 415 421
1 4 4 56 137 206
1 4 3 46 5 16
1 4 3 46 116 187
1 3 3 48 166
1 8 4 54 74 59 91 166 3 46
1 4 3 46 116 187
1 5 30 97 127 91 166
1 3 48 3 46
1 4 3 46 116 187
1 4 3 48 3 46
1 3 48 3 46
1 9 5 3 59 91 166 238 91 166 237
1 3 3 46 5
1 4 3 46 5 62
1 4 3 46 48 129
1 17 11 144 211 76 148 218 371 382 395 405 415 420 425 428 188 264 314
1 3 10 70 146
1 3 48 129 198
1 3 48 129 198
1 4 3 46 48 129
1 7 46 48 5 61 140 208 272
1 6 4 54 134 3 46 5
1 11 22 23 90 164 235 295 335 354 364 374 384
1 3 3 46 5
1 4 48 127 91 166
1 6 4 54 134 3 46 120
1 10 10 69 144 212 275 320 348 360 370 380
1 3 46 116 187
1 8 33 101 176 254 309 60 91 166
1 3 11 144 214
1 3 4 54 134
1 3 1 45 114
1 4 3 46 116 187
1 3 29 96 172
