406 375
1 6 1 42 111 185 111 185
1 6 1 42 111 185 111 185
1 8 2 47 59 42 111 185 111 185
1 6 1 42 111 185 111 185
1 9 3 49 130 1 42 111 185 111 185
1 8 1 42 111 185 111 185 111 185
1 6 1 42 111 185 111 185
1 11 3 49 130 53 59 42 6 1 42 111 185
1 3 3 49 130
1 3 1 42 6
1 5 7 58 59 42 114
1 4 8 59 42 6
1 3 1 42 6
1 4 5 59 42 115
1 4 1 42 111 185
1 6 3 49 130 1 42 116
1 13 10 63 139 203 250 285 309 320 328 337 346 360 368
1 15 10 63 139 203 250 285 309 320 328 337 350 130 1 42 112
1 14 10 63 139 203 250 285 309 320 328 337 351 5 59 42
1 4 1 42 111 185
1 4 1 42 111 185
1 4 1 42 111 185
1 10 17 79 154 213 292 312 322 331 343 357
1 6 1 42 111 185 111 185
1 6 1 42 111 185 111 185
1 6 1 42 111 185 111 185
1 6 1 42 111 185 111 185
1 20 10 63 139 203 250 286 310 321 329 340 353 43 112 59 42 6 1 55 59 42
1 8 1 42 111 185 111 185 111 185
1 8 1 42 111 185 111 185 111 185
1 4 1 42 111 185
1 4 1 42 111 185
1 6 6 1 42 111 185 6
1 4 1 42 111 185
1 4 1 42 111 185
1 5 21 85 1 42 114
1 5 21 85 159 214 259
1 4 1 42 111 185
1 8 6 55 59 42 6 55 59 42
1 4 8 59 42 6
1 3 6 1 42
1 3 1 42 119
1 4 1 42 111 185
1 3 1 111 185
1 5 11 139 204 251 287
1 3 9 62 138
1 3 1 42 112
1 3 1 42 112
1 3 1 42 6
1 3 1 42 6
1 3 6 1 42
1 3 22 87 162
1 3 1 111 185
1 11 10 63 140 205 252 288 311 281 53 59 42
1 5 12 70 144 208 253
1 7 19 82 156 59 238 1 42
1 3 23 89 164
1 3 18 81 155
1 14 11 66 321 330 342 356 366 371 373 374 375 53 59 42
1 6 24 90 165 217 261 294
1 13 25 92 167 219 263 296 314 324 333 238 238 238 238
1 10 26 93 168 220 264 297 196 245 59 42
1 7 10 65 12 70 144 208 253
1 3 44 125 192
1 3 1 111 185
1 3 29 59 42
1 7 11 66 321 329 341 355 365
1 7 12 71 70 144 208 254 289
1 6 30 97 174 224 267 272
1 6 30 97 174 224 269 300
1 6 30 97 174 224 269 300
1 6 30 97 174 224 269 300
1 6 30 97 174 224 269 300
1 6 30 97 174 224 269 300
1 6 30 97 174 224 269 300
1 6 30 97 174 224 269 300
1 5 30 97 174 224 268
1 6 30 97 174 224 269 300
1 6 30 97 174 225 270 301
1 6 30 97 174 225 270 301
1 7 30 97 173 223 272 59 42
1 4 11 68 142 206
1 6 30 97 174 225 270 301
1 3 27 94 169
1 5 30 97 174 225 270
1 5 30 97 174 225 270
1 7 6 53 59 42 111 185 6
1 4 1 42 111 185
1 5 21 85 160 128 195
1 5 21 85 160 128 195
1 4 1 42 111 185
1 5 21 85 1 42 114
1 4 21 159 128 195
1 3 8 59 42
1 4 8 59 42 6
1 5 32 59 42 6 53
1 6 22 88 174 225 270 301
1 6 22 88 174 225 270 301
1 5 3 49 130 1 42
1 4 3 49 129 197
1 7 3 49 130 198 246 282 307
1 5 3 49 130 1 42
1 6 22 88 174 225 271 302
1 6 22 88 174 225 270 301
1 6 22 88 174 225 270 301
1 6 22 88 174 225 270 301
1 6 22 88 174 225 270 301
1 6 22 88 174 225 270 301
1 6 22 88 174 225 270 301
1 10 6 54 132 53 59 42 111 185 111 185
1 8 1 42 111 185 111 185 111 185
1 8 1 42 111 185 111 185 111 185
1 8 1 42 111 185 111 185 111 185
1 8 1 42 111 185 111 185 111 185
1 8 1 42 111 185 111 185 111 185
1 10 6 54 132 53 59 42 111 185 111 185
1 14 6 1 42 6 118 59 42 111 185 6 1 42 111 185
1 4 27 59 42 6
1 4 15 59 42 115
1 5 21 85 160 128 196
1 3 27 94 170
1 5 21 85 159 128 196
1 5 3 49 130 1 42
1 10 6 1 44 6 1 42 111 185 111 185
1 3 3 49 130
1 5 3 49 130 1 42
1 10 6 1 44 6 1 42 117 189 1 42
1 10 1 44 1 42 117 189 1 42 111 185
1 13 6 1 44 6 1 42 111 185 111 111 185 111 185
1 12 1 44 1 42 117 189 1 42 111 185 111 185
1 10 1 44 1 42 117 189 1 42 111 185
1 10 1 44 1 42 117 189 1 42 111 185
1 10 1 44 1 42 117 189 1 42 111 185
1 11 1 44 1 42 111 111 185 235 280 306 319
1 13 6 1 44 6 1 42 111 185 111 111 185 111 185
1 6 3 49 130 1 44 6
1 4 44 1 44 124
1 6 1 42 111 185 111 185
1 8 1 42 118 59 42 6 1 42
1 8 1 42 111 185 111 44 1 42
1 4 1 42 111 185
1 4 1 42 111 185
1 4 1 44 1 42
1 6 1 44 6 53 59 42
1 6 6 1 42 111 185 6
1 3 15 77 152
1 3 21 84 158
1 3 27 59 42
1 14 85 1 42 111 185 223 272 59 42 111 185 186 45 126
1 5 4 4 59 42 113
1 7 1 42 111 185 111 185 236
1 6 1 42 111 185 111 185
1 6 1 42 111 185 111 185
1 6 1 42 111 185 111 185
1 11 1 42 118 59 42 111 185 111 185 111 185
1 6 1 42 111 185 111 185
1 6 1 42 111 185 111 185
1 6 1 42 111 185 111 185
1 12 85 1 42 118 59 42 111 185 111 185 111 185
1 3 1 42 6
1 3 1 42 114
1 4 27 59 42 6
1 3 1 42 115
1 4 29 59 42 6
1 8 22 88 53 59 42 111 185 6
1 11 6 54 132 237 120 59 42 111 185 111 185
1 10 1 42 22 88 163 216 1 42 111 185
1 10 1 42 22 88 163 216 1 42 111 185
1 10 1 42 22 88 163 216 1 42 111 185
1 8 22 88 163 216 1 42 111 185
1 5 29 59 42 111 185
1 4 33 100 176 228
1 10 22 88 53 59 42 111 185 111 185 6
1 9 22 88 159 128 195 59 59 42 114
1 10 1 42 22 88 163 216 1 42 111 185
1 10 1 42 22 88 163 216 1 42 111 185
1 11 1 111 185 237 120 59 42 111 185 111 185
1 10 1 42 22 88 163 216 1 42 111 185
1 13 6 1 42 22 88 53 59 42 111 185 111 185 6
1 14 10 63 139 203 250 285 309 320 328 337 346 360 369 372
1 12 34 101 177 229 274 304 230 275 305 317 327 336
1 8 1 42 111 185 111 185 111 185
1 4 1 42 111 185
1 8 1 42 111 185 111 185 111 185
1 6 1 42 111 185 111 185
1 7 4 59 42 111 185 111 185
1 4 1 42 111 185
1 6 11 14 4 59 42 6
1 12 24 91 166 218 262 295 313 323 332 344 358 367
1 14 10 63 139 203 250 285 309 320 328 337 346 360 369 372
1 14 10 63 139 203 250 285 309 320 328 337 346 360 369 372
1 14 10 63 139 203 250 285 309 320 328 337 346 360 369 372
1 14 10 63 139 203 250 285 309 320 328 337 346 360 369 372
1 11 28 95 171 221 265 298 315 325 334 345 359
1 3 44 125 192
1 13 37 17 79 154 213 258 292 312 322 331 159 128 195
1 14 10 63 139 203 250 285 309 320 328 337 346 360 369 372
1 12 10 63 139 203 250 286 310 321 329 339 352 364
1 11 11 139 203 250 285 309 320 328 337 349 363
1 14 10 63 139 203 250 285 309 320 328 337 346 360 369 372
1 12 10 63 139 203 250 286 310 321 329 339 352 364
1 6 11 14 4 59 42 6
1 12 24 91 166 218 262 295 313 323 332 344 358 367
1 5 28 96 172 222 266
1 5 36 106 182 233 278
1 8 17 80 292 312 322 159 128 195
1 4 1 42 111 185
1 4 1 42 111 185
1 4 1 42 111 185
1 4 1 42 111 185
1 4 1 42 111 185
1 16 10 63 139 203 250 285 309 320 328 337 347 362 370 54 59 42
1 25 1 46 1 42 6 1 44 6 1 42 44 6 1 42 44 6 1 42 111 185 6 52 128 196 244
1 4 29 59 42 6
1 3 8 60 137
1 11 21 85 161 160 128 195 243 52 128 196 244
1 4 21 160 128 195
1 13 6 1 42 6 1 42 111 185 6 52 128 196 244
1 28 20 59 42 111 187 240 281 53 59 53 59 42 38 107 272 59 42 38 107 272 55 59 42 22 52 128 196 244
1 5 21 85 159 128 195
1 19 1 46 1 42 111 44 1 42 111 185 238 1 42 44 1 42 111 185 238
1 20 1 46 1 42 111 187 238 1 42 111 185 238 1 42 44 1 42 111 44 125
1 17 1 46 1 42 111 44 1 42 44 1 42 44 1 42 111 44 125
1 19 1 46 1 42 111 44 1 45 59 42 44 1 42 44 1 42 111 185 238
1 20 1 46 1 42 111 187 238 1 42 111 185 238 1 42 44 1 42 111 44 125
1 22 1 46 1 42 111 187 238 238 1 42 111 185 111 44 1 42 44 1 42 111 44 125
1 9 44 1 42 44 1 42 111 44 125
1 9 44 1 42 44 1 42 111 185 238
1 20 1 46 1 42 111 187 238 1 42 111 185 238 1 42 44 1 42 111 44 125
1 4 39 118 118 118
1 4 1 42 111 185
1 6 6 1 42 111 185 6
1 4 1 42 111 185
1 4 1 111 111 185
1 6 13 3 49 128 196 244
1 3 13 3 49
1 6 13 3 49 128 196 245
1 7 13 3 49 245 59 42 112
1 4 1 42 111 185
1 4 1 42 111 185
1 6 31 98 175 227 273 303
1 4 1 42 111 185
1 3 31 1 42
1 5 13 3 49 128 195
1 3 1 42 121
1 3 1 42 121
1 3 1 42 121
1 3 1 42 121
1 4 1 42 111 185
1 4 1 42 111 185
1 4 1 45 59 134
1 3 1 42 121
1 5 21 86 118 59 42
1 3 39 108 183
1 6 1 42 111 185 111 185
1 8 1 111 111 185 111 185 111 44
1 7 185 234 279 59 42 111 185
1 4 1 42 111 185
1 4 85 118 59 42
1 5 29 234 279 59 42
1 13 11 139 203 250 285 309 320 328 337 348 132 53 59
1 9 40 40 40 40 40 40 40 40 109
1 13 10 63 139 203 250 285 309 320 328 337 346 360 368
1 4 1 42 111 185
1 3 15 75 150
1 5 174 226 272 59 42
1 5 85 118 118 118 118
1 4 85 1 42 6
1 3 1 111 185
1 6 1 42 111 185 111 185
1 5 1 42 111 185 6
1 5 11 67 59 42 115
1 7 174 224 267 299 316 326 335
1 6 174 224 267 272 59 42
1 9 22 88 174 224 267 299 316 326 335
1 7 174 226 272 59 42 111 185
1 5 11 14 74 147 211
1 4 174 225 270 301
1 4 1 42 120 191
1 6 3 49 130 1 42 119
1 12 10 63 139 203 250 285 309 320 328 337 350 130
1 5 6 53 59 59 42
1 8 3 49 130 1 42 111 185 6
1 10 11 139 203 250 286 310 321 329 341 354
1 4 12 69 143 207
1 3 11 14 74
1 4 1 42 111 185
1 4 1 42 111 185
1 4 185 111 111 185
1 7 3 49 130 1 42 111 185
1 10 10 63 139 203 250 285 309 320 328 338
1 5 14 73 146 210 256
1 6 14 74 148 210 256 290
1 3 15 76 151
1 3 14 74 149
1 3 14 74 149
1 6 14 73 146 210 256 290
1 4 35 105 181 232
1 12 10 63 139 203 250 285 309 320 328 337 350 130
1 12 10 63 139 203 250 285 309 320 328 337 350 130
1 4 11 14 74 149
1 6 14 74 148 212 257 291
1 5 14 73 146 209 255
1 5 14 73 146 209 255
1 3 3 49 130
1 12 10 63 139 203 250 285 309 320 328 337 350 130
1 14 10 63 139 203 250 285 309 320 328 337 350 347 362 370
1 10 37 17 79 154 213 258 292 312 322 331
1 5 35 104 180 231 276
1 8 1 42 111 185 111 185 111 185
1 3 20 59 42
1 3 13 72 145
1 3 1 111 185
1 6 13 3 49 130 1 42
1 3 35 103 179
1 3 1 42 122
1 5 11 16 53 59 42
1 3 41 110 184
1 3 6 1 45
1 3 1 111 185
1 3 21 59 42
1 3 21 83 157
1 3 15 75 150
1 5 21 59 42 111 111
1 15 31 1 42 117 189 241 112 59 59 59 59 42 111 185 186
1 14 1 111 185 234 279 59 42 111 111 185 111 111 111 111
1 25 31 1 42 117 112 59 238 1 111 185 186 1 42 111 111 185 234 279 59 59 59 59 42 117 189
1 7 6 54 59 42 111 111 188
1 28 31 1 42 111 185 111 186 42 123 59 20 234 279 112 20 59 42 111 185 111 111 136 59 59 20 59 42 111
1 14 1 111 185 238 1 111 185 234 279 59 59 59 59 42
1 3 1 111 111
1 22 31 1 42 111 185 111 45 59 20 59 59 59 59 20 234 279 59 42 111 111 111 111
1 15 1 111 186 1 111 111 186 42 111 185 186 42 111 186 42
1 15 1 111 111 111 111 111 186 1 42 111 45 59 42 117 189
1 21 31 1 42 111 111 186 1 42 111 111 111 186 42 111 185 111 111 185 111 111 111
1 11 31 99 59 59 42 111 111 111 111 111 111
1 4 1 111 185 186
1 7 21 85 161 160 128 194 242
1 3 21 59 59
1 22 31 186 1 42 111 185 111 186 1 45 59 59 59 42 111 185 111 111 111 111 111 111
1 6 6 1 111 111 186 1
1 9 31 1 111 111 111 185 111 111 111
1 5 6 1 111 111 186
1 25 31 186 45 59 59 135 59 42 111 185 111 111 185 186 20 234 279 59 59 136 59 59 59 59 42
1 5 185 111 111 111 188
1 23 31 186 42 111 185 111 111 111 185 111 185 186 1 111 185 186 1 111 186 42 111 111 111
1 14 1 111 185 186 20 59 59 59 42 111 185 111 185 111
1 25 31 1 42 123 59 59 59 59 42 111 185 111 186 1 42 111 111 111 111 187 59 59 42 111 111
1 13 31 99 20 59 20 59 59 42 111 186 1 42 111
1 6 1 111 111 111 186 1
1 23 31 186 1 42 117 189 112 59 20 234 279 112 59 59 42 111 185 111 186 1 44 1 44
1 9 31 1 42 111 111 111 186 1 111
1 5 1 111 187 59 20
1 23 31 1 42 111 185 111 185 111 111 185 186 42 111 111 111 185 234 279 59 20 59 59 134
1 7 185 111 111 111 185 186 239
1 29 31 1 46 112 59 59 20 234 279 59 59 42 111 45 59 59 42 117 189 112 59 59 42 111 111 111 185 111 111
1 10 16 53 59 118 118 59 135 59 118 190
1 20 31 1 42 111 111 186 1 111 111 186 20 234 135 59 136 59 42 111 111 111
1 9 31 186 1 111 185 111 185 111 185
1 6 1 111 185 111 111 188
1 23 31 234 279 59 42 111 111 185 111 135 59 59 20 234 112 20 234 279 59 59 59 59 59
1 4 1 111 186 1
1 25 31 1 111 185 6 1 42 111 185 111 111 185 186 42 111 111 185 111 185 111 111 185 111 111 111
1 19 1 42 112 59 20 59 59 238 1 43 112 20 59 59 42 112 112 20 59
1 6 21 85 161 215 260 293
1 5 21 85 159 128 195
1 6 8 61 53 59 42 44
1 5 3 127 193 5 51
1 5 1 42 111 185 238
1 4 3 49 130 199
1 7 3 128 196 245 59 42 115
1 4 1 42 111 185
1 8 3 48 127 193 5 59 42 6
1 4 3 48 127 193
1 4 1 42 6 118
1 4 1 42 111 185
1 8 3 49 16 53 59 42 111 185
1 4 1 42 111 185
1 4 1 42 111 44
1 5 38 107 272 59 42
1 4 1 42 111 185
1 4 1 42 111 185
1 3 44 1 42
1 9 6 1 53 59 42 120 59 42 6
1 8 3 49 130 53 238 1 42 6
1 3 1 42 6
1 4 1 42 6 57
1 4 1 42 44 125
1 17 11 139 202 248 284 321 329 341 354 59 42 111 185 6 56 133 201
1 3 10 64 141
1 3 44 125 192
1 3 44 125 192
1 4 1 42 44 125
1 6 3 49 130 1 42 6
1 5 44 1 44 6 56
1 10 10 63 139 203 250 285 309 320 328 338
1 16 3 50 131 200 247 283 308 286 310 321 329 341 354 53 59 42
1 13 10 63 139 203 249 283 308 286 310 321 329 341 354
1 12 10 63 139 203 250 285 309 320 328 337 346 361
1 3 185 111 185
1 8 35 104 180 231 277 55 59 42
1 7 34 102 178 230 275 305 318
1 3 8 60 137
1 3 15 78 153
1 4 1 42 111 185
1 3 27 94 170
