536 453
1 3 1 46 124
1 6 3 50 131 213 131 213
1 13 4 57 151 63 91 50 132 217 146 91 50 131 213
1 8 213 279 332 91 50 133 219 286
1 6 3 50 131 213 131 213
1 6 3 50 131 213 131 213
1 8 8 70 91 50 131 213 131 213
1 6 3 50 131 213 131 213
1 9 4 57 151 3 50 131 213 131 213
1 8 3 50 131 213 131 213 131 213
1 8 3 50 131 213 131 213 131 213
1 6 3 50 131 213 131 213
1 11 4 57 151 63 91 50 6 3 50 131 213
1 3 4 57 151
1 3 3 50 6
1 5 9 71 91 50 134
1 4 10 423 434 445
1 3 3 50 6
1 6 4 59 154 91 50 135
1 4 5 91 50 135
1 4 3 50 131 213
1 3 3 50 136
1 6 4 57 151 3 50 137
1 13 12 76 165 238 294 336 369 388 403 415 423 434 444
1 15 12 76 165 238 294 336 369 388 403 415 426 151 3 50 235
1 14 12 76 165 238 294 336 369 388 403 415 427 5 91 50
1 4 3 50 131 213
1 4 3 50 131 213
1 4 3 50 131 213
1 10 16 86 176 252 347 379 395 407 418 429
1 6 3 50 131 213 131 213
1 6 3 50 131 213 131 213
1 6 3 50 131 213 131 213
1 6 3 50 131 213 131 213
1 6 3 50 131 213 131 213
1 6 3 50 131 213 131 213
1 20 12 76 165 238 294 296 388 403 415 424 437 20 278 330 278 331 366 64 91 50
1 8 3 50 131 213 131 213 131 213
1 6 3 50 131 213 131 213
1 8 3 50 131 213 131 213 131 213
1 7 6 3 50 7 68 161 235
1 4 3 50 131 213
1 4 3 50 131 213
1 6 6 3 50 131 213 6
1 4 3 50 131 213
1 4 3 50 131 213
1 5 21 95 3 50 134
1 5 21 95 184 255 308
1 4 3 50 131 213
1 8 6 64 91 50 6 64 91 50
1 4 10 423 434 445
1 3 6 3 50
1 3 3 50 136
1 4 3 50 131 213
1 4 3 50 131 213
1 3 3 49 213
1 4 3 50 131 213
1 5 13 165 296 338 371
1 3 11 75 164
1 3 6 3 50
1 3 3 50 235
1 3 3 50 235
1 3 3 50 6
1 3 3 50 6
1 3 6 3 50
1 3 7 67 160
1 3 3 49 213
1 11 12 76 166 243 297 342 376 73 163 91 50
1 5 165 239 296 339 372
1 6 165 239 296 338 371 390
1 11 12 76 165 296 339 244 298 343 377 393 405
1 7 19 90 179 91 73 254 306
1 3 22 97 187
1 3 18 89 178
1 14 13 79 169 245 299 344 378 394 406 417 428 63 91 50
1 6 23 98 188 257 310 352
1 9 13 165 241 239 296 340 374 392 404
1 13 24 100 190 259 312 354 381 397 409 343 343 343 343
1 10 25 101 191 260 313 355 307 135 91 50
1 7 12 78 168 239 296 339 372
1 5 165 239 296 341 375
1 12 12 76 165 242 296 339 373 244 298 343 343 343
1 3 52 52 52
1 3 3 49 213
1 3 28 3 50
1 9 10 72 316 357 383 132 91 50 6
1 7 13 79 169 244 298 343 377
1 7 165 241 239 296 339 373 391
1 6 29 105 196 263 316 146
1 6 29 105 196 263 318 358
1 6 29 105 196 263 318 358
1 6 29 105 196 263 318 358
1 6 29 105 196 263 318 358
1 6 29 105 196 263 318 358
1 6 29 105 196 263 318 358
1 6 29 105 196 263 318 358
1 5 29 105 196 263 317
1 6 29 105 196 263 318 358
1 6 29 105 196 263 318 358
1 6 29 105 196 265 319 359
1 6 29 105 196 265 319 359
1 7 29 105 197 266 146 91 50
1 4 13 82 170 246
1 6 29 105 196 265 319 359
1 3 26 102 192
1 5 29 105 196 265 319
1 5 29 105 196 265 319
1 5 29 105 196 265 319
1 3 1 46 124
1 7 6 63 91 50 131 213 6
1 6 31 91 50 135 91 50
1 4 3 50 131 213
1 5 21 95 185 254 306
1 5 21 95 185 254 306
1 9 4 57 151 147 91 50 136 220 287
1 4 3 50 131 213
1 5 21 95 3 50 134
1 4 21 92 330 278
1 3 10 423 434
1 4 10 423 434 445
1 5 32 91 50 6 63
1 6 7 68 196 265 319 359
1 6 7 68 196 265 319 359
1 6 7 68 196 265 319 359
1 5 4 57 151 3 50
1 4 4 57 150 226
1 7 4 57 151 227 289 333 367
1 5 4 57 151 3 50
1 6 7 68 196 265 320 360
1 6 7 68 196 265 319 359
1 6 7 68 196 265 319 359
1 6 7 68 196 265 319 359
1 6 7 68 196 265 319 359
1 6 7 68 196 265 319 359
1 6 7 68 196 265 319 359
1 10 6 426 439 63 91 50 131 213 131 213
1 8 3 50 131 213 131 213 131 213
1 8 3 50 131 213 131 213 131 213
1 8 3 50 131 213 131 213 131 213
1 8 3 50 131 213 131 213 131 213
1 11 6 3 50 6 3 50 6 3 50 131 213
1 8 3 50 131 213 131 213 131 213
1 8 3 50 131 213 131 213 131 213
1 8 3 50 131 213 131 213 131 213
1 10 6 426 439 63 91 50 131 213 131 213
1 14 6 3 50 6 139 91 50 131 213 6 3 50 131 213
1 4 26 91 50 6
1 4 1 91 50 135
1 4 4 61 156 232
1 5 21 95 185 254 307
1 3 26 102 193
1 5 21 95 184 254 307
1 3 4 57 151
1 5 4 57 151 3 50
1 10 6 3 52 6 3 50 131 213 131 213
1 3 4 57 151
1 5 4 57 151 3 50
1 10 6 3 52 6 3 50 138 49 3 50
1 10 3 52 3 50 138 49 3 50 131 213
1 13 6 3 52 6 3 50 131 213 131 49 213 131 213
1 12 3 52 3 50 138 49 3 50 131 213 131 213
1 10 3 52 3 50 138 49 3 50 131 213
1 10 3 52 3 50 138 49 3 50 131 213
1 10 3 52 3 50 138 49 3 50 131 213
1 11 3 52 3 50 131 49 213 121 211 91 50
1 12 3 49 3 52 145 91 20 91 91 50 131 213
1 13 6 3 52 6 3 50 131 213 131 49 213 131 213
1 6 4 57 151 3 52 6
1 4 52 3 52 135
1 4 28 3 50 6
1 6 3 50 131 213 131 213
1 8 3 50 139 91 50 6 3 50
1 4 3 50 131 213
1 8 3 50 131 213 131 52 3 50
1 8 3 50 131 213 131 52 3 50
1 10 3 50 131 213 131 213 131 213 131 213
1 4 3 50 131 213
1 4 3 50 131 213
1 8 3 52 146 91 50 6 3 50
1 4 3 52 3 50
1 6 3 52 6 63 91 50
1 6 6 3 50 131 213 6
1 3 1 45 123
1 3 21 94 183
1 4 21 95 3 50
1 3 26 91 50
1 14 95 3 50 131 213 266 146 91 50 131 213 138 215 283
1 5 2 2 91 50 130
1 7 3 50 131 213 131 213 282
1 6 3 50 131 213 131 213
1 6 3 50 131 213 131 213
1 6 3 50 131 213 131 213
1 11 3 50 139 91 50 131 213 131 213 131 213
1 6 3 50 131 213 131 213
1 6 3 50 131 213 131 213
1 6 3 50 131 213 131 213
1 12 95 3 50 139 91 50 131 213 131 213 131 213
1 6 3 50 131 213 131 213
1 3 3 50 139
1 4 7 69 162 236
1 3 1 46 124
1 3 3 50 6
1 3 3 50 134
1 4 26 91 50 6
1 3 3 50 135
1 3 3 50 136
1 4 28 3 50 6
1 8 7 68 63 91 50 131 213 6
1 11 6 426 439 279 332 91 50 131 213 131 213
1 11 6 3 50 7 68 161 235 3 50 131 213
1 10 3 50 7 68 161 235 3 50 131 213
1 14 6 3 51 144 224 288 64 91 50 131 213 131 213 6
1 10 3 50 7 68 161 235 3 50 131 213
1 10 3 50 7 68 161 235 3 50 131 213
1 8 7 68 161 235 3 50 131 213
1 4 10 423 434 445
1 5 28 3 50 131 213
1 4 34 110 200 268
1 10 7 68 147 91 50 131 213 131 213 281
1 10 7 68 63 91 50 131 213 131 213 6
1 9 7 68 92 330 278 330 91 50 134
1 10 3 50 7 68 161 235 3 50 131 213
1 10 3 50 7 68 161 235 3 50 131 213
1 11 3 49 213 279 332 91 50 131 213 131 213
1 10 3 50 7 68 161 235 3 50 131 213
1 10 7 68 135 91 50 131 213 131 213 280
1 13 6 3 50 7 68 63 91 50 131 213 131 213 6
1 8 7 68 161 235 3 50 131 213
1 14 12 76 165 238 294 336 369 388 403 415 423 434 445 451
1 14 12 76 165 238 294 336 369 388 403 415 423 434 445 451
1 12 35 111 201 269 322 362 270 323 363 385 400 412
1 6 3 50 131 213 131 213
1 6 3 50 131 213 131 213
1 8 3 50 131 213 131 213 131 213
1 4 3 50 131 213
1 4 3 50 131 213
1 6 3 50 131 213 131 213
1 8 3 50 131 213 131 213 131 213
1 6 3 50 131 213 131 213
1 7 2 91 50 131 213 131 213
1 4 3 50 131 213
1 6 13 15 2 91 50 6
1 12 23 99 189 258 311 353 380 396 408 419 430 441
1 14 12 76 165 238 294 336 369 388 403 415 423 434 445 451
1 14 12 76 165 238 294 336 369 388 403 415 423 434 445 451
1 12 37 116 206 273 326 364 386 401 413 421 432 442
1 14 12 76 165 238 294 336 369 388 403 415 423 434 445 451
1 14 12 76 165 238 294 336 369 388 403 415 423 434 445 451
1 11 27 104 195 262 315 356 382 398 410 420 431
1 3 52 52 52
1 13 39 16 86 176 252 304 347 379 395 407 92 330 278
1 14 12 76 165 238 294 336 369 388 403 415 423 434 445 451
1 12 12 76 165 238 294 296 388 403 415 423 436 447
1 11 13 165 238 294 336 369 388 403 415 425 438
1 14 12 76 165 238 294 336 369 388 403 415 423 434 445 451
1 14 12 76 165 238 294 336 369 388 403 415 423 434 445 451
1 12 12 76 165 238 294 296 388 403 415 423 436 447
1 6 13 15 2 91 50 6
1 12 23 99 189 258 311 353 380 396 408 419 430 441
1 11 13 165 239 296 388 403 415 423 434 445 451
1 5 27 103 194 261 314
1 5 38 117 207 274 327
1 8 16 87 347 379 395 92 330 278
1 4 17 88 177 253
1 4 3 50 131 213
1 4 3 50 131 213
1 4 3 50 131 213
1 4 3 50 131 213
1 4 3 50 131 213
1 16 12 76 165 238 294 336 369 388 403 415 439 63 157 233 292 334
1 4 3 50 131 213
1 16 12 76 165 238 294 336 369 388 403 415 439 63 157 233 292 334
1 4 3 50 131 213
1 3 3 49 3
1 3 1 46 124
1 25 3 54 423 434 445 91 73 163 91 50 140 63 91 50 140 63 91 50 131 213 6 145 91 73 163
1 5 10 73 254 307 350
1 4 28 3 50 6
1 3 10 73 163
1 5 32 108 63 91 50
1 9 52 147 91 50 136 73 254 307 350
1 11 21 95 186 185 254 306 349 145 91 73 163
1 4 21 185 254 306
1 13 52 135 91 50 140 135 91 50 135 73 254 307 350
1 13 6 3 50 6 3 50 131 213 6 145 91 73 163
1 28 20 91 50 131 216 285 73 163 91 63 91 50 33 109 146 91 50 33 109 146 64 91 50 7 145 91 73 163
1 9 21 95 184 254 306 92 330 108 199
1 5 21 95 184 254 306
1 19 3 54 423 434 443 52 3 50 131 213 52 3 50 140 423 434 443 449 453
1 20 3 54 423 434 443 450 52 3 50 131 213 52 3 50 140 423 434 443 52 52
1 17 3 54 423 434 443 52 3 50 140 423 434 446 91 50 131 52 52
1 19 3 54 423 434 443 52 3 53 91 50 140 423 434 446 91 50 131 213 52
1 20 3 54 423 434 443 450 52 3 50 131 213 52 3 50 140 423 434 443 52 52
1 22 3 54 423 434 443 450 52 52 3 50 131 213 131 52 3 50 140 423 434 443 52 52
1 9 52 3 50 140 423 434 443 52 52
1 9 52 3 50 140 423 434 443 449 453
1 20 3 54 423 434 443 450 52 3 50 131 213 52 3 50 140 423 434 443 52 52
1 20 3 54 423 434 443 450 52 3 50 131 213 52 3 50 140 423 434 443 52 52
1 5 3 50 135 91 50
1 6 21 95 3 50 131 213
1 4 40 139 139 139
1 4 3 50 131 213
1 4 3 50 131 213
1 6 6 3 50 131 213 6
1 4 3 50 131 213
1 4 3 49 3 50
1 3 41 119 209
1 13 12 76 165 238 293 335 368 296 388 403 415 426 151
1 6 14 4 57 254 307 350
1 3 14 4 57
1 11 14 4 57 152 229 290 439 63 91 50 133
1 6 6 3 50 6 3 50
1 6 14 4 57 254 307 135
1 7 14 4 57 135 91 50 235
1 3 14 4 57
1 4 3 50 131 213
1 4 3 50 131 213
1 6 30 106 198 267 321 361
1 3 30 3 50
1 4 3 50 131 213
1 3 30 3 50
1 5 14 4 57 254 306
1 3 3 50 141
1 3 3 50 141
1 3 3 50 141
1 3 3 50 141
1 3 3 50 141
1 4 3 50 131 213
1 4 3 50 131 213
1 4 3 53 91 180
1 3 3 50 141
1 5 21 96 139 91 50
1 3 40 118 208
1 6 3 50 131 213 131 213
1 6 3 50 131 213 131 213
1 16 41 120 210 275 328 365 387 402 414 422 433 211 91 50 131 213
1 8 3 49 3 50 131 213 131 52
1 7 213 278 330 91 50 131 213
1 4 3 50 131 213
1 4 95 139 91 50
1 5 28 278 330 91 50
1 13 13 165 238 294 336 369 388 403 415 424 439 63 91
1 9 43 43 43 43 43 43 43 43 122
1 4 3 50 131 213
1 3 213 277 329
1 13 12 76 165 238 294 336 369 388 403 415 423 434 444
1 4 3 50 131 213
1 3 1 46 124
1 5 196 264 146 91 50
1 6 21 95 332 91 215 284
1 5 95 139 139 139 139
1 4 95 3 50 6
1 3 3 49 213
1 4 3 50 131 213
1 3 3 49 213
1 6 3 50 131 213 131 213
1 4 3 50 131 213
1 5 3 50 131 213 6
1 4 10 423 434 445
1 5 13 80 91 50 135
1 7 196 263 316 357 383 399 411
1 6 196 263 316 146 91 50
1 9 7 68 196 263 316 357 383 399 411
1 7 196 264 146 91 50 131 213
1 5 13 15 85 174 251
1 4 196 265 319 359
1 4 3 50 132 218
1 6 4 57 151 3 50 136
1 8 4 57 151 264 146 91 50 135
1 12 12 76 165 238 294 336 369 388 403 415 426 151
1 5 6 63 91 91 50
1 8 4 57 151 3 50 131 213 6
1 10 13 165 238 294 296 388 403 415 426 151
1 4 165 238 295 337
1 3 13 15 85
1 3 13 15 85
1 4 3 50 131 213
1 4 3 50 131 213
1 7 42 121 211 91 50 131 213
1 4 213 131 49 213
1 4 3 50 131 213
1 7 4 57 151 3 50 131 213
1 10 12 76 165 238 294 336 369 388 403 416
1 12 12 76 165 238 294 336 369 388 403 415 426 151
1 4 13 15 85 175
1 5 15 84 172 248 301
1 6 15 84 172 248 301 345
1 6 15 85 173 248 301 345
1 3 1 47 125
1 3 15 85 175
1 3 1 47 125
1 3 15 85 175
1 6 15 84 172 248 301 345
1 4 36 115 205 272
1 12 12 76 165 238 294 336 369 388 403 415 426 151
1 12 12 76 165 238 294 336 369 388 403 415 426 151
1 4 13 15 85 175
1 4 15 85 173 249
1 6 15 85 173 250 303 346
1 5 15 84 172 247 300
1 5 15 85 173 249 302
1 5 15 84 172 247 300
1 6 15 84 172 248 301 345
1 3 4 57 151
1 12 12 76 165 238 294 336 369 388 403 415 426 151
1 3 32 91 50
1 14 12 76 165 238 294 336 369 388 403 415 426 439 63 157
1 10 39 16 86 176 252 304 347 379 395 407
1 15 12 76 165 238 293 335 368 296 388 403 415 426 151 3 50
1 5 36 114 204 271 324
1 8 3 50 131 213 131 213 131 213
1 3 20 91 50
1 6 4 5 91 50 131 213
1 3 14 83 171
1 3 3 49 213
1 6 14 4 57 151 3 50
1 5 2 2 2 2 2
1 3 36 113 203
1 3 3 50 142
1 5 13 81 63 91 50
1 5 13 81 63 91 50
1 3 41 119 209
1 3 6 3 53
1 3 3 49 213
1 3 21 91 50
1 3 21 93 182
1 3 1 46 124
1 6 21 91 50 131 49 3
1 5 21 91 50 131 49
1 15 30 3 50 138 49 128 145 91 91 91 91 50 131 213 138
1 14 3 49 213 278 330 91 50 131 49 213 131 49 3 49
1 25 30 3 50 138 235 3 52 3 49 213 138 49 213 131 49 213 278 330 91 91 91 91 50 138 49
1 10 30 3 49 138 49 138 49 3 50 235
1 7 6 426 91 50 131 49 129
1 28 30 3 50 131 213 131 214 278 143 91 20 278 330 278 20 91 50 131 213 131 49 181 91 91 20 91 50 131
1 14 3 49 213 52 3 49 213 278 330 91 91 91 91 50
1 3 3 49 3
1 22 30 3 50 131 213 131 215 91 20 91 91 91 91 20 278 330 91 50 131 49 3 49
1 15 3 49 138 49 3 49 138 235 3 50 138 235 3 138 235
1 23 30 278 330 278 278 330 91 44 91 91 91 73 20 278 330 20 91 50 131 214 91 91 91
1 15 3 49 3 49 3 49 138 49 213 131 215 91 50 138 49
1 21 30 3 50 131 49 138 49 213 131 49 3 138 235 3 50 131 49 213 131 49 3
1 11 30 107 91 91 50 131 49 3 49 3 49
1 4 3 49 213 138
1 7 21 95 186 185 254 305 348
1 3 21 91 91
1 14 30 3 50 138 127 212 276 330 278 330 91 91 44 91
1 15 44 91 50 131 214 91 50 131 49 213 131 213 131 49 138
1 22 30 138 49 213 131 213 131 214 91 215 91 91 91 50 131 213 131 49 3 49 3 49
1 11 30 107 20 91 50 131 52 3 50 131 49
1 6 6 3 49 3 138 49
1 26 30 278 330 91 44 20 91 91 91 91 91 50 131 49 3 50 131 49 33 109 146 64 158 20 91 44
1 9 30 3 49 3 49 213 131 49 3
1 5 6 3 49 3 138
1 25 30 138 215 91 91 44 91 50 131 213 131 49 213 138 20 278 330 91 91 181 91 91 91 91 50
1 11 30 138 49 3 49 3 49 138 49 3 49
1 5 213 131 49 3 55
1 23 30 138 235 3 50 131 49 3 50 131 213 138 49 3 50 138 49 3 138 235 3 49 3
1 14 3 49 213 138 20 91 91 91 50 131 213 131 213 131
1 25 30 3 50 143 91 91 91 91 50 131 213 131 214 91 50 131 49 3 49 127 212 91 50 131 49
1 13 30 107 20 91 20 91 91 50 131 214 91 50 131
1 6 3 49 3 49 138 49
1 23 30 138 49 213 138 49 213 131 214 278 330 278 330 91 50 131 213 131 214 91 73 254 307
1 9 30 3 50 131 49 3 138 49 3
1 5 3 49 127 212 276
1 23 30 3 50 131 213 131 213 131 49 213 138 235 3 49 3 50 235 3 49 138 49 3 54
1 10 30 138 49 3 50 131 49 3 50 138
1 7 213 131 49 3 50 138 221
1 29 30 3 54 278 330 91 20 278 330 91 91 50 131 215 91 91 50 138 49 213 131 49 213 131 49 3 50 131 49
1 10 30 3 50 131 49 3 49 3 49 138
1 10 81 63 91 139 139 91 44 91 139 222
1 20 30 3 50 131 49 138 49 3 49 138 20 278 44 91 181 91 50 131 49 3
1 9 30 138 49 3 50 131 213 131 213
1 6 3 49 213 131 49 129
1 23 30 278 330 91 50 131 49 213 131 44 91 91 20 278 278 20 278 330 91 91 91 91 91
1 12 30 3 138 49 3 53 145 91 91 20 91 20
1 4 3 49 138 49
1 25 30 3 49 213 6 3 50 131 213 131 49 213 138 235 3 49 213 131 213 131 49 213 131 49 3
1 19 3 50 235 3 138 49 3 52 3 138 235 20 91 91 50 235 278 20 91
1 6 21 95 186 256 309 351
1 5 21 95 184 254 306
1 6 10 74 63 91 50 140
1 5 4 153 230 5 62
1 5 21 95 185 254 306
1 3 3 56 149
1 10 4 57 151 278 330 278 330 108 63 446
1 3 4 57 151
1 5 3 50 131 213 52
1 4 4 57 151 228
1 7 4 254 307 135 91 50 135
1 4 3 53 148 225
1 4 3 50 131 213
1 8 4 58 153 230 5 91 50 6
1 4 4 58 153 230
1 4 3 50 6 139
1 4 3 50 131 213
1 3 3 52 145
1 8 4 57 81 63 91 50 131 213
1 4 3 50 131 213
1 4 3 50 131 52
1 5 33 109 146 91 50
1 3 52 3 50
1 4 3 50 131 213
1 4 3 50 131 213
1 4 3 52 3 50
1 3 52 3 50
1 9 6 3 63 91 50 132 91 50 6
1 8 4 57 151 63 446 91 50 6
1 3 3 50 6
1 4 3 50 6 66
1 4 3 50 140 223
1 17 13 165 237 239 296 338 370 389 5 91 50 131 213 6 65 159 234
1 3 12 77 167
1 3 52 52 52
1 3 52 52 52
1 4 3 50 140 223
1 7 213 52 6 426 440 448 452
1 6 4 57 151 3 50 6
1 11 24 27 104 195 262 315 356 382 398 410 420
1 3 3 50 6
1 4 52 146 91 50
1 5 52 3 52 6 65
1 6 4 57 151 3 50 135
1 10 12 76 165 238 294 336 369 388 403 416
1 16 4 60 155 231 291 335 368 296 388 403 415 426 151 63 91 50
1 13 12 76 165 238 293 335 368 296 388 403 415 426 151
1 12 12 76 165 238 294 336 369 388 403 415 423 435
1 3 213 131 213
1 8 36 114 204 271 325 64 91 50
1 7 35 112 202 270 323 363 384
1 3 10 73 163
1 3 13 165 240
1 3 4 57 151
1 3 1 48 126
1 4 3 50 131 213
1 3 26 102 193
