441 413
1 3 1 44 123
1 13 3 47 126 54 91 57 6 64 65 91 57 137 212
1 8 212 274 6 91 57 139 214 279
1 6 5 57 137 212 137 212
1 6 5 57 137 212 137 212
1 8 8 69 91 57 137 212 137 212
1 6 5 57 137 212 137 212
1 9 3 47 126 5 57 137 212 137 212
1 8 5 57 137 212 137 212 137 212
1 8 5 57 137 212 137 212 137 212
1 3 5 57 4
1 5 9 70 91 57 140
1 4 10 153 221 4
1 3 5 57 4
1 6 3 50 131 91 57 141
1 4 394 91 57 141
1 4 5 57 137 212
1 3 5 57 142
1 6 3 47 126 5 57 143
1 13 12 75 159 226 287 320 344 357 367 377 389 403 409
1 15 12 75 159 226 287 320 344 357 367 377 390 126 5 57 138
1 14 12 75 159 226 287 320 344 357 367 377 391 394 91 57
1 4 5 57 137 212
1 4 5 57 137 212
1 10 16 86 169 243 170 244 300 70 91 57
1 6 5 57 137 212 137 212
1 6 5 57 137 212 137 212
1 6 5 57 137 212 137 212
1 6 5 57 137 212 137 212
1 6 5 57 137 212 137 212
1 20 12 75 159 226 287 321 345 358 368 379 392 174 105 91 57 4 5 58 146 218
1 8 5 57 137 212 137 212 137 212
1 6 5 57 137 212 137 212
1 8 5 57 137 212 137 212 137 212
1 7 4 5 57 7 67 153 221
1 4 5 57 137 212
1 4 5 57 137 212
1 4 5 57 137 212
1 5 21 94 5 57 140
1 4 5 57 137 212
1 4 10 153 221 4
1 3 4 5 57
1 3 5 57 142
1 4 5 57 137 212
1 4 5 57 137 212
1 3 5 137 212
1 4 5 57 137 212
1 3 11 74 158
1 3 4 5 57
1 3 5 57 138
1 3 5 57 138
1 3 5 57 4
1 3 5 57 4
1 3 4 5 57
1 3 5 137 212
1 5 14 82 164 235 291
1 6 14 82 164 234 290 325
1 11 12 75 159 228 288 323 346 359 369 382 395
1 7 19 90 173 91 175 91 57
1 3 22 96 182
1 3 18 89 172
1 14 13 77 161 231 289 324 347 360 370 383 396 54 91 57
1 6 23 97 183 251 303 332
1 9 13 159 83 82 164 236 293 327 348
1 13 24 99 185 253 305 334 350 362 372 359 359 359 359
1 10 25 101 187 255 307 336 130 141 91 57
1 5 14 82 164 237 294
1 12 12 75 159 230 164 235 292 323 346 359 359 359
1 3 59 59 59
1 3 5 137 212
1 9 10 71 156 225 286 6 91 57 4
1 7 14 83 82 164 235 292 326
1 6 27 104 67 153 221 283
1 6 27 104 67 153 222 284
1 6 27 104 67 153 222 284
1 6 27 104 67 153 222 284
1 6 27 104 67 153 222 284
1 6 27 104 67 153 222 284
1 6 27 104 67 153 222 284
1 6 27 104 67 153 222 284
1 6 27 104 67 154 223 285
1 6 27 104 67 154 223 285
1 4 13 80 162 232
1 3 26 103 189
1 5 27 104 67 154 223
1 5 27 104 67 154 223
1 3 1 44 123
1 7 4 54 91 57 137 212 273
1 6 29 91 57 141 91 57
1 9 3 47 126 148 91 57 142 216 281
1 4 5 57 137 212
1 5 21 94 5 57 140
1 4 21 180 91 57
1 3 10 153 221
1 4 10 153 221 4
1 5 30 91 57 4 54
1 6 7 67 67 154 223 285
1 6 7 67 67 154 223 285
1 6 7 67 67 154 223 285
1 5 3 47 126 5 57
1 4 3 47 127 206
1 7 3 47 126 204 267 316 343
1 5 3 47 126 5 57
1 6 7 67 67 154 223 285
1 6 7 67 67 154 223 285
1 6 7 67 67 154 223 285
1 6 7 67 67 154 223 285
1 10 4 390 404 54 91 57 137 212 137 212
1 8 5 57 137 212 137 212 137 212
1 8 5 57 137 212 137 212 137 212
1 8 5 57 137 212 137 212 137 212
1 8 5 57 137 212 137 212 137 212
1 11 4 5 57 4 5 57 4 5 57 137 212
1 8 5 57 137 212 137 212 137 212
1 8 5 57 137 212 137 212 137 212
1 8 5 57 137 212 137 212 137 212
1 10 4 390 404 54 91 57 137 212 137 212
1 14 4 5 57 4 144 91 57 137 212 273 91 57 137 212
1 4 26 102 188 256
1 4 3 53 134 210
1 3 26 103 190
1 5 21 94 180 91 175
1 3 3 47 126
1 5 3 47 126 5 57
1 3 3 47 126
1 5 3 47 126 5 57
1 10 5 59 5 57 106 192 5 57 137 212
1 13 4 5 59 4 5 57 137 212 137 5 57 137 212
1 10 5 59 5 57 106 192 5 57 137 212
1 10 5 59 5 57 106 192 5 57 137 212
1 11 5 59 5 57 137 5 57 120 203 91 57
1 12 5 137 5 59 105 91 174 91 91 57 137 212
1 6 3 47 126 5 59 4
1 4 59 5 59 141
1 4 31 102 188 256
1 8 5 57 144 91 57 4 5 57
1 4 5 57 137 212
1 8 5 57 137 212 137 59 5 57
1 8 5 57 137 212 137 59 5 57
1 10 5 57 137 212 137 212 137 212 137 212
1 4 5 57 137 212
1 8 5 59 65 91 57 4 5 57
1 4 5 59 5 57
1 6 5 59 4 54 91 57
1 6 4 5 57 137 212 273
1 3 1 43 122
1 3 21 93 178
1 4 21 94 5 57
1 3 26 102 188
1 14 94 5 57 137 212 272 65 91 57 137 212 106 60 149
1 5 2 2 91 57 136
1 7 5 57 137 212 137 212 277
1 6 5 57 137 212 137 212
1 6 5 57 137 212 137 212
1 11 5 57 144 91 57 137 212 137 212 137 212
1 6 5 57 137 212 137 212
1 6 5 57 137 212 137 212
1 6 5 57 137 212 137 212
1 12 94 5 57 144 91 57 137 212 137 212 137 212
1 6 5 57 137 212 137 212
1 3 5 57 144
1 4 7 68 155 224
1 3 1 44 123
1 3 5 57 140
1 4 26 102 188 256
1 3 5 57 141
1 3 5 57 142
1 4 31 102 188 256
1 11 4 390 404 274 6 91 57 137 212 137 212
1 11 4 5 57 7 67 153 221 5 57 137 212
1 10 5 57 7 67 153 221 5 57 137 212
1 14 4 5 58 147 219 282 340 91 57 137 212 137 212 273
1 10 5 57 7 67 153 221 5 57 137 212
1 8 7 67 153 221 5 57 137 212
1 4 10 153 221 4
1 4 33 111 194 259
1 10 7 67 148 91 57 137 212 137 212 276
1 10 7 67 54 91 57 137 212 137 212 273
1 9 7 67 180 91 57 137 5 57 140
1 10 5 57 7 67 153 221 5 57 137 212
1 11 5 137 212 274 6 91 57 137 212 137 212
1 10 5 57 7 67 153 221 5 57 137 212
1 10 7 67 141 91 57 137 212 137 212 275
1 13 4 5 57 7 67 54 91 57 137 212 137 212 273
1 8 7 67 153 221 5 57 137 212
1 14 12 75 159 226 287 320 344 357 367 377 389 403 410 412
1 12 34 112 195 260 309 338 261 310 339 353 364 374
1 6 5 57 137 212 137 212
1 6 5 57 137 212 137 212
1 4 5 57 137 212
1 4 5 57 137 212
1 6 5 57 137 212 137 212
1 8 5 57 137 212 137 212 137 212
1 6 5 57 137 212 137 212
1 7 2 91 57 137 212 137 212
1 4 5 57 137 212
1 6 13 15 2 91 57 4
1 14 12 75 159 226 287 320 344 357 367 377 389 403 410 412
1 12 36 116 199 264 313 341 355 365 375 386 399 408
1 14 12 75 159 226 287 320 344 357 367 377 389 403 410 412
1 14 12 75 159 226 287 320 344 357 367 377 389 403 410 412
1 3 59 59 59
1 13 37 16 86 169 243 299 170 244 300 70 180 91 57
1 12 12 75 159 226 287 321 345 358 368 380 393 406
1 11 13 159 226 287 320 344 357 367 377 388 401
1 14 12 75 159 226 287 320 344 357 367 377 389 403 410 412
1 14 12 75 159 226 287 320 344 357 367 377 389 403 410 412
1 12 12 75 159 226 287 321 345 358 368 380 393 406
1 6 13 15 2 91 57 4
1 12 23 98 184 252 304 333 349 361 371 384 397 407
1 11 13 159 227 321 345 358 368 380 404 54 135
1 5 38 117 200 265 314
1 8 16 87 170 244 300 180 91 57
1 4 17 88 171 245
1 4 5 57 137 212
1 4 5 57 137 212
1 4 5 57 137 212
1 4 5 57 137 212
1 16 12 75 159 226 287 320 344 357 367 377 404 54 135 211 270 317
1 4 5 57 137 212
1 16 12 75 159 226 287 320 344 357 367 377 404 54 135 211 270 317
1 4 5 57 137 212
1 3 5 137 5
1 3 1 44 123
1 25 5 61 153 221 4 5 59 4 5 57 59 4 5 57 59 4 5 57 137 212 273 105 91 175 246
1 5 10 72 91 175 246
1 4 31 102 188 256
1 3 10 72 157
1 5 30 109 54 91 57
1 9 59 148 91 57 142 72 91 175 246
1 11 21 94 181 250 91 57 143 105 91 175 246
1 4 21 250 91 57
1 13 59 141 91 57 59 141 91 57 141 72 91 175 246
1 13 4 5 57 4 5 57 137 212 273 105 91 175 246
1 28 20 91 57 137 213 278 109 54 91 54 91 57 32 110 65 91 57 32 110 65 340 91 57 7 105 91 175 246
1 9 21 94 180 91 57 140 215 280 319
1 20 5 61 153 221 5 61 59 5 57 137 212 59 5 57 59 5 57 137 59 59
1 17 5 61 153 221 5 59 5 57 59 5 57 59 5 57 137 59 59
1 19 5 61 153 221 5 59 5 60 91 57 59 5 57 59 5 57 137 212 59
1 20 5 61 153 221 5 61 59 5 57 137 212 59 5 57 59 5 57 137 59 59
1 22 5 61 153 221 5 61 59 59 5 57 137 212 137 59 5 57 59 5 57 137 59 59
1 9 59 5 57 59 5 57 137 212 59
1 20 5 61 153 221 5 61 59 5 57 137 212 59 5 57 59 5 57 137 59 59
1 20 5 61 153 221 5 61 59 5 57 137 212 59 5 57 59 5 57 137 59 59
1 5 5 57 141 91 57
1 6 21 94 5 57 137 212
1 4 5 57 137 212
1 4 5 57 137 212
1 4 5 57 137 212
1 4 5 137 5 57
1 3 39 118 201
1 13 12 75 159 226 3 52 133 321 345 358 368 381 394
1 3 226 3 47
1 11 226 3 47 128 207 268 404 54 91 57 139
1 6 4 5 57 4 5 57
1 6 226 3 47 49 130 141
1 7 226 3 47 141 91 57 138
1 3 226 3 47
1 4 5 57 137 212
1 4 5 57 137 212
1 6 28 107 193 258 308 337
1 3 28 137 212
1 4 5 57 137 212
1 3 28 137 212
1 3 5 57 145
1 3 5 57 145
1 3 5 57 145
1 3 5 57 145
1 3 5 57 145
1 4 5 57 137 212
1 4 5 57 137 212
1 4 5 60 91 213
1 3 5 57 145
1 5 21 95 144 91 57
1 6 5 57 137 212 137 212
1 16 39 119 202 266 315 342 356 366 376 387 400 203 91 57 137 212
1 7 212 105 91 91 57 137 212
1 4 5 57 137 212
1 4 94 144 91 57
1 9 41 41 41 41 41 41 41 41 121
1 4 5 57 137 212
1 3 212 271 318
1 13 12 75 159 226 287 320 344 357 367 377 389 403 409
1 4 5 57 137 212
1 3 1 44 123
1 6 21 94 179 248 301 330
1 5 94 144 144 144 144
1 4 94 5 57 4
1 3 5 137 212
1 4 5 57 137 212
1 3 5 137 212
1 6 5 57 137 212 137 212
1 4 5 57 137 212
1 4 10 153 221 4
1 5 13 78 91 57 141
1 7 6 91 57 6 91 175 247
1 6 6 91 57 7 66 152
1 9 7 67 67 153 221 6 91 175 247
1 5 13 15 85 167 242
1 4 6 65 91 57
1 4 5 57 6 65
1 6 3 47 126 5 57 142
1 8 3 47 126 6 65 91 57 141
1 5 4 54 91 91 57
1 8 3 47 126 5 57 137 212 273
1 10 13 159 226 287 321 345 358 368 381 394
1 4 14 81 163 233
1 3 13 15 85
1 3 13 15 85
1 4 5 57 137 212
1 7 40 120 203 91 57 137 212
1 4 212 137 5 57
1 4 5 57 137 212
1 7 3 47 126 5 57 137 212
1 10 12 75 159 226 287 320 344 357 367 378
1 12 12 75 159 226 287 320 344 357 367 377 390 126
1 4 13 15 85 168
1 5 15 84 165 239 296
1 6 15 84 165 239 296 328
1 3 1 45 124
1 3 15 85 168
1 3 1 45 124
1 3 15 85 168
1 6 15 84 165 239 296 328
1 4 35 115 198 263
1 12 12 75 159 226 287 320 344 357 367 377 390 126
1 12 12 75 159 226 287 320 344 357 367 377 390 126
1 4 15 85 166 240
1 6 15 85 166 241 298 329
1 5 15 84 165 238 295
1 5 15 85 166 240 297
1 5 15 84 165 238 295
1 6 15 84 165 239 296 328
1 3 3 47 126
1 12 12 75 159 226 287 320 344 357 367 377 390 126
1 3 30 91 57
1 14 12 75 159 226 287 320 344 357 367 377 390 404 54 135
1 15 12 75 159 226 3 52 133 321 345 358 368 381 394 91 57
1 5 35 114 197 262 311
1 3 20 91 57
1 6 3 394 91 57 137 212
1 3 226 287 322
1 3 5 137 212
1 6 226 3 47 126 5 57
1 5 2 2 2 2 2
1 5 13 79 54 91 57
1 5 13 79 54 91 57
1 3 39 118 201
1 3 21 91 57
1 3 21 92 177
1 6 21 91 57 137 5 137
1 5 21 91 57 137 5
1 15 28 137 212 106 192 257 105 91 91 91 91 57 137 212 106
1 14 5 137 212 105 91 91 57 137 5 57 137 5 137 5
1 25 28 137 212 106 212 137 59 5 137 212 106 192 105 91 91 57 138 91 91 91 91 91 57 106 192
1 10 28 137 5 106 192 20 91 91 57 138
1 7 4 390 91 57 137 5 62
1 28 28 137 212 137 212 137 106 212 213 91 174 105 91 57 106 192 105 91 57 137 5 63 91 91 174 91 57 137
1 3 5 137 5
1 22 28 137 212 137 212 137 60 91 174 91 91 91 91 174 105 91 91 57 137 5 137 5
1 15 5 137 106 192 5 137 106 212 137 212 106 212 137 106 212
1 23 28 105 91 57 138 91 91 176 91 91 91 175 174 105 91 174 91 57 137 106 192 5 137
1 21 28 137 212 137 5 106 192 105 91 91 91 174 105 91 57 137 5 57 137 5 137
1 11 28 108 91 91 57 137 5 137 5 137 5
1 4 5 137 212 106
1 7 21 94 181 250 91 91 91
1 3 21 91 91
1 14 28 137 212 106 213 91 174 91 57 137 5 137 42 91
1 15 42 91 57 137 106 192 105 91 91 57 137 212 137 5 106
1 22 28 106 192 105 91 57 137 106 192 60 91 91 91 57 137 212 137 5 137 5 137 5
1 11 28 108 20 91 57 137 59 5 57 137 5
1 6 4 5 137 5 106 192
1 26 28 105 91 91 176 20 91 91 91 91 91 57 137 5 137 212 137 5 32 110 65 340 354 20 91 176
1 9 28 137 5 137 5 57 137 5 137
1 5 4 5 137 5 106
1 25 28 106 60 91 91 176 91 57 137 212 137 5 57 106 174 105 91 91 91 63 91 91 91 91 57
1 11 28 106 192 5 137 5 137 106 192 5 137
1 23 28 106 212 137 212 137 5 137 212 137 212 106 192 5 57 106 192 5 106 212 137 5 137
1 14 5 137 212 106 174 91 91 91 57 137 212 137 212 137
1 25 28 137 212 213 91 91 91 91 57 137 212 137 106 192 105 91 91 91 91 213 91 91 57 137 5
1 13 28 108 20 91 174 91 91 57 137 106 192 105 91
1 6 5 137 5 137 106 192
1 9 28 137 212 137 5 137 106 192 5
1 5 5 137 213 91 174
1 23 28 137 212 137 212 137 212 137 5 57 106 212 137 5 137 212 105 91 91 174 91 91 213
1 10 28 106 192 5 57 137 5 137 212 106
1 29 28 137 213 105 91 91 174 105 91 91 91 57 137 60 91 91 57 106 192 105 91 91 57 137 5 137 212 137 5
1 10 28 137 212 137 5 137 5 137 5 106
1 10 79 54 91 144 144 91 176 91 144 217
1 9 28 106 192 5 57 137 212 137 212
1 6 5 137 212 137 5 62
1 23 28 105 91 91 57 137 5 57 137 42 91 91 174 105 191 174 105 91 91 91 91 91 91
1 12 28 137 106 192 5 60 105 91 91 174 91 174
1 25 28 137 5 57 4 5 57 137 212 137 5 57 106 212 137 5 57 137 212 137 5 57 137 5 137
1 19 5 57 138 91 174 91 91 175 91 174 105 20 91 91 57 138 105 20 91
1 6 21 94 181 249 302 331
1 5 21 94 180 91 57
1 6 10 73 54 91 57 59
1 5 21 94 250 91 57
1 3 5 63 151
1 10 3 47 126 105 91 57 137 59 4 55
1 3 3 47 126
1 5 5 57 137 212 59
1 4 3 47 126 205
1 7 3 49 130 141 91 57 141
1 4 5 60 150 220
1 8 3 48 129 208 394 91 57 4
1 4 5 57 137 212
1 3 5 59 105
1 8 3 47 79 54 91 57 137 212
1 4 5 57 137 212
1 4 5 57 137 59
1 5 32 110 65 91 57
1 3 59 5 57
1 4 5 57 137 212
1 4 5 59 5 57
1 3 59 5 57
1 9 4 5 54 91 57 6 91 57 4
1 8 3 47 126 54 72 91 57 4
1 3 5 57 4
1 4 5 57 4 56
1 3 12 76 160
1 3 59 59 59
1 7 212 59 4 390 405 411 413
1 6 3 47 126 5 57 4
1 11 24 100 186 254 306 335 351 363 373 385 398
1 3 5 57 4
1 4 59 65 91 57
1 5 59 5 59 4 55
1 6 3 47 126 5 57 141
1 10 12 75 159 226 287 320 344 357 367 378
1 16 3 51 132 209 269 52 133 321 345 358 368 381 394 54 91 57
1 13 12 75 159 226 3 52 133 321 345 358 368 381 394
1 12 12 75 159 226 287 320 344 357 367 377 389 402
1 8 35 114 197 262 312 340 91 57
1 7 34 113 196 261 310 339 352
1 3 10 72 157
1 3 13 159 229
1 3 3 47 126
1 3 1 46 125
1 3 26 103 190
