420 398
1 3 1 40 110
1 6 3 43 115 186 115 186
1 13 4 50 133 200 80 43 6 64 127 80 43 115 186
1 8 43 7 66 3 43 116 188 248
1 6 3 43 115 186 115 186
1 6 3 43 115 186 115 186
1 8 8 68 80 43 115 186 115 186
1 6 3 43 115 186 115 186
1 9 4 50 133 3 43 115 186 115 186
1 8 3 43 115 186 115 186 115 186
1 6 3 43 115 186 115 186
1 11 4 50 133 200 80 43 5 3 43 115 186
1 3 4 50 133
1 3 3 43 5
1 5 9 69 80 43 117
1 4 10 80 43 5
1 3 3 43 5
1 6 4 53 137 80 43 118
1 4 3 43 115 186
1 3 3 43 119
1 6 4 50 133 3 43 120
1 13 12 73 148 210 260 289 311 328 342 356 367 378 386
1 15 12 73 148 210 260 289 311 328 342 356 371 133 3 43 251
1 4 3 43 115 186
1 4 3 43 115 186
1 10 14 77 154 220 295 318 334 348 361 372
1 6 3 43 115 186 115 186
1 6 3 43 115 186 115 186
1 6 3 43 115 186 115 186
1 6 3 43 115 186 115 186
1 6 3 43 115 186 115 186
1 8 3 43 115 186 115 186 115 186
1 7 5 3 43 7 66 3 43
1 4 3 43 115 186
1 4 3 43 115 186
1 6 5 3 43 115 186 243
1 4 3 43 115 186
1 5 16 83 159 225 268
1 8 5 60 80 43 5 60 80 43
1 3 3 43 119
1 4 3 43 115 186
1 4 3 43 115 186
1 3 3 3 43
1 4 3 43 115 186
1 5 73 148 153 217 264
1 3 11 72 147
1 3 5 3 43
1 3 3 43 251
1 3 3 43 5
1 3 3 43 5
1 3 5 3 43
1 3 7 65 144
1 11 12 73 150 215 263 293 317 103 200 80 43
1 5 13 76 153 218 265
1 6 13 76 153 217 264 294
1 11 12 73 148 153 218 309 371 382 389 394 397
1 14 73 149 287 310 327 341 355 366 377 385 391 200 80 43
1 9 73 148 213 261 291 315 333 347 360
1 13 18 86 162 226 269 296 319 335 349 142 207 259 288
1 10 19 87 163 227 270 297 156 118 80 43
1 7 12 74 13 76 153 218 265
1 5 13 76 153 219 266
1 12 12 73 148 214 262 292 316 309 371 382 390 395
1 3 45 129 198
1 3 3 3 43
1 3 22 80 43
1 9 10 70 273 6 80 6 80 43 5
1 7 73 149 287 309 371 382 389
1 6 23 91 168 230 273 299
1 6 23 91 168 230 275 300
1 6 23 91 168 230 275 300
1 6 23 91 168 230 275 300
1 5 23 91 168 230 274
1 6 23 91 168 230 275 300
1 6 23 91 168 230 275 300
1 6 23 91 168 231 276 301
1 7 23 91 169 232 127 80 43
1 6 23 91 168 231 276 301
1 3 20 88 164
1 5 23 91 168 231 276
1 5 23 91 168 231 276
1 5 23 91 168 231 276
1 3 1 40 110
1 6 25 80 43 118 80 43
1 4 3 43 115 186
1 5 16 83 160 80 43
1 5 16 83 160 80 43
1 9 4 50 133 128 80 43 119 190 250
1 4 3 43 115 186
1 5 16 83 80 43 117
1 4 16 81 80 43
1 6 7 66 168 231 276 301
1 6 7 66 168 231 276 301
1 5 4 50 133 3 43
1 5 4 50 133 3 43
1 6 7 66 168 231 277 302
1 6 7 66 168 231 276 301
1 6 7 66 168 231 276 301
1 6 7 66 168 231 276 301
1 6 7 66 168 231 276 301
1 6 7 66 168 231 276 301
1 6 7 66 168 231 276 301
1 10 5 58 141 200 80 43 115 186 115 186
1 8 3 43 115 186 115 186 115 186
1 8 3 43 115 186 115 186 115 186
1 8 3 43 115 186 115 186 115 186
1 8 3 43 115 186 115 186 115 186
1 11 5 3 43 5 3 43 5 3 43 115 186
1 8 3 43 115 186 115 186 115 186
1 8 3 43 115 186 115 186 115 186
1 10 5 58 141 200 80 43 115 186 115 186
1 4 20 80 43 5
1 4 1 80 43 118
1 4 4 56 140 205
1 5 16 83 160 80 156
1 3 20 88 165
1 5 16 83 159 80 156
1 3 4 50 133
1 5 4 50 133 3 43
1 10 5 3 45 5 3 43 115 186 115 186
1 3 4 50 133
1 5 4 50 133 3 43
1 10 5 3 45 5 3 43 122 191 3 43
1 10 3 45 3 43 122 191 3 43 115 186
1 13 5 3 45 5 3 43 115 186 115 3 43 115 186
1 12 3 45 3 43 122 191 3 43 115 186 115 186
1 10 3 45 3 43 122 191 3 43 115 186
1 10 3 45 3 43 122 191 3 43 115 186
1 10 3 45 3 43 122 191 3 43 115 186
1 11 3 45 3 43 115 3 43 107 184 80 43
1 12 3 3 3 45 192 80 170 80 80 43 115 186
1 13 5 3 45 5 3 43 115 186 115 3 43 115 186
1 4 22 80 43 5
1 6 3 43 115 186 115 186
1 8 3 43 17 80 43 5 3 43
1 4 3 43 115 186
1 8 3 43 115 186 115 45 3 43
1 8 3 43 115 186 115 45 3 43
1 10 3 43 115 186 115 186 115 186 115 186
1 4 3 43 115 186
1 4 3 43 115 186
1 8 3 45 127 80 43 5 3 43
1 6 5 3 43 115 186 243
1 3 1 39 109
1 3 16 82 158
1 4 16 83 80 43
1 5 2 2 80 43 114
1 6 3 43 115 186 115 186
1 6 3 43 115 186 115 186
1 11 3 43 17 80 43 115 186 115 186 115 186
1 6 3 43 115 186 115 186
1 6 3 43 115 186 115 186
1 6 3 43 115 186 115 186
1 12 17 80 43 17 80 43 115 186 115 186 115 186
1 6 3 43 115 186 115 186
1 3 3 43 17
1 4 7 67 145 208
1 3 1 40 110
1 3 3 43 5
1 3 3 43 117
1 3 3 43 119
1 4 22 80 43 5
1 8 7 66 200 80 43 115 186 243
1 11 5 58 141 206 6 80 43 115 186 115 186
1 11 5 3 43 7 66 3 43 115 186 115 186
1 14 5 3 44 126 197 254 60 80 43 115 186 115 186 243
1 10 3 43 7 66 3 43 115 186 115 186
1 10 3 43 7 66 3 43 115 186 115 186
1 4 10 80 43 5
1 5 22 80 43 115 186
1 4 26 93 171 234
1 10 7 66 128 80 43 115 186 115 186 245
1 9 7 66 81 80 43 115 3 43 117
1 10 3 43 7 66 3 43 115 186 115 186
1 10 3 43 7 66 3 43 115 186 115 186
1 11 3 3 43 7 66 3 43 115 186 115 186
1 10 7 66 118 80 43 115 186 115 186 244
1 8 7 66 3 43 115 186 115 186
1 14 12 73 148 210 260 289 311 328 342 356 367 378 387 392
1 14 12 73 148 210 260 289 311 328 342 356 367 378 387 392
1 12 27 94 172 235 278 303 236 279 304 322 337 351
1 6 3 43 115 186 115 186
1 6 3 43 115 186 115 186
1 8 3 43 115 186 115 186 115 186
1 4 3 43 115 186
1 4 3 43 115 186
1 6 3 43 115 186 115 186
1 8 3 43 115 186 115 186 115 186
1 6 3 43 115 186 115 186
1 7 2 80 43 115 186 115 186
1 4 3 43 115 186
1 6 73 260 2 80 43 5
1 12 29 99 177 239 281 305 323 338 352 363 374 383
1 14 12 73 148 210 260 289 311 328 342 356 367 378 387 392
1 14 12 73 148 210 260 289 311 328 342 356 367 378 387 392
1 12 30 100 178 240 282 306 324 339 353 364 375 384
1 14 12 73 148 210 260 289 311 328 342 356 367 378 387 392
1 11 21 90 167 229 272 298 320 336 350 362 373
1 3 45 129 198
1 13 32 14 77 154 220 267 295 318 334 348 81 80 43
1 14 12 73 148 210 260 289 311 328 342 356 367 378 387 392
1 11 73 148 210 260 289 311 328 342 356 370 381
1 14 12 73 148 210 260 289 311 328 342 356 367 378 387 392
1 12 12 73 148 210 260 204 258 287 309 80 200 255
1 6 73 260 2 80 43 5
1 12 29 99 177 239 281 305 323 338 352 363 374 383
1 11 73 148 211 204 258 287 309 80 43 5 57
1 5 21 89 166 228 271
1 5 31 101 179 241 283
1 8 14 78 295 318 334 81 80 43
1 4 15 79 155 221
1 4 3 43 115 186
1 4 3 43 115 186
1 4 3 43 115 186
1 16 12 73 148 210 260 289 311 328 342 356 368 380 388 393 396 398
1 4 3 43 115 186
1 16 12 73 148 210 260 289 311 328 342 356 368 380 388 393 396 398
1 4 3 43 115 186
1 3 3 3 3
1 3 1 40 110
1 25 3 46 191 251 200 80 156 222 80 43 45 5 3 43 45 5 3 43 115 186 243 192 80 156 222
1 5 10 71 80 156 222
1 3 10 71 146
1 5 33 103 200 80 43
1 9 45 128 80 43 119 71 80 156 222
1 11 16 83 161 160 80 43 120 192 80 156 222
1 4 16 160 80 43
1 13 45 118 80 43 45 118 80 43 118 71 80 156 222
1 28 170 80 43 115 187 247 103 200 80 200 80 43 123 196 127 80 43 123 196 127 60 80 43 7 192 80 156 222
1 9 16 83 159 80 43 117 189 249 285
1 5 16 83 159 80 43
1 19 3 46 191 251 3 45 3 43 115 186 130 80 43 45 3 43 115 186 130
1 17 3 46 191 251 3 45 3 43 45 3 43 45 3 43 115 45 129
1 19 3 46 191 251 3 45 3 47 80 43 45 3 43 45 3 43 115 186 130
1 22 3 46 191 251 3 46 130 71 80 43 115 186 115 45 3 43 45 3 43 115 45 129
1 9 45 3 43 45 3 43 115 45 129
1 9 45 3 43 45 3 43 115 186 130
1 20 3 46 191 251 3 46 130 80 43 115 186 130 80 43 45 3 43 115 45 129
1 20 3 46 191 251 3 46 130 80 43 115 186 130 80 43 45 3 43 115 45 129
1 5 3 43 118 80 43
1 6 16 83 80 43 115 186
1 4 34 17 17 17
1 4 3 43 115 186
1 6 5 3 43 115 186 243
1 4 3 3 3 43
1 3 35 105 182
1 13 12 73 148 210 4 55 139 204 258 287 309 371 133
1 6 210 4 50 80 156 222
1 11 210 4 50 134 201 256 141 200 80 43 116
1 6 5 3 43 5 3 43
1 6 210 4 50 80 156 118
1 7 210 4 50 118 80 43 251
1 3 210 4 50
1 4 3 43 115 186
1 4 3 43 115 186
1 3 24 3 43
1 5 210 4 50 80 43
1 3 3 43 121
1 3 3 43 121
1 3 3 43 121
1 3 3 43 121
1 4 3 43 115 186
1 4 3 43 115 186
1 3 3 43 121
1 5 16 84 17 80 43
1 3 34 104 181
1 6 3 43 115 186 115 186
1 6 3 43 115 186 115 186
1 16 35 106 183 242 284 307 325 340 354 365 376 184 80 43 115 186
1 8 3 3 3 43 115 186 115 45
1 7 43 251 3 3 43 115 186
1 4 3 43 115 186
1 4 17 17 80 43
1 5 22 192 80 80 43
1 13 73 148 210 260 289 311 328 342 356 369 141 200 80
1 9 37 37 37 37 37 37 37 37 108
1 4 3 43 115 186
1 3 43 113 185
1 4 3 43 115 186
1 3 1 40 110
1 5 6 63 127 80 43
1 6 16 83 6 80 157 224
1 5 17 17 17 17 17
1 3 3 3 43
1 4 3 43 115 186
1 3 3 3 43
1 6 3 43 115 186 115 186
1 4 3 43 115 186
1 5 3 43 115 186 243
1 4 10 80 43 5
1 7 6 80 43 6 80 156 223
1 6 6 80 43 7 65 144
1 9 7 66 168 230 273 6 80 156 223
1 7 6 63 127 80 43 115 186
1 6 4 50 133 3 43 119
1 8 4 50 133 63 127 80 43 118
1 12 12 73 148 210 260 289 311 328 342 356 371 133
1 5 5 200 80 80 43
1 8 4 50 133 3 43 115 186 243
1 4 13 75 152 216
1 3 73 260 290
1 4 3 43 115 186
1 4 3 43 115 186
1 7 36 107 184 80 43 115 186
1 4 43 115 3 43
1 4 3 43 115 186
1 12 12 73 148 210 260 289 311 328 342 356 371 133
1 4 73 260 290 314
1 6 260 289 312 330 344 358
1 6 260 290 313 330 344 358
1 3 1 41 111
1 3 260 290 314
1 4 28 98 176 238
1 4 73 260 290 314
1 4 260 290 313 331
1 6 260 290 313 332 346 359
1 5 260 290 313 331 345
1 5 260 289 312 329 343
1 6 260 289 312 330 344 358
1 3 33 102 180
1 10 32 14 77 154 220 267 295 318 334 348
1 15 12 73 148 210 4 55 139 204 258 287 309 371 133 3 43
1 8 3 43 115 186 115 186 115 186
1 6 4 52 80 43 115 186
1 3 210 260 290
1 3 3 3 43
1 6 210 4 50 133 3 43
1 5 2 2 2 2 2
1 3 28 96 174
1 3 3 43 124
1 5 73 151 200 80 43
1 5 73 151 200 80 43
1 3 5 3 47
1 3 3 3 43
1 3 16 80 43
1 3 1 40 110
1 6 16 80 43 115 3 3
1 5 16 80 43 115 3
1 15 24 3 43 122 191 252 192 80 80 80 80 43 115 186 246
1 14 3 3 43 251 3 3 43 115 3 43 115 3 3 3
1 25 24 3 43 122 192 80 156 80 80 43 122 191 251 3 3 43 251 3 3 3 3 3 43 122 191
1 10 24 3 3 122 191 170 80 80 43 251
1 7 5 58 80 43 115 3 48
1 28 24 3 43 115 186 115 170 233 125 80 170 233 80 43 122 191 251 3 43 115 3 49 80 80 170 80 43 115
1 14 3 3 43 45 3 3 43 251 3 3 3 3 3 43
1 22 24 3 43 115 186 115 157 80 170 80 80 80 80 170 233 80 80 43 115 3 3 3
1 15 3 3 122 191 3 3 122 192 80 43 122 192 80 170 233
1 23 24 192 80 43 251 3 3 38 80 80 80 156 170 233 80 170 80 43 115 170 80 80 80
1 15 3 3 3 3 3 3 122 191 251 3 47 80 43 122 191
1 11 24 92 80 80 43 115 3 3 3 3 3
1 3 16 80 80
1 14 24 3 43 122 194 80 170 80 43 115 3 3 38 80
1 15 38 80 43 115 170 80 43 115 3 43 115 186 115 3 122
1 22 24 122 191 251 3 43 115 170 80 157 80 80 80 43 115 186 115 3 3 3 3 3
1 11 24 92 170 80 43 115 45 3 43 115 3
1 6 5 3 3 3 122 191
1 26 24 192 80 80 38 170 80 80 80 80 80 43 115 3 3 43 115 3 123 196 127 60 143 170 80 38
1 9 24 3 3 3 3 43 115 3 3
1 5 5 3 3 3 122
1 11 24 122 191 3 3 3 3 122 191 3 3
1 5 43 115 3 3 48
1 25 24 3 43 125 80 80 80 80 43 115 186 115 170 80 43 115 3 3 3 46 191 3 43 115 3
1 13 24 92 170 80 170 80 80 43 115 170 80 43 115
1 23 24 122 191 251 170 80 43 115 170 233 80 43 115 3 43 115 186 115 170 80 156 80 156
1 10 24 122 191 3 43 115 3 3 43 122
1 7 43 115 3 3 43 122 195
1 29 24 3 46 192 80 80 170 233 80 80 80 43 115 157 80 80 43 122 191 251 3 3 43 115 3 3 43 115 3
1 10 24 3 43 115 3 3 3 3 3 122
1 10 151 200 80 17 17 80 38 80 17 85
1 20 24 3 43 115 3 122 191 3 3 122 193 253 286 308 326 80 43 115 3 3
1 9 24 122 191 3 43 115 186 115 186
1 12 24 3 122 191 3 47 192 80 80 170 80 170
1 4 3 3 122 191
1 25 24 3 3 43 5 3 43 115 186 115 3 43 122 192 80 80 43 115 186 115 3 43 115 3 3
1 19 3 43 251 3 122 191 3 45 3 122 192 170 80 80 43 251 192 170 80
1 5 16 83 159 80 43
1 5 4 135 202 52 136
1 5 16 83 160 80 43
1 3 3 49 132
1 10 4 50 133 192 80 43 115 45 5 61
1 3 4 50 133
1 7 4 80 156 118 80 43 118
1 4 3 47 131 199
1 4 3 43 115 186
1 8 4 51 135 202 52 80 43 5
1 4 4 51 135 202
1 4 3 43 5 59
1 3 3 45 192
1 4 3 43 115 186
1 4 3 43 115 45
1 3 45 3 43
1 4 3 43 115 186
1 4 3 43 115 186
1 4 3 45 3 43
1 8 4 50 133 200 71 80 43 5
1 3 3 43 5
1 4 3 43 5 62
1 4 3 43 45 129
1 17 73 148 209 76 153 217 309 371 133 3 43 115 186 243 103 200 71
1 3 45 129 198
1 4 3 43 45 129
1 7 43 45 5 58 142 207 259
1 11 18 21 90 167 229 272 298 320 336 350 362
1 3 3 43 5
1 4 45 127 80 43
1 5 45 3 45 5 61
1 6 4 50 133 3 43 118
1 10 12 73 148 210 260 289 311 328 342 357
1 16 4 54 138 203 257 55 139 204 258 287 309 371 133 200 80 43
1 13 12 73 148 210 4 55 139 204 258 287 309 371 133
1 12 12 73 148 210 260 289 311 328 342 356 367 379
1 3 43 115 186
1 8 28 97 175 237 280 60 80 43
1 7 27 95 173 236 279 304 321
1 3 10 71 146
1 3 73 148 212
1 3 4 50 133
1 3 1 42 112
1 4 3 43 115 186
1 3 20 88 165
