783 264
1 3 1 2 3
1 1 4
1 5 3 3 2 3 3
1 4 3 2 5 84
1 6 1 6 1 2 2 6
1 2 7 106
1 1 8
1 3 6 2 6
1 3 6 2 61
1 2 9 115
1 7 2 2 6 6 2 2 6
1 2 2 63
1 4 789 2 93 286
1 3 2 6 92
1 1 11
1 1 12
1 9 6 2 13 2 6 2 6 2 3
1 1 11
1 1 14
1 1 15
1 4 789 1 2 6
1 4 2 6 2 6
1 1 17
1 3 18 19 2
1 3 18 2 6
1 3 18 19 2
1 1 12
1 4 2 6 2 3
1 2 7 104
1 5 1 2 3 2 2
1 2 5 87
1 3 7 2 67
1 3 2 93 2
1 7 23 2 2 6 3 2 65
1 3 23 2 6
1 5 1 2 2 65 251
1 6 1 2 3 3 3 1
1 3 2 2 3
1 3 5 2 6
1 4 5 2 93 287
1 5 2 1 6 2 3
1 2 18 134
1 3 2 6 95
1 4 23 2 6 3
1 2 24 158
1 2 1 58
1 5 2 1 2 2 2
1 2 1 58
1 4 1 2 6 2
1 3 2 2 6
1 6 24 18 19 2 6 65
1 3 24 19 144
1 1 25
1 3 1 2 93
1 3 23 3 78
1 5 1 3 2 6 6
1 3 6 2 61
1 2 19 148
1 3 2 6 91
1 4 1 2 6 3
1 4 19 2 6 93
1 4 24 18 2 6
1 4 19 6 2 6
1 4 18 19 2 6
1 3 23 2 6
1 1 26
1 5 6 1 2 3 3
1 3 3 2 6
1 3 2 2 6
1 3 1 6 2
1 4 6 2 2 6
1 4 1 2 6 3
1 1 16
1 3 1 2 6
1 2 19 141
1 3 1 2 6
1 3 1 2 6
1 4 2 2 2 6
1 3 2 6 3
1 1 27
1 3 2 5 2
1 2 789 927
1 3 1 2 93
1 3 2 2 3
1 3 6 3 3
1 3 2 6 96
1 3 24 160 365
1 2 3 75
1 2 160 369
1 1 21
1 3 6 2 6
1 4 3 6 2 63
1 5 3 6 2 3 75
1 3 6 2 63
1 2 6 97
1 2 18 132
1 3 3 3 75
1 3 6 3 3
1 3 18 2 67
1 3 3 6 2
1 4 789 2 6 67
1 5 2 2 3 2 3
1 6 1 6 2 3 2 6
1 8 2 6 2 6 2 6 2 6
1 7 2 1 6 2 2 6 1
1 5 1 6 2 6 1
1 4 19 6 2 6
1 2 28 167
1 2 5 89
1 3 23 2 6
1 2 28 167
1 3 7 2 93
1 2 1 60
1 5 1 6 6 2 67
1 5 19 6 6 2 6
1 4 1 6 67 258
1 4 1 2 2 6
1 4 1 3 2 6
1 5 1 6 2 67 6
1 1 8
1 4 29 171 384 595
1 1 8
1 2 19 142
1 8 30 179 397 610 789 2 2 6
1 3 2 6 1
1 5 2 3 6 5 85
1 3 19 2 6
1 4 30 179 397 608
1 4 2 6 5 84
1 7 610 1 2 6 1 2 1
1 3 3 2 2
1 3 7 2 62
1 4 23 3 2 6
1 2 5 85
1 5 23 3 1 2 3
1 3 2 1 2
1 4 610 1 6 100
1 2 610 787
1 3 18 19 145
1 5 24 24 19 6 2
1 2 610 787
1 3 24 24 19
1 2 7 103
1 6 3 1 2 1 2 3
1 6 24 24 24 19 6 65
1 2 6 99
1 3 23 3 80
1 3 32 186 406
1 3 19 2 6
1 2 610 790
1 7 610 1 2 3 1 2 3
1 2 7 105
1 4 610 1 2 6
1 2 28 166
1 3 610 1 56
1 3 6 2 3
1 6 2 3 3 3 2 6
1 3 7 2 5
1 4 2 5 2 6
1 1 22
1 5 30 179 397 610 789
1 4 789 2 6 6
1 2 28 166
1 7 30 179 397 606 780 605 789
1 4 2 3 2 6
1 7 19 2 6 2 6 1 57
1 6 30 179 397 610 789 927
1 4 18 2 6 65
1 4 24 24 19 146
1 1 11
1 3 2 3 78
1 3 2 2 2
1 2 32 187
1 1 31
1 5 33 34 33 192 35
1 3 192 424 35
1 2 33 191
1 2 34 193
1 2 32 187
1 3 33 34 198
1 2 30 178
1 4 34 2 2 3
1 3 32 186 409
1 5 33 192 424 35 206
1 3 32 186 789
1 3 32 186 409
1 3 33 192 35
1 2 30 180
1 3 36 33 188
1 3 192 424 35
1 6 34 33 192 35 2 6
1 3 192 424 35
1 3 37 29 173
1 3 37 29 173
1 2 29 172
1 6 24 160 34 2 65 251
1 3 24 18 136
1 4 19 192 424 637
1 2 38 214
1 2 19 149
1 3 24 18 131
1 4 24 160 34 201
1 2 19 147
1 2 24 161
1 2 38 212
1 4 24 160 34 195
1 3 24 160 364
1 1 41
1 6 23 2 6 2 67 257
1 5 36 33 192 424 35
1 8 36 33 192 424 35 6 2 65
1 3 34 34 199
1 2 36 208
1 2 18 136
1 3 38 215 449
1 3 18 19 2
1 7 38 215 18 19 192 424 35
1 4 29 171 384 595
1 2 18 139
1 2 37 211
1 1 39
1 3 32 186 405
1 7 30 179 424 397 606 605 789
1 3 33 2 66
1 3 32 186 405
1 5 160 34 2 3 2
1 3 38 215 449
1 2 160 368
1 7 38 215 18 19 192 424 35
1 2 160 364
1 6 38 215 18 19 192 422
1 4 160 34 2 66
1 2 38 213
1 2 18 136
1 2 160 364
1 2 160 364
1 4 38 215 18 137
1 4 38 215 18 136
1 7 38 215 18 19 192 424 35
1 6 29 171 384 593 765 903
1 2 18 133
1 2 37 211
1 4 36 33 2 93
1 3 192 424 35
1 2 32 187
1 4 34 33 35 6
1 3 192 424 35
1 3 32 186 789
1 4 36 33 2 6
1 3 32 186 409
1 7 36 33 192 424 35 2 93
1 6 32 186 33 34 7 111
1 3 34 7 109
1 2 30 180
1 2 33 190
1 3 192 424 35
1 2 42 222
1 4 33 192 424 35
1 1 43
1 1 44
1 5 33 192 424 35 205
1 4 36 33 192 423
1 7 32 186 33 192 424 35 205
1 3 23 2 6
1 4 192 424 35 2
1 3 32 186 408
1 3 33 192 35
1 2 36 210
1 1 46
1 1 46
1 3 192 424 35
1 1 46
1 3 23 2 6
1 1 44
1 5 33 192 424 35 205
1 1 44
1 6 34 34 33 192 35 2
1 2 36 209
1 4 33 192 424 35
1 5 36 33 192 424 638
1 4 34 2 3 2
1 2 34 201
1 1 39
1 1 39
1 3 33 192 423
1 3 37 29 173
1 7 33 192 424 35 2 3 78
1 3 32 186 789
1 3 32 186 410
1 4 32 186 33 34
1 3 32 186 407
1 1 48
1 4 33 2 2 6
1 3 192 424 636
1 4 33 192 424 635
1 6 34 33 2 6 2 6
1 3 33 2 6
1 2 33 190
1 3 192 424 35
1 5 33 192 424 397 606
1 3 32 186 789
1 5 34 33 192 35 203
1 9 32 186 33 192 424 35 2 3 2
1 3 32 186 410
1 3 32 186 411
1 2 33 191
1 1 49
1 1 49
1 1 49
1 3 34 34 34
1 2 7 110
1 3 34 34 34
1 3 34 34 7
1 3 34 34 34
1 3 34 34 34
1 3 34 34 34
1 3 34 34 34
1 4 34 34 7 110
1 3 34 34 34
1 3 34 34 34
1 5 36 33 35 2 6
1 3 33 2 6
1 4 33 35 2 70
1 3 36 33 189
1 3 34 34 34
1 3 33 35 207
1 5 32 186 33 34 200
1 2 30 181
1 3 50 234 477
1 3 33 2 3
1 3 50 234 476
1 3 50 234 476
1 3 36 33 190
1 3 50 234 474
1 3 50 234 475
1 3 37 29 172
1 3 37 29 172
1 2 33 188
1 6 32 186 33 2 6 65
1 3 34 34 7
1 3 33 35 2
1 6 36 33 35 2 3 81
1 5 33 35 2 3 81
1 3 32 186 408
1 4 33 35 2 3
1 3 32 186 789
1 3 34 7 110
1 3 34 34 196
1 4 2 6 2 6
1 3 18 2 6
1 4 24 18 2 93
1 7 6 1 2 6 2 2 3
1 3 6 2 61
1 3 6 5 85
1 5 19 2 6 2 2
1 5 6 2 6 2 93
1 4 6 1 3 2
1 2 6 99
1 5 42 223 460 2 71
1 5 2 2 6 2 6
1 3 1 2 3
1 8 30 179 397 610 789 2 67 256
1 9 30 179 397 610 789 1 2 67 256
1 5 1 2 6 2 2
1 3 1 2 93
1 2 1 60
1 3 1 2 67
1 3 2 2 6
1 3 1 2 3
1 2 3 77
1 4 1 6 2 6
1 4 1 2 67 256
1 2 610 788
1 4 5 2 6 3
1 1 51
1 1 51
1 4 2 6 2 3
1 3 24 24 24
1 4 2 6 2 3
1 1 51
1 10 19 19 2 13 3 3 2 3 2 6
1 5 2 2 1 2 6
1 7 2 6 3 2 6 1 2
1 3 2 2 62
1 4 6 2 3 76
1 5 6 2 2 2 3
1 3 6 2 6
1 3 2 6 3
1 3 2 6 91
1 3 6 2 67
1 3 6 2 67
1 4 7 2 6 3
1 2 23 157
1 3 18 19 145
1 5 24 18 19 2 6
1 2 35 204
1 3 6 2 6
1 3 18 19 141
1 2 7 108
1 3 18 18 19
1 3 23 3 1
1 4 6 2 2 6
1 1 51
1 4 3 1 2 1
1 4 3 1 3 1
1 3 7 2 6
1 1 16
1 2 35 202
1 2 35 204
1 2 35 203
1 4 18 19 2 6
1 4 18 19 2 6
1 5 18 2 6 2 6
1 4 18 18 2 6
1 3 18 2 6
1 3 2 2 6
1 4 6 6 2 6
1 3 3 2 6
1 3 2 6 96
1 6 7 2 2 2 6 2
1 3 6 2 66
1 4 3 6 6 2
1 3 3 2 6
1 6 2 3 2 3 6 6
1 5 3 2 6 2 3
1 5 6 2 6 2 6
1 3 2 6 2
1 7 2 6 1 2 2 6 1
1 2 29 170
1 5 30 179 397 605 789
1 2 18 132
1 2 215 451
1 6 42 223 460 2 65 254
1 6 42 223 460 2 5 90
1 1 45
1 5 30 179 397 605 789
1 2 215 452
1 5 29 171 384 593 765
1 3 30 179 396
1 4 19 2 6 1
1 2 18 138
1 2 7 107
1 2 215 452
1 2 34 194
1 2 215 450
1 2 29 169
1 4 3 2 2 6
1 5 30 179 397 606 778
1 7 30 179 397 606 780 605 789
1 4 30 179 397 607
1 4 30 397 606 782
1 9 30 179 397 605 789 2 6 2 6
1 4 29 171 384 592
1 4 29 171 384 594
1 6 29 171 384 593 765 902
1 6 29 171 384 593 765 902
1 5 30 179 397 606 779
1 3 30 179 396
1 6 30 179 397 606 605 789
1 6 30 397 606 605 789 2
1 4 30 397 605 789
1 2 30 177
1 3 29 171 383
1 4 30 397 605 789
1 1 31
1 2 30 175
1 4 30 397 605 789
1 6 30 397 606 605 789 6
1 8 30 397 606 780 605 789 2 6
1 3 3 2 6
1 5 30 397 606 605 789
1 2 30 177
1 1 47
1 1 47
1 2 34 194
1 2 30 175
1 6 30 179 397 606 605 789
1 6 30 179 397 605 789 929
1 4 2 2 2 2
1 7 6 2 6 1 3 2 67
1 3 23 2 6
1 6 6 2 2 6 1 59
1 4 2 6 2 6
1 2 18 134
1 2 7 103
1 10 2 6 2 3 2 6 2 6 2 2
1 3 18 18 132
1 4 19 2 6 2
1 6 18 18 2 6 2 6
1 2 7 108
1 7 2 6 1 2 6 2 6
1 4 18 2 67 6
1 2 18 135
1 11 1 2 6 2 6 1 2 6 6 2 66
1 5 6 2 6 5 88
1 2 23 157
1 7 23 2 2 6 2 6 2
1 2 6 94
1 4 2 2 6 2
1 5 7 2 3 2 93
1 5 2 3 6 1 2
1 8 1 2 6 2 6 1 2 6
1 7 1 2 6 1 2 6 2
1 3 6 2 6
1 3 23 2 6
1 1 20
1 4 30 179 397 608
1 8 30 179 424 397 606 780 605 789
1 7 30 179 397 606 780 605 789
1 2 789 927
1 4 30 179 397 607
1 4 2 2 6 1
1 1 45
1 1 40
1 2 19 147
1 4 2 6 2 6
1 6 29 171 384 593 765 902
1 7 30 179 397 605 789 2 6
1 3 7 2 6
1 3 3 2 6
1 6 6 2 1 6 2 6
1 4 30 179 397 610
1 6 2 6 5 2 6 5
1 6 2 2 2 6 6 2
1 4 3 1 2 6
1 3 6 2 6
1 6 2 6 2 6 2 5
1 5 2 6 2 6 1
1 1 10
1 4 19 19 2 6
1 6 6 2 2 13 2 3
1 3 2 2 6
1 3 6 2 3
1 3 35 2 62
1 1 4
1 4 2 6 6 2
1 3 2 6 97
1 3 18 2 3
1 2 7 105
1 5 2 6 2 2 3
1 3 3 6 2
1 1 21
1 1 21
1 3 7 2 6
1 3 7 2 61
1 3 32 186 407
1 3 19 19 143
1 3 35 2 6
1 2 215 452
1 5 29 171 384 593 765
1 1 53
1 3 2 3 74
1 5 2 2 93 2 6
1 3 18 18 132
1 4 18 19 2 67
1 4 18 19 2 3
1 4 2 93 2 65
1 4 3 2 6 3
1 4 18 19 2 6
1 4 2 6 1 3
1 5 18 19 2 93 286
1 3 18 2 93
1 3 18 19 2
1 3 23 2 68
1 8 3 6 3 2 6 2 67 6
1 3 2 6 2
1 4 1 2 6 6
1 3 5 2 3
1 5 2 6 2 6 1
1 8 30 179 397 610 789 2 6 1
1 4 2 6 2 69
1 4 42 223 460 668
1 4 35 2 3 6
1 14 30 179 397 610 789 6 2 6 1 2 6 1 2 3
1 4 35 2 2 6
1 4 29 171 384 594
1 4 2 6 65 252
1 8 30 179 397 606 780 605 789 2
1 4 30 179 397 608
1 3 3 3 81
1 1 10
1 3 35 2 6
1 3 35 6 96
1 4 35 6 2 65
1 3 35 6 67
1 3 35 2 6
1 3 35 2 6
1 2 19 144
1 3 18 2 6
1 3 5 2 65
1 2 28 166
1 3 1 2 67
1 4 2 6 2 6
1 3 2 2 6
1 4 1 2 6 2
1 3 19 2 68
1 4 3 1 2 2
1 4 3 3 2 66
1 5 2 67 6 2 6
1 5 2 1 2 2 67
1 4 2 2 2 6
1 1 31
1 3 30 397 608
1 3 5 2 6
1 2 28 166
1 2 19 140
1 5 18 19 2 3 1
1 7 30 179 397 610 789 1 2
1 4 1 2 2 6
1 3 2 2 6
1 4 29 171 384 595
1 2 9 114
1 14 2 2 2 2 2 2 6 93 2 6 13 6 2 6
1 8 2 93 6 2 6 13 6 102
1 9 2 93 6 2 6 6 6 13 3
1 1 10
1 4 2 2 2 2
1 3 2 65 253
1 1 52
1 6 30 179 397 610 789 926
1 3 2 2 6
1 14 30 179 397 610 789 6 1 2 3 6 1 3 1 59
1 2 1 56
1 17 2 3 6 2 3 3 3 2 6 3 2 3 2 6 2 2 6
1 7 42 223 460 2 6 5 90
1 3 6 5 84
1 14 30 179 397 610 789 1 2 3 1 2 6 1 2 6
1 2 1 56
1 4 29 171 384 594
1 4 29 171 384 592
1 9 30 179 397 610 789 1 2 65 250
1 9 30 179 397 610 789 6 1 2 3
1 8 1 2 3 6 1 2 65 250
1 11 2 2 3 6 2 6 2 6 2 2 6
1 3 3 2 6
1 4 6 6 1 3
1 2 5 86
1 5 2 6 3 2 2
1 3 23 2 64
1 3 6 2 66
1 3 6 6 2
1 2 9 114
1 4 3 6 6 2
1 5 18 19 2 67 255
1 6 19 6 2 93 2 72
1 9 19 19 6 6 6 6 6 2 3
1 1 54
1 16 19 6 2 6 2 6 2 13 6 6 6 2 13 6 2 6
1 1 54
1 3 2 6 94
1 10 1 2 2 6 6 2 13 6 6 6
1 8 19 2 6 93 2 6 2 6
1 1 54
1 9 19 2 6 2 6 6 2 13 67
1 3 2 1 6
1 11 19 2 6 93 6 6 13 2 13 3 6
1 10 2 6 2 2 13 6 6 2 6 13
1 5 6 2 13 6 6
1 2 19 150
1 2 19 150
1 4 2 6 2 6
1 4 19 19 19 150
1 6 2 6 6 13 6 6
1 15 6 2 6 6 6 6 2 6 6 13 2 6 13 6 6
1 6 19 6 2 2 13 6
1 4 6 2 6 6
1 7 2 6 93 6 6 2 72
1 11 13 6 2 6 2 6 6 13 3 6 3
1 8 19 2 6 2 6 13 6 6
1 7 13 6 2 6 2 6 6
1 8 19 6 6 2 6 13 3 79
1 10 6 2 6 2 6 93 6 2 6 13
1 8 6 93 2 13 67 6 6 6
1 4 19 19 19 19
1 9 6 93 6 2 2 6 13 6 65
1 11 2 6 93 6 2 6 6 13 67 6 6
1 3 6 2 6
1 3 6 2 72
1 3 2 3 2
1 2 789 930
1 3 24 160 369
1 3 24 160 369
1 3 24 160 369
1 3 24 160 366
1 2 30 177
1 6 30 179 424 397 605 789
1 9 6 6 6 6 2 6 2 13 6
1 5 30 179 397 605 789
1 2 30 182
1 2 34 200
1 2 9 116
1 4 30 397 605 789
1 8 6 6 6 2 6 13 6 6
1 4 30 397 605 789
1 8 30 179 397 610 789 6 2 1
1 4 42 223 460 667
1 2 30 174
1 6 30 179 424 397 605 789
1 7 6 6 6 93 2 13 67
1 6 30 179 424 397 605 789
1 9 6 6 6 2 13 6 67 6 2
1 3 30 397 609
1 2 7 107
1 7 30 179 424 397 610 1 57
1 3 18 19 145
1 3 24 160 367
1 10 6 6 6 2 6 13 67 6 2 6
1 9 6 6 6 6 2 13 6 67 259
1 1 20
1 2 28 167
1 2 28 168
1 1 20
1 6 42 223 460 2 65 254
1 7 6 2 13 6 67 6 3
1 10 6 6 6 6 93 6 2 13 6 6
1 5 6 6 2 13 6
1 8 6 6 6 6 6 6 2 13
1 2 30 174
1 4 30 179 397 607
1 4 6 13 6 2
1 3 13 2 2
1 2 13 126
1 3 6 13 6
1 3 13 2 6
1 3 7 2 6
1 4 29 171 384 595
1 1 20
1 2 19 147
1 14 6 2 6 6 93 6 6 2 6 6 13 6 6 6
1 1 55
1 3 32 186 407
1 2 30 176
1 1 10
1 3 2 5 85
1 2 7 105
1 1 31
1 3 13 6 6
1 4 24 18 19 141
1 5 6 6 13 6 2
1 7 30 179 397 605 789 6 65
1 5 6 13 6 93 6
1 3 6 13 125
1 5 30 179 397 606 781
1 9 6 6 13 6 6 2 2 6 2
1 5 13 6 2 6 6
1 5 30 397 605 789 926
1 5 789 6 13 2 3
1 4 30 397 605 789
1 1 27
1 6 30 179 397 605 789 928
1 2 34 197
1 2 3 76
1 4 30 179 397 607
1 8 6 6 93 6 6 3 2 6
1 6 13 6 6 3 2 66
1 8 6 13 6 6 93 2 6 65
1 6 30 179 424 397 605 789
1 4 13 6 6 2
1 4 13 6 6 6
1 4 13 6 93 6
1 2 13 125
1 5 24 24 24 18 135
1 4 24 24 24 158
1 2 18 135
1 3 24 24 159
1 4 18 19 19 140
1 4 789 6 2 6
1 3 7 2 6
1 2 6 101
1 4 3 2 6 2
1 3 2 2 3
1 4 6 2 2 65
1 5 2 2 6 2 6
1 2 3 73
1 2 789 927
1 7 24 24 24 18 19 2 6
1 4 18 2 6 98
1 5 13 6 6 93 6
1 2 42 221
1 5 18 19 2 6 1
1 5 24 18 19 2 6
1 3 18 19 144
1 4 6 3 3 3
