779 285
1 2 1 58
1 3 2 4 85
1 5 85 85 4 85 85
1 4 85 4 5 98
1 6 2 3 2 4 84 277
1 2 1 62
1 2 6 104
1 3 3 4 3
1 3 4 84 277
1 6 2 4 85 2 3 4
1 2 7 105
1 7 4 84 277 3 4 84 277
1 2 4 87
1 5 8 333 84 85 2
1 4 779 4 74 261
1 3 4 3 73
1 1 10
1 4 3 4 88 295
1 1 10
1 1 11
1 1 12
1 4 779 2 4 3
1 2 14 127
1 4 4 3 4 3
1 1 15
1 5 16 133 360 4 89
1 3 18 4 3
1 3 18 19 4
1 1 20
1 4 4 3 4 85
1 3 21 4 3
1 5 2 4 85 4 84
1 2 5 97
1 3 1 4 92
1 3 4 74 4
1 3 21 4 3
1 4 2 4 84 278
1 5 2 4 85 4 85
1 5 2 3 4 84 2
1 3 4 84 85
1 5 2 85 4 84 281
1 3 21 4 3
1 3 5 4 3
1 5 4 2 3 4 85
1 2 18 139
1 3 4 3 76
1 3 3 4 90
1 4 21 4 3 85
1 2 24 168
1 4 2 4 84 283
1 2 2 68
1 2 2 68
1 4 2 4 3 4
1 3 24 19 148
1 3 2 4 74
1 2 21 160
1 5 2 85 4 3 3
1 3 3 4 1
1 2 19 153
1 3 18 4 3
1 4 19 4 3 74
1 4 24 18 4 3
1 4 19 3 4 3
1 4 18 19 4 3
1 3 21 4 3
1 7 2 4 3 3 3 4 92
1 1 25
1 5 3 2 4 85 85
1 3 85 4 3
1 3 4 84 277
1 3 2 3 4
1 4 2 4 3 85
1 3 2 4 3
1 3 2 4 3
1 3 2 4 3
1 4 4 84 4 3
1 3 4 3 85
1 3 4 85 85
1 2 1 61
1 1 20
1 3 4 5 4
1 3 85 4 3
1 3 2 4 74
1 3 4 84 85
1 3 3 85 85
1 3 24 169 405
1 2 22 164
1 2 22 162
1 2 22 164
1 2 85 288
1 2 22 164
1 5 85 85 2 4 3
1 3 3 4 3
1 5 85 3 4 85 288
1 2 3 77
1 2 18 136
1 3 85 85 288
1 2 22 163
1 3 3 85 85
1 3 85 3 4
1 4 779 4 3 78
1 6 2 3 4 85 4 3
1 8 4 3 4 3 4 3 4 3
1 3 21 4 84
1 7 4 2 3 4 84 277 580
1 5 2 3 4 3 2
1 4 19 3 4 3
1 2 26 172
1 2 5 100
1 3 21 4 3
1 2 26 172
1 3 1 4 74
1 2 2 70
1 5 2 3 3 4 92
1 4 2 4 92 301
1 5 19 3 3 4 3
1 3 2 3 78
1 4 2 4 84 277
1 5 2 3 4 92 300
1 2 6 103
1 2 6 103
1 8 8 116 333 583 779 4 84 277
1 5 4 85 3 5 96
1 7 8 116 333 779 4 3 73
1 7 583 2 4 3 2 4 2
1 3 85 4 84
1 3 21 4 84
1 2 21 160
1 2 5 96
1 3 4 2 4
1 4 583 2 3 81
1 2 583 786
1 3 18 4 83
1 3 18 19 152
1 4 24 24 19 3
1 5 24 24 19 3 4
1 2 583 786
1 3 18 19 3
1 3 24 24 19
1 2 1 58
1 6 85 2 4 2 4 85
1 3 3 4 3
1 6 24 24 24 19 3 83
1 2 3 80
1 2 21 160
1 3 14 128 350
1 3 19 4 3
1 2 583 785
1 7 583 2 4 85 2 4 85
1 2 1 59
1 4 583 2 4 3
1 2 26 173
1 3 583 2 67
1 6 4 85 85 85 4 3
1 3 1 4 5
1 4 4 5 4 3
1 1 23
1 5 8 116 333 583 779
1 5 8 116 333 84 280
1 2 26 173
1 7 8 116 333 84 277 580 779
1 2 7 106
1 4 4 85 4 3
1 7 19 4 3 4 3 2 779
1 4 18 4 3 83
1 4 24 24 19 151
1 3 4 85 287
1 3 4 84 4
1 3 21 4 3
1 2 14 129
1 5 29 31 29 30 32
1 3 30 184 32
1 2 29 178
1 2 31 185
1 3 29 31 190
1 2 8 113
1 3 14 128 353
1 5 29 30 184 32 198
1 3 14 128 779
1 3 14 128 353
1 3 31 4 84
1 3 29 30 32
1 3 33 29 179
1 3 30 184 32
1 4 14 128 352 605
1 6 31 29 30 32 4 3
1 4 14 128 352 604
1 10 29 30 184 32 4 3 4 3 4 3
1 3 30 184 32
1 3 34 35 206
1 2 35 205
1 6 24 169 31 4 83 275
1 3 24 18 142
1 2 36 212
1 2 19 154
1 3 24 18 137
1 4 24 169 31 193
1 2 24 170
1 4 24 24 24 169
1 4 24 169 31 187
1 3 24 169 404
1 1 39
1 2 36 212
1 6 21 4 3 4 92 301
1 5 33 29 30 184 32
1 3 31 31 191
1 2 33 200
1 2 18 142
1 3 36 213 464
1 2 169 403
1 7 36 213 18 19 30 184 32
1 5 35 209 459 687 855
1 2 18 145
1 2 34 203
1 1 37
1 3 14 128 348
1 7 8 116 184 333 84 2 779
1 5 18 19 30 184 426
1 3 14 128 349
1 2 31 187
1 3 29 4 22
1 3 14 128 348
1 5 169 31 4 85 4
1 2 18 143
1 3 36 213 464
1 2 169 407
1 7 36 213 18 19 30 184 32
1 2 169 404
1 6 36 213 18 19 30 182
1 4 169 31 4 22
1 2 36 211
1 2 18 142
1 2 169 404
1 7 36 213 18 19 30 184 32
1 5 35 209 459 687 855
1 4 36 213 18 143
1 4 36 213 18 142
1 2 169 408
1 7 36 213 18 19 30 184 32
1 6 35 209 459 7 108 322
1 2 18 138
1 4 33 29 4 74
1 3 30 184 32
1 4 31 29 32 195
1 4 33 29 4 85
1 3 30 184 32
1 3 14 128 779
1 3 14 128 779
1 6 14 128 29 31 1 66
1 3 31 1 64
1 2 33 201
1 2 8 114
1 8 29 30 184 32 4 3 4 3
1 1 41
1 2 29 180
1 3 30 184 32
1 4 29 30 184 32
1 1 41
1 1 42
1 4 33 29 30 183
1 3 14 128 354
1 3 21 4 3
1 4 30 184 32 4
1 4 14 128 352 604
1 3 29 30 32
1 4 14 128 352 604
1 6 29 30 184 32 4 3
1 2 33 202
1 1 44
1 1 44
1 3 30 184 32
1 1 44
1 3 21 4 3
1 1 42
1 6 31 31 29 30 32 4
1 5 33 29 32 4 3
1 5 31 29 32 4 85
1 4 31 4 85 4
1 2 31 193
1 1 37
1 3 29 30 183
1 3 34 35 206
1 7 29 30 184 32 4 85 287
1 3 14 128 779
1 4 14 128 29 31
1 1 12
1 3 14 128 351
1 1 46
1 1 46
1 4 29 4 84 277
1 3 30 184 426
1 3 14 128 354
1 3 29 4 3
1 2 29 180
1 3 30 184 32
1 3 14 128 779
1 5 29 30 184 333 84
1 3 14 128 779
1 5 31 29 30 32 196
1 9 14 128 29 30 184 32 4 85 4
1 3 14 128 354
1 3 14 128 355
1 2 29 178
1 1 47
1 3 31 31 31
1 4 31 31 31 188
1 3 31 31 31
1 2 1 65
1 3 31 31 1
1 3 31 31 31
1 3 31 31 31
1 3 31 31 31
1 3 31 31 31
1 3 31 31 31
1 3 31 31 31
1 3 31 31 31
1 4 31 31 1 65
1 3 31 31 31
1 5 33 29 32 4 3
1 4 29 32 4 94
1 3 33 29 181
1 5 33 29 32 4 85
1 3 31 31 31
1 1 48
1 3 29 32 199
1 3 29 32 4
1 1 48
1 5 14 128 29 31 192
1 4 14 128 29 178
1 2 8 117
1 2 14 130
1 3 49 232 489
1 3 29 4 85
1 3 49 232 488
1 3 49 232 488
1 3 49 232 490
1 3 49 232 487
1 3 34 35 205
1 3 34 35 205
1 3 34 35 207
1 3 34 35 205
1 3 29 32 4
1 6 14 128 29 4 3 83
1 3 31 31 1
1 3 29 32 4
1 6 33 29 32 4 85 291
1 5 29 32 4 85 291
1 4 14 128 352 604
1 4 29 32 4 85
1 3 14 128 779
1 3 31 1 65
1 3 31 31 188
1 3 4 3 83
1 4 24 18 4 74
1 7 3 2 4 3 4 84 85
1 3 3 4 1
1 3 3 5 96
1 5 19 4 3 4 84
1 3 19 4 90
1 5 3 4 3 4 74
1 2 3 80
1 2 26 173
1 5 16 133 360 4 89
1 4 4 84 277 527
1 3 2 4 85
1 8 8 116 333 583 779 4 92 302
1 2 19 146
1 9 8 116 333 583 779 2 4 92 302
1 5 35 209 459 687 856
1 3 19 4 3
1 5 2 4 3 4 84
1 3 2 4 74
1 3 2 4 92
1 3 4 84 277
1 3 2 4 85
1 2 85 290
1 4 2 3 4 3
1 4 2 4 92 302
1 2 583 784
1 4 5 4 3 85
1 1 50
1 1 50
1 4 4 3 4 85
1 3 24 24 24
1 4 4 3 4 85
1 1 50
1 5 4 84 2 4 3
1 3 4 84 279
1 5 3 4 84 4 85
1 3 3 4 3
1 3 4 1 59
1 3 3 4 92
1 3 4 3 85
1 3 4 3 71
1 3 3 4 92
1 3 3 4 92
1 4 1 4 3 85
1 3 18 19 152
1 2 32 197
1 3 3 4 3
1 3 18 19 147
1 3 18 19 149
1 2 1 63
1 3 18 18 19
1 2 21 160
1 4 3 4 84 277
1 1 50
1 4 85 2 4 2
1 4 85 2 85 2
1 3 1 4 3
1 1 13
1 2 32 194
1 2 32 194
1 2 32 197
1 2 32 196
1 4 18 19 4 3
1 4 18 19 4 3
1 5 18 19 4 3 2
1 5 18 4 3 4 3
1 3 18 4 3
1 4 18 18 4 3
1 3 4 84 277
1 4 3 3 4 3
1 3 85 4 3
1 4 3 4 84 277
1 3 3 74 4
1 3 3 4 22
1 3 85 4 3
1 6 4 85 4 85 3 3
1 5 85 4 3 4 85
1 5 3 4 3 4 3
1 7 4 3 2 4 84 277 580
1 2 35 208
1 5 8 116 333 580 779
1 2 18 136
1 1 40
1 1 43
1 6 16 133 360 4 83 276
1 1 43
1 2 35 210
1 1 43
1 5 8 116 333 580 779
1 1 40
1 5 35 209 459 7 108
1 3 8 116 334
1 4 19 4 3 2
1 2 18 144
1 2 1 60
1 1 40
1 2 35 204
1 7 8 116 333 84 85 2 779
1 7 8 116 333 84 277 580 779
1 4 8 116 333 581
1 4 8 333 84 285
1 3 8 333 582
1 5 8 116 333 583 787
1 9 8 116 333 580 779 4 3 4 3
1 4 35 209 459 686
1 6 35 209 459 7 108 323
1 6 8 116 333 84 2 779
1 3 4 3 2
1 2 8 109
1 6 8 333 84 2 779 4
1 4 8 333 580 779
1 2 8 115
1 3 35 209 458
1 4 8 333 580 779
1 1 27
1 2 8 111
1 6 8 116 333 583 779 2
1 4 8 333 580 779
1 6 8 333 84 2 779 3
1 5 8 116 333 580 779
1 6 8 116 333 779 4 2
1 7 8 116 333 84 2 779 4
1 8 8 333 84 277 580 779 4 3
1 6 8 116 333 583 2 779
1 1 27
1 3 8 333 583
1 6 8 333 583 2 779 919
1 1 45
1 1 45
1 1 45
1 2 31 186
1 5 8 116 333 84 280
1 6 8 116 333 84 2 779
1 6 8 116 333 580 779 921
1 4 4 84 4 84
1 7 3 4 3 2 85 4 92
1 6 3 4 84 277 580 780
1 3 1 4 83
1 2 1 58
1 4 18 18 4 3
1 10 4 3 4 85 4 3 4 3 4 84
1 6 18 18 4 3 4 3
1 2 1 63
1 7 4 3 2 4 3 4 3
1 4 18 4 92 300
1 11 2 4 3 4 3 2 4 3 3 4 22
1 5 3 4 3 5 101
1 2 21 159
1 3 4 92 302
1 5 21 4 84 277 527
1 4 4 74 4 84
1 6 3 2 4 84 85 85
1 4 4 84 277 527
1 5 1 4 85 4 74
1 5 4 85 3 2 4
1 8 2 4 3 4 3 2 4 3
1 7 2 4 3 2 4 3 4
1 3 3 4 3
1 3 21 4 3
1 2 83 275
1 3 4 3 5
1 9 8 116 333 779 4 3 4 3 2
1 8 8 116 184 333 84 277 580 779
1 7 8 116 333 84 277 580 779
1 2 779 917
1 4 8 116 333 581
1 1 43
1 1 38
1 2 19 155
1 4 4 3 4 3
1 6 35 209 459 7 108 323
1 7 8 116 333 580 779 4 3
1 3 1 4 3
1 3 85 4 3
1 1 28
1 6 3 4 2 3 4 3
1 4 8 116 333 583
1 2 6 102
1 6 4 3 5 4 3 5
1 6 4 84 4 3 3 4
1 3 3 4 3
1 6 4 3 4 3 4 5
1 4 3 4 3 2
1 5 4 3 4 3 2
1 1 9
1 2 19 150
1 6 4 85 3 4 3 85
1 3 4 84 277
1 3 3 4 85
1 3 32 4 86
1 1 52
1 3 4 3 77
1 3 4 3 83
1 2 1 57
1 3 14 128 351
1 5 8 116 333 583 779
1 3 85 3 4
1 2 22 165
1 3 4 1 4
1 2 22 162
1 3 1 4 1
1 3 14 128 351
1 3 3 4 85
1 2 19 150
1 3 32 4 3
1 1 40
1 5 35 209 459 7 108
1 1 53
1 3 4 85 286
1 4 18 19 4 92
1 4 4 74 4 83
1 4 18 19 4 3
1 3 18 18 140
1 3 18 4 74
1 3 21 4 91
1 8 85 3 85 4 3 4 92 300
1 3 1 4 3
1 3 5 4 85
1 4 2 4 3 83
1 3 4 3 3
1 5 4 3 4 3 2
1 8 8 116 333 583 779 4 3 2
1 4 4 3 4 93
1 4 16 133 360 616
1 4 32 4 85 3
1 4 32 4 84 277
1 4 35 209 459 686
1 13 4 85 4 3 3 4 85 4 3 4 3 4 85
1 11 4 3 4 84 85 4 85 4 3 4 85
1 8 8 116 333 84 277 580 779 4
1 5 8 116 333 779 4
1 2 32 195
1 2 32 195
1 3 4 3 4
1 2 32 195
1 3 32 4 3
1 3 32 4 3
1 2 19 148
1 3 5 4 83
1 4 4 3 4 3
1 5 2 4 84 277 527
1 3 4 84 277
1 4 2 4 3 4
1 4 85 85 4 22
1 3 4 92 300
1 5 4 2 4 84 284
1 4 4 84 4 3
1 3 5 4 3
1 3 19 4 3
1 3 2 4 3
1 2 19 147
1 5 8 116 333 583 779
1 7 8 116 333 583 779 2 4
1 7 8 116 333 583 779 2 4
1 4 2 4 84 277
1 3 4 84 277
1 5 35 209 459 687 856
1 8 4 84 4 84 4 84 277 528
1 8 4 74 3 4 3 75 3 82
1 9 4 74 3 4 3 3 3 75 263
1 1 9
1 2 21 159
1 4 4 84 4 84
1 8 4 3 4 3 4 3 75 3
1 1 51
1 6 8 116 333 583 779 916
1 3 4 84 277
1 14 8 116 333 583 779 3 2 4 85 3 2 85 2 69
1 17 4 85 3 4 85 85 85 4 3 85 4 85 4 3 4 84 277
1 7 16 133 360 4 3 5 99
1 3 3 5 98
1 2 2 67
1 4 35 209 459 686
1 4 35 209 459 685
1 2 7 106
1 9 8 116 333 583 779 2 4 83 273
1 9 8 116 333 583 779 3 2 4 85
1 8 2 4 85 3 2 4 83 273
1 8 3 4 85 4 3 3 4 74
1 3 85 4 3
1 4 3 3 2 85
1 5 4 3 85 4 84
1 3 21 4 90
1 3 3 3 4
1 2 7 106
1 4 85 3 3 4
1 2 21 161
1 5 3 4 3 4 3
1 3 85 4 3
1 5 18 19 4 92 299
1 6 19 3 4 74 4 95
1 2 19 150
1 1 54
1 4 19 4 84 282
1 1 54
1 10 2 4 84 277 3 4 88 277 3 3
1 1 54
1 3 4 2 3
1 4 4 84 277 580
1 5 3 4 88 277 3
1 2 19 156
1 4 4 3 4 3
1 11 3 4 3 3 3 3 4 3 3 75 262
1 5 19 3 4 84 282
1 7 4 3 74 3 3 4 95
1 9 75 3 4 3 4 3 3 75 263
1 8 19 4 3 4 3 75 3 3
1 7 75 3 4 3 4 3 3
1 10 3 4 3 4 3 74 3 4 3 75
1 4 4 3 75 3
1 2 19 150
1 7 3 74 3 4 84 277 529
1 9 4 3 74 3 4 3 3 75 265
1 9 3 3 4 3 4 3 3 75 3
1 3 3 4 95
1 3 4 85 4
1 2 779 918
1 2 8 111
1 3 24 169 409
1 3 24 169 409
1 3 24 169 406
1 9 3 3 3 3 3 4 88 277 3
1 6 8 116 184 333 580 779
1 13 4 3 3 74 3 3 4 88 277 3 3 3 3
1 2 31 192
1 2 8 118
1 2 7 107
1 4 8 333 580 779
1 8 3 3 3 4 3 75 3 3
1 4 8 333 580 779
1 5 4 88 277 3 85
1 8 8 116 333 583 779 3 4 2
1 4 16 133 360 615
1 2 8 109
1 14 3 3 3 3 74 3 3 4 88 277 3 3 4 84
1 7 3 3 3 74 4 88 296
1 6 8 116 184 333 580 779
1 7 3 3 3 4 88 277 530
1 2 1 60
1 12 3 4 74 3 3 3 3 74 4 3 75 3
1 3 18 19 152
1 3 24 169 408
1 11 83 274 277 3 3 3 3 4 3 75 3
1 7 3 3 3 4 3 75 265
1 8 83 274 277 3 4 88 277 3
1 2 26 172
1 2 26 174
1 7 83 274 277 3 3 4 88
1 6 16 133 360 4 83 276
1 5 3 4 88 277 530
1 10 3 3 3 3 74 3 4 88 277 3
1 8 3 3 3 3 3 3 4 88
1 10 3 3 3 3 3 4 88 277 3 3
1 4 3 75 3 4
1 2 8 115
1 2 75 262
1 2 75 266
1 7 16 133 360 4 3 5 99
1 3 3 75 3
1 2 75 262
1 3 1 4 3
1 5 35 209 459 687 855
1 11 83 274 277 3 4 88 277 3 3 3 3
1 9 83 274 277 3 3 3 3 75 266
1 14 3 4 3 3 74 3 3 4 3 3 75 3 3 3
1 1 55
1 3 14 128 351
1 2 8 112
1 1 9
1 9 3 75 3 74 4 84 4 84 277
1 3 4 5 96
1 2 1 59
1 3 75 3 3
1 4 24 18 19 149
1 5 3 3 75 3 4
1 7 8 116 333 580 779 3 83
1 5 3 75 3 74 3
1 3 18 19 4
1 5 8 116 333 84 283
1 4 8 333 580 779
1 5 75 3 4 3 3
1 5 3 75 3 4 22
1 5 8 333 580 779 916
1 4 8 333 580 779
1 6 8 116 333 580 779 920
1 3 31 4 3
1 4 3 75 3 4
1 2 31 189
1 2 85 289
1 7 8 116 333 779 4 3 2
1 2 779 919
1 2 8 110
1 4 8 116 333 581
1 6 75 3 3 85 4 22
1 8 3 75 3 3 74 4 3 83
1 6 8 116 184 333 580 779
1 2 8 118
1 4 75 3 3 3
1 3 75 3 4
1 4 75 3 74 3
1 2 75 264
1 4 4 85 4 85
1 1 56
1 1 17
1 5 24 24 24 18 141
1 4 24 18 4 3
1 4 24 24 24 168
1 3 24 24 167
1 4 779 3 4 3
1 3 1 4 3
1 3 4 84 85
1 4 3 4 84 278
1 2 85 292
1 5 24 18 19 4 3
1 2 779 917
1 7 24 24 24 18 19 4 3
1 5 18 19 4 74 261
1 4 18 4 3 79
1 5 75 3 3 74 3
1 2 16 132
1 1 17
1 5 4 3 4 3 72
1 4 18 4 3 73
1 5 24 18 19 4 3
1 3 18 19 148
1 4 3 85 85 85
