751 253
1 2 1 56
1 3 2 4 5
1 1 6
1 5 5 5 4 5 5
1 4 5 4 7 99
1 6 2 3 2 4 4 3
1 2 1 60
1 1 8
1 3 4 4 3
1 3 3 4 1
1 6 2 4 5 2 3 4
1 7 4 4 3 3 4 4 3
1 4 10 314 542 734
1 3 4 3 71
1 1 11
1 1 12
1 1 11
1 1 13
1 4 744 2 4 3
1 2 15 125
1 4 4 3 4 3
1 5 16 129 339 4 82
1 3 18 19 4
1 3 18 4 3
1 1 20
1 1 12
1 3 22 4 3
1 2 1 59
1 5 2 4 5 4 4
1 2 7 97
1 3 4 74 4
1 7 22 4 4 3 5 4 69
1 3 22 4 3
1 5 2 4 5 4 5
1 6 2 4 5 5 5 2
1 5 2 3 4 4 2
1 6 2 5 4 4 74 264
1 3 22 4 3
1 2 7 98
1 5 4 2 3 4 5
1 2 18 136
1 3 3 4 83
1 4 22 4 3 5
1 2 24 165
1 4 2 4 4 23
1 2 2 65
1 5 4 2 4 4 4
1 4 2 4 3 4
1 3 4 4 3
1 6 24 18 19 4 3 69
1 1 25
1 3 2 4 74
1 2 22 158
1 5 2 5 4 3 3
1 3 3 4 1
1 3 18 4 3
1 3 4 3 68
1 4 2 4 3 5
1 4 19 4 3 74
1 4 24 18 4 3
1 4 19 3 4 3
1 4 18 19 4 3
1 3 22 4 3
1 7 2 4 3 3 3 4 85
1 1 27
1 5 3 2 4 5 5
1 3 5 4 3
1 4 3 4 4 3
1 1 14
1 2 19 145
1 3 2 4 3
1 3 2 4 3
1 4 4 4 4 3
1 3 4 3 5
1 3 4 5 5
1 2 1 59
1 2 744 891
1 3 5 4 3
1 3 4 4 5
1 3 3 5 5
1 3 4 3 76
1 3 24 167 391
1 2 23 162
1 2 23 160
1 2 23 162
1 2 5 90
1 3 167 167 394
1 2 23 162
1 5 5 5 2 4 3
1 3 3 4 3
1 4 5 3 4 81
1 5 5 3 4 5 90
1 3 3 4 81
1 2 3 75
1 2 18 133
1 3 5 5 90
1 2 23 161
1 3 18 4 85
1 3 5 3 4
1 4 744 4 3 77
1 5 4 4 5 4 5
1 6 2 3 4 5 4 3
1 8 4 3 4 3 4 3 4 3
1 3 22 4 4
1 7 4 2 3 4 4 3 2
1 5 2 3 4 3 2
1 4 19 3 4 3
1 2 7 102
1 3 1 4 74
1 2 2 67
1 5 2 3 3 4 85
1 4 2 4 85 275
1 4 2 5 4 3
1 1 8
1 5 28 174 404 625 800
1 2 19 146
1 3 4 3 2
1 5 4 5 3 7 96
1 3 19 4 3
1 7 10 114 314 744 4 3 71
1 4 4 3 7 99
1 7 545 2 4 3 2 4 2
1 3 5 4 4
1 3 22 4 4
1 3 1 4 80
1 2 22 158
1 2 7 96
1 2 22 158
1 3 4 2 4
1 2 545 742
1 3 18 4 69
1 3 24 24 166
1 3 24 24 166
1 2 545 742
1 3 18 19 3
1 2 1 56
1 6 5 2 4 2 4 5
1 3 3 4 3
1 4 24 24 24 166
1 2 3 78
1 2 22 158
1 3 15 124 328
1 2 545 741
1 2 1 57
1 4 545 2 4 3
1 3 3 4 5
1 3 1 4 7
1 3 4 7 98
1 1 26
1 5 10 114 314 545 744
1 4 744 4 3 3
1 5 10 114 314 542 736
1 1 30
1 5 10 114 314 542 733
1 2 9 106
1 4 4 5 4 3
1 7 19 4 3 4 3 2 64
1 6 10 114 314 545 744 891
1 3 24 24 166
1 1 11
1 3 4 4 4
1 3 22 4 3
1 1 29
1 2 33 192
1 2 15 126
1 2 33 195
1 2 10 110
1 2 32 185
1 3 15 124 332
1 5 33 196 437 34 201
1 3 15 124 744
1 2 32 185
1 3 33 196 438
1 2 10 112
1 3 35 33 193
1 3 196 437 34
1 3 15 124 330
1 4 32 33 196 438
1 3 15 124 330
1 10 33 196 437 34 4 3 4 3 4 3
1 3 196 437 34
1 3 36 28 175
1 3 36 28 175
1 3 24 167 396
1 3 24 18 139
1 4 19 196 437 648
1 2 19 150
1 3 24 18 134
1 2 19 148
1 2 24 168
1 2 38 208
1 4 24 24 24 167
1 3 24 167 396
1 3 24 167 390
1 1 37
1 2 38 209
1 6 22 4 3 4 85 275
1 8 35 33 196 437 34 3 4 69
1 3 32 32 190
1 2 35 204
1 3 18 19 4
1 2 167 389
1 5 28 174 404 625 800
1 2 18 141
1 2 36 206
1 7 10 114 32 314 542 540 744
1 5 18 19 196 437 647
1 3 15 124 327
1 2 32 187
1 3 33 4 23
1 3 15 124 326
1 2 167 396
1 2 18 140
1 3 38 210 453
1 2 167 392
1 7 38 210 18 19 196 437 34
1 2 167 390
1 6 38 210 18 19 196 435
1 2 167 396
1 2 18 139
1 7 38 210 18 19 196 437 34
1 5 28 174 404 625 800
1 2 167 390
1 4 38 210 18 140
1 4 38 210 18 139
1 2 167 393
1 7 38 210 18 19 196 437 34
1 4 28 174 404 623
1 2 18 135
1 2 36 206
1 3 196 437 34
1 2 15 126
1 4 32 33 34 3
1 4 35 33 4 5
1 3 196 437 34
1 3 15 124 744
1 4 35 33 4 3
1 3 15 124 332
1 7 35 33 196 437 34 4 74
1 3 15 124 744
1 4 15 124 33 195
1 2 32 184
1 2 35 205
1 2 10 112
1 8 33 196 437 34 4 3 4 3
1 1 42
1 2 16 130
1 4 33 196 437 34
1 1 44
1 5 33 196 437 34 200
1 4 35 33 196 436
1 3 15 124 331
1 7 15 124 33 196 437 34 200
1 3 22 4 3
1 4 196 437 34 4
1 3 15 124 330
1 3 15 124 330
1 6 33 196 437 34 4 3
1 1 46
1 3 196 437 34
1 1 44
1 5 33 196 437 34 200
1 1 44
1 5 35 33 34 4 3
1 2 35 203
1 4 33 196 437 34
1 5 35 33 196 437 650
1 5 32 33 34 4 5
1 2 32 191
1 1 40
1 1 40
1 3 33 196 436
1 3 36 28 175
1 3 15 124 331
1 4 15 124 33 195
1 1 13
1 1 47
1 4 33 4 4 3
1 3 196 437 647
1 4 33 196 437 649
1 3 15 124 331
1 6 32 33 4 3 4 3
1 2 33 194
1 3 15 124 744
1 3 15 124 744
1 4 32 33 196 438
1 3 15 124 331
1 3 15 124 333
1 1 48
1 1 48
1 1 48
1 3 32 32 32
1 4 32 32 32 188
1 3 32 32 32
1 2 1 62
1 3 32 32 32
1 3 32 32 184
1 3 32 32 32
1 3 32 32 32
1 3 32 32 32
1 3 32 32 32
1 3 32 32 32
1 3 32 32 32
1 3 32 32 32
1 3 32 32 32
1 3 32 32 32
1 5 35 33 34 4 3
1 3 33 4 3
1 5 35 33 34 4 5
1 3 32 32 32
1 1 43
1 3 33 34 202
1 3 33 34 4
1 1 43
1 4 15 124 33 192
1 2 15 127
1 1 49
1 3 33 4 5
1 3 35 33 194
1 1 49
1 3 36 28 176
1 3 36 28 176
1 3 36 28 177
1 3 36 28 176
1 3 33 34 4
1 2 33 193
1 6 15 124 33 4 3 69
1 3 33 34 4
1 6 35 33 34 4 5 93
1 3 15 124 744
1 3 4 3 69
1 4 4 3 4 3
1 3 18 4 3
1 4 24 18 4 74
1 7 3 2 4 3 4 4 5
1 3 3 4 1
1 3 3 7 96
1 5 19 4 3 4 4
1 3 19 4 83
1 5 3 4 3 4 74
1 4 3 2 5 4
1 1 30
1 5 16 129 339 4 82
1 5 4 4 3 4 3
1 3 2 4 5
1 8 10 114 314 545 744 4 85 276
1 2 19 142
1 5 28 174 404 625 801
1 3 19 4 3
1 5 2 4 3 4 4
1 2 2 67
1 3 2 4 85
1 3 4 4 3
1 2 5 92
1 2 545 740
1 2 7 98
1 1 50
1 4 4 3 4 5
1 1 50
1 5 19 19 4 72 258
1 7 4 3 5 4 3 2 4
1 3 4 4 80
1 4 3 4 5 91
1 5 3 4 4 4 5
1 3 4 1 57
1 3 3 4 85
1 3 4 3 68
1 3 3 4 85
1 3 3 4 85
1 2 22 157
1 3 18 19 149
1 5 24 18 19 4 3
1 3 3 4 3
1 3 18 19 143
1 2 1 61
1 4 3 4 4 3
1 4 5 2 4 2
1 4 5 2 5 2
1 3 1 4 3
1 2 34 197
1 2 34 197
1 2 34 197
1 2 34 199
1 2 34 198
1 4 18 19 4 3
1 4 18 19 4 3
1 5 18 19 4 3 2
1 4 18 18 4 3
1 4 18 18 4 3
1 4 3 3 4 3
1 3 5 4 3
1 3 4 3 76
1 4 3 4 4 3
1 6 1 4 4 4 3 4
1 3 3 74 4
1 3 3 4 23
1 4 5 3 3 4
1 3 5 4 3
1 6 4 5 4 5 3 3
1 5 5 4 3 4 5
1 3 4 3 4
1 2 28 173
1 1 45
1 6 16 129 339 4 69 257
1 1 45
1 2 28 178
1 6 16 129 339 4 7 100
1 1 45
1 5 10 114 314 540 744
1 4 28 174 404 623
1 4 19 4 3 2
1 2 1 58
1 1 41
1 2 32 186
1 1 41
1 1 41
1 2 28 172
1 4 5 4 4 3
1 4 10 114 314 541
1 4 10 314 542 737
1 3 10 314 543
1 5 10 114 314 545 743
1 4 28 174 404 622
1 4 28 174 404 624
1 4 28 174 404 623
1 5 10 114 314 542 735
1 3 10 114 315
1 3 4 3 2
1 2 10 107
1 6 10 314 542 540 744 4
1 4 10 314 540 744
1 2 10 113
1 3 28 174 403
1 2 10 109
1 6 10 114 314 545 744 2
1 4 10 314 540 744
1 6 10 314 542 540 744 3
1 5 10 114 314 540 744
1 6 10 114 314 744 4 2
1 7 10 114 314 542 540 744 4
1 4 10 314 542 733
1 6 10 114 314 545 2 64
1 1 29
1 3 10 314 545
1 3 5 4 3
1 5 10 314 542 540 744
1 5 10 314 545 2 64
1 2 10 113
1 1 51
1 1 51
1 2 32 186
1 2 10 109
1 5 10 114 314 542 736
1 6 10 114 314 542 540 744
1 4 4 4 4 4
1 7 3 4 3 2 5 4 85
1 3 22 4 3
1 3 1 4 69
1 4 4 3 4 3
1 2 18 136
1 2 1 56
1 4 18 18 4 3
1 10 4 3 4 5 4 3 4 3 4 4
1 3 18 18 133
1 4 19 4 3 4
1 2 1 61
1 2 18 138
1 11 2 4 3 4 3 2 4 3 3 4 23
1 2 22 157
1 3 4 85 276
1 4 4 74 4 4
1 6 3 2 4 4 5 5
1 2 3 73
1 4 4 4 3 4
1 5 1 4 5 4 74
1 5 4 5 3 2 4
1 7 2 4 3 2 4 3 4
1 3 3 4 3
1 3 22 4 3
1 2 69 255
1 3 4 3 7
1 2 744 891
1 4 10 114 314 541
1 4 4 4 3 2
1 1 45
1 1 39
1 4 4 3 4 3
1 4 28 174 404 623
1 7 10 114 314 540 744 4 3
1 3 5 4 3
1 1 31
1 6 3 4 2 3 4 3
1 1 8
1 4 5 2 4 3
1 3 3 4 3
1 4 3 4 3 2
1 1 21
1 6 3 4 4 72 4 5
1 6 4 5 3 4 3 5
1 1 6
1 4 4 3 3 4
1 3 4 3 75
1 3 18 4 5
1 3 4 3 69
1 2 1 55
1 2 1 57
1 3 15 124 329
1 5 10 114 314 545 744
1 5 4 3 4 4 5
1 3 5 3 4
1 2 23 163
1 3 4 1 4
1 2 23 160
1 3 1 4 3
1 3 1 4 1
1 3 15 124 329
1 3 3 4 5
1 3 19 19 147
1 3 4 5 88
1 5 4 4 74 4 3
1 3 18 18 133
1 4 18 19 4 85
1 4 18 19 4 5
1 4 4 74 4 69
1 4 5 4 3 5
1 4 18 19 4 3
1 4 4 3 2 5
1 5 18 19 4 74 264
1 3 18 18 137
1 3 18 19 4
1 3 22 4 84
1 8 5 3 5 4 3 4 85 274
1 3 4 3 4
1 4 2 4 3 3
1 3 1 4 3
1 2 7 98
1 4 2 4 3 69
1 3 4 3 3
1 5 4 3 4 3 2
1 8 10 114 314 545 744 4 3 2
1 4 4 3 4 86
1 14 10 114 314 545 744 3 4 3 2 4 3 2 4 5
1 13 4 5 4 3 3 4 5 4 3 4 3 4 5
1 4 4 3 69 256
1 11 4 3 4 4 5 4 5 4 3 4 5
1 5 10 114 314 744 4
1 3 5 5 93
1 1 21
1 3 34 4 3
1 3 34 3 76
1 4 34 3 4 69
1 3 4 3 4
1 3 34 3 77
1 3 34 4 3
1 3 34 4 3
1 2 19 144
1 3 18 4 3
1 1 30
1 3 2 4 85
1 4 4 3 4 3
1 6 2 4 4 3 4 5
1 3 4 4 3
1 3 19 4 84
1 4 5 2 4 4
1 3 4 85 274
1 1 29
1 3 10 314 744
1 1 30
1 3 19 4 3
1 3 2 4 3
1 2 19 143
1 5 10 114 314 545 744
1 5 18 19 4 5 2
1 7 10 114 314 545 744 2 4
1 3 4 4 3
1 2 9 106
1 14 4 4 4 4 4 4 3 74 4 3 72 3 4 3
1 1 21
1 2 22 157
1 5 4 69 3 72 4
1 8 4 3 4 3 4 3 72 3
1 6 10 114 314 545 744 889
1 3 4 4 3
1 14 10 114 314 545 744 3 2 4 5 3 2 5 2 66
1 2 2 63
1 17 4 5 3 4 5 5 5 4 3 5 4 5 4 3 4 4 3
1 7 16 129 339 4 3 7 100
1 14 10 114 314 545 744 2 4 5 2 4 3 2 4 3
1 2 2 63
1 4 28 174 404 624
1 4 28 174 404 622
1 2 9 106
1 9 10 114 314 545 744 2 4 69 254
1 9 10 114 314 545 744 3 2 4 5
1 8 2 4 5 3 2 4 69 254
1 11 4 4 5 3 4 3 4 3 4 4 3
1 8 3 4 5 4 3 3 4 74
1 3 5 4 3
1 4 3 3 2 5
1 2 7 101
1 5 4 3 5 4 4
1 3 22 4 83
1 3 3 4 23
1 2 9 106
1 2 22 159
1 5 3 4 3 4 3
1 3 5 4 3
1 5 18 19 4 85 273
1 9 19 19 3 3 3 3 3 4 5
1 1 52
1 16 19 3 4 3 4 3 4 72 3 3 3 4 72 3 4 3
1 5 19 4 4 72 262
1 1 52
1 3 4 3 73
1 8 19 4 3 74 4 3 4 3
1 1 52
1 9 19 4 3 4 3 3 4 72 260
1 10 19 4 3 74 3 3 72 4 72 258
1 4 4 4 3 2
1 10 4 3 4 4 72 3 3 4 3 72
1 2 19 151
1 2 19 151
1 4 19 19 19 151
1 6 4 3 3 72 3 3
1 15 3 4 3 3 3 3 4 3 3 72 4 3 72 3 3
1 4 3 4 3 3
1 7 4 3 74 3 3 4 87
1 9 72 3 4 3 4 3 3 72 258
1 8 19 4 3 4 3 72 3 3
1 7 72 3 4 3 4 3 3
1 7 19 3 3 4 3 72 258
1 10 3 4 3 4 3 74 3 4 3 72
1 4 4 3 72 3
1 5 3 74 4 72 260
1 9 3 74 3 4 4 3 72 3 69
1 9 3 3 4 3 4 3 3 72 3
1 3 3 4 3
1 3 4 5 4
1 2 744 890
1 2 10 109
1 3 24 167 167
1 3 24 167 167
1 3 24 167 167
1 3 24 167 167
1 3 24 167 395
1 2 10 113
1 9 3 3 3 3 3 4 72 3 3
1 6 10 114 32 314 540 744
1 9 3 3 3 3 4 3 4 72 3
1 5 10 114 314 540 744
1 13 4 3 3 74 3 3 4 72 3 3 3 3 3
1 2 10 115
1 2 10 115
1 4 10 314 540 744
1 8 3 3 3 4 3 72 3 3
1 4 10 314 540 744
1 5 4 72 3 3 5
1 4 16 129 339 573
1 14 3 3 3 3 74 3 3 4 72 3 3 3 4 4
1 6 10 114 32 314 540 744
1 7 3 3 3 74 4 72 260
1 3 10 314 544
1 2 1 58
1 7 10 114 32 314 545 2 64
1 12 3 4 74 3 3 3 3 74 4 3 72 3
1 3 18 19 149
1 3 24 167 393
1 11 69 3 3 3 3 3 3 4 3 72 3
1 7 3 3 3 4 3 72 260
1 8 3 3 3 3 4 72 3 77
1 7 69 3 3 3 3 4 72
1 5 3 4 72 3 77
1 5 3 3 4 72 3
1 8 3 3 3 3 3 3 4 72
1 10 3 3 3 3 3 4 72 3 3 3
1 2 10 107
1 4 10 114 314 541
1 4 3 72 3 4
1 2 10 113
1 2 72 261
1 7 16 129 339 4 3 7 100
1 3 3 72 3
1 3 72 4 3
1 5 28 174 404 625 800
1 11 69 3 3 3 4 72 3 3 3 3 3
1 9 69 3 3 3 3 3 3 72 261
1 2 19 148
1 14 3 4 3 3 74 3 3 4 3 3 72 3 3 3
1 1 53
1 3 15 124 329
1 2 10 111
1 1 21
1 9 3 72 3 74 4 4 4 4 3
1 3 4 7 96
1 2 1 57
1 1 29
1 3 72 3 3
1 4 24 18 19 145
1 5 3 72 3 74 3
1 3 3 72 259
1 3 18 19 4
1 4 10 314 540 744
1 9 3 3 72 3 3 4 4 3 4
1 5 3 72 3 4 23
1 5 10 314 540 744 889
1 5 744 3 72 4 5
1 4 10 314 540 744
1 1 20
1 6 10 114 314 540 744 893
1 2 32 185
1 4 3 72 3 4
1 2 32 189
1 2 5 91
1 7 10 114 314 744 4 3 2
1 2 744 892
1 2 10 108
1 8 3 3 74 3 3 5 4 3
1 6 72 3 3 5 4 23
1 8 3 72 3 3 74 4 3 69
1 6 10 114 32 314 540 744
1 4 72 3 3 4
1 2 10 115
1 4 72 3 3 3
1 3 72 3 4
1 4 72 3 74 3
1 4 4 5 4 5
1 1 54
1 1 17
1 5 24 24 24 18 138
1 4 24 18 4 3
1 2 18 138
1 3 24 24 164
1 4 18 19 19 143
1 2 3 79
1 4 5 4 3 4
1 3 4 4 5
1 4 3 4 4 69
1 5 4 4 3 4 3
1 2 5 89
1 5 24 18 19 4 3
1 2 744 891
1 7 24 24 24 18 19 4 3
1 5 18 19 4 74 264
1 2 16 128
1 1 17
1 5 4 3 4 3 70
1 4 18 4 3 71
1 5 18 19 4 3 2
1 5 24 18 19 4 3
1 3 18 19 144
1 4 3 5 5 5
