765 261
1 2 1 56
1 3 2 4 5
1 1 6
1 5 5 5 4 5 5
1 4 5 4 7 103
1 2 1 59
1 3 3 4 3
1 3 4 82 68
1 3 3 4 1
1 6 2 4 5 2 3 4
1 2 9 109
1 2 4 84
1 5 10 314 82 5 2
1 4 743 4 85 267
1 3 4 3 71
1 1 12
1 1 13
1 9 3 4 86 4 3 4 3 4 5
1 1 12
1 1 14
1 2 15 129
1 1 16
1 5 17 134 344 4 87
1 3 19 20 4
1 3 19 20 4
1 1 21
1 1 13
1 4 4 3 4 5
1 3 22 4 3
1 2 1 58
1 3 1 4 90
1 3 4 85 4
1 5 22 4 82 68 242
1 3 22 4 3
1 4 2 4 82 256
1 5 2 4 5 4 5
1 6 2 4 5 5 5 2
1 5 2 3 4 82 2
1 3 4 82 5
1 2 2 64
1 3 22 4 3
1 3 7 4 3
1 4 7 4 85 268
1 2 19 140
1 3 4 3 72
1 3 3 4 88
1 4 22 4 3 5
1 2 24 163
1 4 2 4 82 263
1 5 4 2 4 82 4
1 2 2 65
1 4 2 4 3 4
1 3 4 82 68
1 6 24 19 20 4 3 69
1 3 24 20 148
1 1 26
1 3 2 4 85
1 2 22 160
1 2 20 153
1 3 19 4 3
1 3 4 3 67
1 4 2 4 3 5
1 4 24 19 4 3
1 4 20 3 4 3
1 4 19 20 4 3
1 7 2 4 3 68 68 4 90
1 1 27
1 3 5 4 3
1 3 4 82 68
1 3 2 3 4
1 4 3 4 82 68
1 4 2 4 3 5
1 1 28
1 3 2 4 3
1 2 20 149
1 3 4 3 5
1 3 4 5 5
1 2 1 58
1 1 21
1 3 4 7 4
1 2 743 876
1 3 5 4 3
1 3 2 4 85
1 3 4 82 5
1 3 3 5 5
1 3 4 3 75
1 2 25 167
1 2 25 165
1 2 25 167
1 3 164 164 385
1 2 25 167
1 5 5 5 2 4 3
1 3 3 4 3
1 4 5 3 4 84
1 3 3 4 84
1 2 3 73
1 2 19 138
1 3 5 5 95
1 2 25 166
1 3 3 5 5
1 3 19 4 90
1 5 4 82 5 4 5
1 3 22 4 82
1 5 2 3 4 3 2
1 4 20 3 4 3
1 2 29 171
1 3 22 4 3
1 2 29 171
1 5 2 3 68 4 90
1 4 2 4 90 276
1 5 20 3 68 4 3
1 3 2 3 74
1 4 2 4 82 68
1 2 2 64
1 5 2 3 4 90 275
1 1 8
1 5 30 174 402 625 796
1 1 8
1 2 20 150
1 8 10 117 314 551 743 4 82 68
1 3 4 3 2
1 5 4 5 3 7 102
1 3 20 4 3
1 7 10 117 314 743 4 3 71
1 4 4 3 7 103
1 7 551 2 4 3 2 4 2
1 3 22 4 82
1 3 1 4 83
1 2 7 102
1 2 22 160
1 3 4 2 4
1 4 551 2 3 79
1 3 19 4 69
1 3 19 20 151
1 4 24 24 20 3
1 5 24 24 20 3 4
1 3 19 20 3
1 3 24 24 20
1 6 5 2 4 2 4 5
1 3 3 4 3
1 6 24 24 24 20 3 69
1 2 22 160
1 3 15 130 334
1 3 20 4 3
1 7 551 2 4 5 2 4 5
1 2 29 172
1 3 551 2 63
1 3 3 4 5
1 6 4 5 5 5 4 3
1 3 1 4 7
1 4 4 7 4 3
1 1 23
1 5 10 117 314 551 743
1 4 743 4 3 68
1 5 10 117 314 82 259
1 7 10 117 314 82 68 547 743
1 2 9 110
1 6 10 117 314 551 743 876
1 4 19 4 3 69
1 1 12
1 3 4 5 94
1 3 22 4 3
1 2 15 131
1 3 117 419 641
1 2 32 185
1 3 184 419 34
1 2 32 180
1 2 33 187
1 2 15 131
1 2 10 115
1 2 33 186
1 3 15 130 337
1 5 32 184 419 34 198
1 3 15 130 331
1 3 15 130 337
1 2 33 186
1 3 32 184 34
1 2 10 116
1 3 15 130 336
1 6 33 32 184 34 4 3
1 3 15 130 336
1 10 32 184 419 34 4 3 4 3 4 3
1 3 184 419 34
1 3 35 30 176
1 3 35 30 176
1 2 30 175
1 3 24 164 387
1 3 24 19 143
1 4 20 184 419 638
1 2 36 202
1 2 20 154
1 3 24 19 139
1 3 24 164 387
1 2 20 152
1 2 36 200
1 4 24 24 24 164
1 2 36 202
1 5 38 32 184 419 34
1 6 38 32 184 419 34 194
1 2 19 143
1 3 36 203 446
1 3 19 20 4
1 2 164 382
1 7 36 203 19 20 184 419 34
1 5 30 174 402 625 796
1 1 37
1 3 15 130 332
1 7 10 117 419 314 82 2 743
1 5 19 20 184 419 637
1 3 15 130 333
1 2 33 188
1 2 164 387
1 2 19 144
1 3 36 203 446
1 7 36 203 19 20 184 419 34
1 2 164 383
1 2 36 201
1 2 164 383
1 7 36 203 19 20 184 419 34
1 5 30 174 402 625 796
1 2 164 383
1 4 36 203 19 144
1 2 164 386
1 7 36 203 19 20 184 419 34
1 2 35 199
1 4 38 32 4 85
1 2 15 131
1 4 38 32 4 5
1 3 184 419 34
1 4 38 32 4 3
1 3 15 130 337
1 7 38 32 184 419 34 4 85
1 3 15 130 331
1 4 15 130 32 185
1 3 33 1 61
1 2 38 207
1 2 10 116
1 8 32 184 419 34 4 3 4 3
1 1 39
1 2 32 182
1 3 184 419 34
1 2 17 135
1 4 32 184 419 34
1 1 39
1 1 41
1 5 32 184 419 34 197
1 3 15 130 338
1 7 15 130 32 184 419 34 197
1 4 184 419 34 4
1 3 32 184 34
1 3 15 130 336
1 6 32 184 419 34 4 3
1 2 38 208
1 1 43
1 3 184 419 34
1 1 43
1 3 22 4 3
1 1 41
1 5 32 184 419 34 197
1 1 41
1 6 33 33 32 184 34 4
1 5 38 32 34 4 3
1 2 38 206
1 4 32 184 419 34
1 5 38 32 184 419 640
1 5 33 32 34 4 5
1 2 33 186
1 1 37
1 3 32 184 418
1 3 35 30 176
1 7 32 184 419 34 4 5 94
1 3 15 130 331
1 3 15 130 338
1 1 45
1 3 15 130 335
1 1 46
1 1 46
1 3 184 419 637
1 4 32 184 419 639
1 3 15 130 338
1 6 33 32 4 3 4 3
1 3 32 4 3
1 2 32 182
1 3 184 419 34
1 3 15 130 331
1 5 32 184 419 314 82
1 5 33 32 184 34 195
1 9 15 130 32 184 419 34 4 5 4
1 2 32 180
1 1 47
1 1 47
1 1 47
1 4 33 33 33 190
1 3 33 33 33
1 3 33 33 33
1 3 33 33 1
1 3 33 33 33
1 3 33 33 33
1 3 33 33 33
1 3 33 33 33
1 3 33 33 33
1 4 33 33 1 62
1 3 33 33 33
1 3 33 33 33
1 3 32 4 3
1 4 32 34 4 92
1 3 38 32 183
1 5 38 32 34 4 5
1 1 40
1 3 32 34 4
1 1 40
1 4 15 130 32 185
1 4 15 130 32 180
1 2 10 119
1 2 15 132
1 2 48 220
1 2 48 220
1 3 38 32 182
1 2 48 220
1 2 48 220
1 3 35 30 175
1 3 35 30 177
1 3 35 30 175
1 3 32 34 4
1 2 32 181
1 6 15 130 32 4 3 69
1 3 33 33 1
1 6 38 32 34 4 5 99
1 5 32 34 4 5 99
1 3 15 130 336
1 4 32 34 4 5
1 3 33 1 62
1 3 33 33 190
1 3 4 3 69
1 4 4 3 4 3
1 3 19 4 3
1 4 24 19 4 85
1 3 3 4 1
1 3 20 4 88
1 5 3 4 3 4 85
1 3 3 2 64
1 2 3 78
1 2 29 172
1 5 17 134 344 4 87
1 2 20 146
1 9 10 117 314 551 743 2 4 90 277
1 5 30 174 402 625 797
1 3 20 4 3
1 5 2 4 3 4 82
1 3 2 4 85
1 2 2 66
1 3 2 4 90
1 3 4 82 68
1 3 2 4 5
1 2 5 97
1 4 2 3 4 3
1 4 2 4 90 277
1 2 551 741
1 1 49
1 4 4 3 4 5
1 3 24 24 24
1 10 20 20 4 86 5 5 4 5 4 3
1 5 4 82 2 4 3
1 7 4 3 5 4 3 2 4
1 3 4 82 258
1 4 3 4 5 96
1 3 3 4 3
1 3 4 1 57
1 3 3 4 90
1 3 4 3 5
1 3 3 4 90
1 4 1 4 3 5
1 2 22 159
1 5 24 19 20 4 3
1 2 34 196
1 3 19 20 147
1 3 19 20 149
1 2 1 60
1 3 19 19 20
1 2 22 160
1 4 3 4 82 68
1 1 49
1 4 5 2 4 2
1 1 28
1 2 34 193
1 2 34 193
1 2 34 193
1 2 34 195
1 4 19 20 4 3
1 4 19 20 4 3
1 4 19 20 4 3
1 5 19 20 4 3 2
1 5 19 4 3 4 3
1 4 19 19 4 3
1 3 19 4 3
1 4 19 19 4 3
1 3 4 82 68
1 4 3 68 4 3
1 3 4 3 75
1 4 3 4 82 68
1 6 1 4 82 4 3 4
1 3 3 85 4
1 4 5 3 68 4
1 5 3 4 3 4 3
1 3 4 3 4
1 7 4 3 2 4 82 68 547
1 5 10 117 314 547 743
1 2 19 138
1 2 203 447
1 1 42
1 1 42
1 2 30 178
1 6 17 134 344 4 7 105
1 5 10 117 314 547 743
1 2 203 448
1 3 10 117 315
1 4 20 4 3 2
1 2 19 145
1 2 203 448
1 2 33 191
1 2 203 445
1 2 203 445
1 4 5 4 82 68
1 7 10 117 314 82 5 2 743
1 7 10 117 314 82 68 547 743
1 4 10 314 82 264
1 3 10 314 549
1 5 10 117 314 551 742
1 9 10 117 314 547 743 4 3 4 3
1 4 30 174 402 622
1 4 30 174 402 623
1 4 30 174 402 623
1 5 10 117 314 82 257
1 3 10 117 315
1 6 10 117 314 82 2 743
1 3 4 3 2
1 2 10 112
1 6 10 314 82 2 743 4
1 4 10 314 547 743
1 2 117 313
1 6 10 117 314 551 743 2
1 4 10 314 547 743
1 5 10 117 314 547 743
1 6 10 117 314 743 4 2
1 7 10 117 314 82 2 743 4
1 8 10 314 82 68 547 743 4 3
1 6 10 117 314 551 2 743
1 2 117 312
1 3 10 314 551
1 3 5 4 3
1 5 10 314 82 2 743
1 6 10 314 551 2 743 878
1 2 10 118
1 1 44
1 1 44
1 2 10 114
1 5 10 117 314 82 259
1 6 10 117 314 82 2 743
1 6 10 117 314 547 743 880
1 4 4 82 4 82
1 3 22 4 3
1 6 3 4 82 68 547 737
1 3 1 4 69
1 4 4 3 4 3
1 2 19 140
1 4 19 19 4 3
1 10 4 3 4 5 4 3 4 3 4 82
1 3 19 19 138
1 4 20 4 3 4
1 6 19 19 4 3 4 3
1 7 4 3 2 4 3 4 3
1 4 19 4 90 275
1 2 19 141
1 5 3 4 3 7 106
1 2 22 159
1 3 4 90 277
1 7 22 4 82 68 4 3 4
1 4 4 85 4 82
1 6 3 2 4 82 5 5
1 2 3 76
1 8 2 4 3 4 3 2 4 3
1 7 2 4 3 2 4 3 4
1 3 3 4 3
1 2 69 243
1 3 4 3 7
1 9 10 117 314 743 4 3 4 3 2
1 8 10 117 419 314 82 68 547 743
1 7 10 117 314 82 68 547 743
1 4 4 82 68 547
1 1 42
1 2 20 152
1 4 4 3 4 3
1 3 1 4 3
1 3 5 4 3
1 1 31
1 4 10 117 314 551
1 1 8
1 6 4 3 7 4 3 7
1 6 4 82 4 3 68 4
1 4 5 2 4 3
1 6 4 3 4 3 4 7
1 4 3 4 3 2
1 5 4 3 4 3 2
1 4 20 20 4 3
1 4 3 4 82 261
1 6 4 5 3 4 3 5
1 3 4 82 68
1 3 3 4 5
1 3 34 4 83
1 1 6
1 4 4 3 68 4
1 3 19 4 5
1 3 4 3 69
1 2 1 55
1 2 1 57
1 3 15 130 335
1 5 10 117 314 551 743
1 5 4 3 4 82 5
1 3 4 1 4
1 2 25 165
1 3 1 4 3
1 3 1 4 1
1 3 3 4 5
1 3 34 4 3
1 2 203 448
1 4 30 174 402 623
1 1 51
1 3 4 82 260
1 3 19 19 138
1 4 19 20 4 90
1 4 19 20 4 5
1 4 5 4 3 5
1 4 4 3 2 64
1 5 19 20 4 85 267
1 3 19 19 142
1 3 19 4 85
1 3 19 20 4
1 3 22 4 89
1 8 5 3 5 4 3 4 90 275
1 3 4 3 4
1 4 2 4 3 68
1 3 1 4 3
1 3 7 4 5
1 4 2 4 3 69
1 3 4 3 68
1 8 10 117 314 551 743 4 3 2
1 4 17 134 344 584
1 4 34 4 5 3
1 14 10 117 314 551 743 3 4 3 2 4 3 2 4 5
1 4 34 4 82 68
1 4 30 174 402 624
1 13 4 5 4 3 68 4 5 4 3 4 3 4 5
1 4 4 3 69 244
1 11 4 3 4 82 5 4 5 4 3 4 5
1 8 10 117 314 82 68 547 743 4
1 3 5 5 99
1 1 11
1 3 34 4 3
1 2 34 194
1 3 4 3 4
1 2 34 194
1 3 34 4 3
1 2 20 148
1 3 19 4 3
1 3 7 4 69
1 2 29 172
1 3 2 4 90
1 6 2 4 82 68 4 5
1 3 4 82 68
1 4 2 4 3 4
1 3 20 4 89
1 4 5 2 4 82
1 4 5 5 4 91
1 3 4 90 275
1 5 4 2 4 82 262
1 4 4 82 4 3
1 2 117 316
1 3 10 314 743
1 3 7 4 3
1 2 29 172
1 3 20 4 3
1 3 2 4 3
1 2 20 147
1 5 10 117 314 551 743
1 5 19 20 4 5 2
1 7 10 117 314 551 743 2 4
1 7 10 117 314 551 743 2 4
1 4 2 4 82 68
1 5 30 174 402 625 797
1 2 9 110
1 8 4 85 3 4 3 86 3 81
1 9 4 85 3 4 3 68 68 86 5
1 1 11
1 2 22 159
1 4 4 82 4 82
1 5 4 69 3 86 4
1 8 4 3 4 3 4 3 86 3
1 1 50
1 2 2 63
1 17 4 5 3 4 5 5 5 4 3 5 4 5 4 3 4 82 68
1 3 3 7 103
1 14 10 117 314 551 743 2 4 5 2 4 3 2 4 3
1 2 2 63
1 4 30 174 402 624
1 4 30 174 402 622
1 2 9 110
1 9 10 117 314 551 743 3 2 4 5
1 11 4 82 5 3 4 3 4 3 4 82 68
1 8 3 4 5 4 3 68 4 85
1 3 5 4 3
1 2 7 104
1 5 4 3 5 4 82
1 3 22 4 88
1 3 3 4 91
1 3 3 68 4
1 2 9 110
1 4 5 3 68 4
1 2 22 161
1 5 3 4 3 4 3
1 3 5 4 3
1 5 19 20 4 90 274
1 6 20 3 4 85 4 93
1 1 52
1 16 20 3 4 3 4 3 4 86 3 68 68 4 86 3 4 3
1 4 20 4 82 261
1 3 4 3 76
1 10 2 4 82 68 68 4 86 3 68 68
1 8 20 4 3 85 4 3 4 3
1 1 52
1 9 20 4 3 4 3 68 4 86 270
1 3 4 2 3
1 11 20 4 3 85 3 68 86 4 86 5 3
1 4 4 82 68 547
1 5 4 3 4 82 261
1 5 3 4 86 3 68
1 2 20 155
1 4 4 3 4 3
1 4 20 20 20 155
1 6 4 3 68 86 3 68
1 15 3 4 3 68 68 68 4 3 68 86 4 3 86 3 68
1 5 20 3 4 82 261
1 4 3 4 3 68
1 7 4 3 85 3 68 4 93
1 11 86 3 4 3 4 3 68 86 5 3 5
1 8 20 3 68 4 3 86 5 98
1 10 3 4 3 4 3 85 3 4 3 86
1 4 4 3 86 3
1 5 3 85 4 86 270
1 4 20 20 20 20
1 9 4 3 85 3 4 3 68 86 270
1 9 3 68 4 3 4 3 68 86 3
1 3 3 4 3
1 3 3 4 93
1 3 4 5 4
1 2 743 877
1 2 10 114
1 3 24 164 164
1 3 24 164 164
1 3 24 164 164
1 3 24 164 164
1 3 24 164 384
1 2 10 118
1 9 3 68 68 68 68 4 86 3 68
1 6 10 117 419 314 547 743
1 9 3 68 68 68 4 3 4 86 3
1 5 10 117 314 547 743
1 13 4 3 68 85 3 68 4 86 3 68 68 68 68
1 2 10 120
1 2 33 192
1 2 10 120
1 2 9 111
1 4 10 314 547 743
1 5 4 86 3 68 242
1 8 10 117 314 551 743 3 4 2
1 4 17 134 344 583
1 2 10 112
1 14 3 68 68 68 85 3 68 4 86 3 68 68 4 82
1 6 10 117 419 314 547 743
1 6 10 117 419 314 547 743
1 7 3 68 68 4 86 3 74
1 3 10 314 550
1 7 10 117 419 314 551 2 743
1 12 3 4 85 3 68 68 68 85 4 3 86 3
1 3 19 20 151
1 11 69 3 68 68 68 68 68 4 3 86 3
1 8 3 68 68 68 4 86 3 74
1 8 69 3 68 68 4 86 3 68
1 2 29 171
1 2 29 173
1 7 69 3 68 68 68 4 86
1 6 17 134 344 4 69 245
1 10 3 68 68 68 85 3 4 86 3 68
1 5 3 68 4 86 3
1 8 3 68 68 68 68 68 4 86
1 10 3 68 68 68 68 4 86 3 68 68
1 2 10 112
1 4 10 117 314 548
1 2 10 118
1 3 86 4 82
1 2 86 271
1 7 17 134 344 4 3 7 105
1 3 3 86 3
1 3 1 4 3
1 11 69 3 68 68 4 86 3 68 68 68 68
1 9 69 3 68 68 68 68 68 86 271
1 2 20 152
1 14 3 4 3 68 85 3 68 4 3 68 86 3 68 68
1 1 53
1 9 3 86 3 85 4 82 4 82 68
1 2 1 57
1 3 117 419 641
1 4 24 19 20 149
1 5 3 68 86 3 4
1 7 10 117 314 547 743 3 69
1 3 3 86 269
1 3 19 20 4
1 5 10 117 314 82 263
1 4 10 314 547 743
1 9 3 68 86 3 68 4 82 68 4
1 5 86 3 4 3 68
1 5 3 86 3 4 91
1 5 10 314 547 743 875
1 5 743 3 86 4 5
1 1 21
1 6 10 117 314 547 743 879
1 2 33 186
1 4 3 86 3 4
1 2 33 189
1 2 5 96
1 7 10 117 314 743 4 3 2
1 2 743 878
1 2 10 113
1 4 10 117 314 548
1 6 3 68 85 3 68 242
1 4 86 3 68 242
1 6 10 117 419 314 547 743
1 4 86 3 68 4
1 2 10 120
1 3 86 3 4
1 4 86 3 85 3
1 2 86 269
1 4 4 5 4 5
1 1 54
1 1 18
1 5 24 24 24 19 141
1 4 24 19 4 3
1 4 24 24 24 163
1 2 19 141
1 4 19 20 20 147
1 4 743 3 4 3
1 3 1 4 3
1 2 3 80
1 4 5 4 3 4
1 4 3 4 82 256
1 5 4 82 68 4 3
1 5 24 19 20 4 3
1 2 743 876
1 7 24 24 24 19 20 4 3
1 5 19 20 4 85 267
1 4 19 4 3 77
1 5 86 3 68 85 3
1 1 18
1 5 4 3 4 3 70
1 4 19 4 3 71
1 5 19 20 4 3 2
