965 307
1 2 1 58
1 3 2 4 5
1 1 6
1 5 5 5 4 5 5
1 4 5 4 7 110
1 6 2 3 2 4 86 294
1 2 1 62
1 2 8 117
1 3 3 4 3
1 3 4 86 294
1 3 3 4 1
1 6 2 4 5 2 3 4
1 2 9 118
1 7 4 86 294 3 4 86 294
1 2 4 88
1 5 10 364 86 5 2
1 4 880 4 89 306
1 3 4 3 73
1 1 12
1 1 13
1 4 3 4 90 308
1 1 12
1 1 14
1 1 15
1 4 880 2 4 3
1 2 17 144
1 4 4 3 4 3
1 1 18
1 5 19 150 398 4 91
1 3 21 22 4
1 3 21 4 3
1 3 21 22 4
1 1 23
1 1 13
1 4 4 3 4 5
1 3 24 4 3
1 2 1 61
1 5 2 4 5 4 86
1 2 7 109
1 3 1 4 94
1 3 4 89 4
1 5 24 4 86 294 575
1 3 24 4 3
1 4 2 4 86 295
1 5 2 4 5 4 5
1 6 2 4 5 5 5 2
1 5 2 3 4 86 2
1 3 4 86 5
1 5 2 5 4 86 299
1 3 24 4 3
1 3 7 4 3
1 4 7 4 89 307
1 5 4 2 3 4 5
1 2 21 157
1 3 4 3 76
1 3 3 4 92
1 4 24 4 3 5
1 2 27 187
1 4 2 4 86 301
1 2 2 67
1 5 4 2 4 86 4
1 2 2 67
1 4 2 4 3 4
1 3 4 86 294
1 6 27 21 22 4 3 71
1 3 27 22 166
1 1 28
1 3 2 4 89
1 3 24 5 99
1 5 2 5 4 3 3
1 3 3 4 1
1 2 22 173
1 3 21 4 3
1 3 4 3 70
1 4 2 4 3 5
1 4 22 4 3 89
1 4 27 21 4 3
1 4 22 3 4 3
1 4 21 22 4 3
1 3 24 4 3
1 7 2 4 3 3 3 4 94
1 1 29
1 5 3 2 4 5 5
1 3 5 4 3
1 3 4 86 294
1 3 2 3 4
1 4 3 4 86 294
1 4 2 4 3 5
1 1 16
1 3 2 4 3
1 2 22 167
1 3 2 4 3
1 3 2 4 3
1 4 4 86 4 3
1 3 4 3 5
1 3 4 5 5
1 2 1 61
1 1 23
1 3 4 7 4
1 2 880 1051
1 3 5 4 3
1 3 2 4 89
1 3 4 86 5
1 3 3 5 5
1 3 4 3 78
1 3 27 188 445
1 2 25 183
1 2 25 181
1 2 25 183
1 2 5 101
1 3 188 188 449
1 2 25 183
1 5 5 5 2 4 3
1 3 3 4 3
1 4 5 3 4 88
1 5 5 3 4 5 101
1 3 3 4 88
1 2 3 77
1 2 21 154
1 3 5 5 101
1 2 25 182
1 3 3 5 5
1 3 21 4 94
1 3 5 3 4
1 4 880 4 3 79
1 5 4 86 5 4 5
1 6 2 3 4 5 4 3
1 8 4 3 4 3 4 3 4 3
1 3 24 4 86
1 7 4 2 3 4 86 294 637
1 5 2 3 4 3 2
1 4 22 3 4 3
1 2 30 192
1 2 7 113
1 3 24 4 3
1 2 30 192
1 3 1 4 89
1 2 2 69
1 5 2 3 3 4 94
1 4 2 4 94 315
1 5 22 3 3 4 3
1 3 2 3 79
1 4 2 4 86 294
1 4 2 5 4 3
1 5 2 3 4 94 314
1 2 8 116
1 5 31 196 458 726 941
1 2 8 116
1 2 22 168
1 8 10 129 364 641 880 4 86 294
1 3 4 3 2
1 5 4 5 3 7 108
1 3 22 4 3
1 7 10 129 364 880 4 3 73
1 4 4 3 7 110
1 7 641 2 4 3 2 4 2
1 3 5 4 86
1 3 24 4 86
1 3 1 4 87
1 4 24 5 4 3
1 2 7 108
1 5 24 5 2 4 5
1 3 4 2 4
1 4 641 2 3 82
1 2 641 878
1 3 21 4 71
1 3 21 22 171
1 4 27 27 22 3
1 5 27 27 22 3 4
1 2 641 878
1 3 21 22 3
1 3 27 27 22
1 2 1 58
1 6 5 2 4 2 4 5
1 3 3 4 3
1 6 27 27 27 22 3 71
1 2 3 81
1 3 24 5 104
1 3 17 145 386
1 3 22 4 3
1 2 641 877
1 7 641 2 4 5 2 4 5
1 2 1 59
1 4 641 2 4 3
1 3 30 4 95
1 3 641 2 66
1 3 3 4 5
1 6 4 5 5 5 4 3
1 3 1 4 7
1 4 4 7 4 3
1 1 26
1 5 10 129 364 641 880
1 4 880 4 3 3
1 5 10 129 364 86 298
1 6 30 4 3 4 3 83
1 7 10 129 364 86 294 637 880
1 2 9 119
1 4 4 5 4 3
1 7 22 4 3 4 3 2 880
1 6 10 129 364 641 880 1051
1 4 21 4 3 71
1 4 27 27 22 170
1 1 12
1 3 4 5 99
1 3 4 86 4
1 3 24 4 3
1 2 17 146
1 3 129 478 744
1 3 33 478 745
1 3 206 478 35
1 2 33 202
1 2 34 207
1 2 17 146
1 3 33 478 744
1 2 10 126
1 4 34 4 86 5
1 3 17 145 389
1 5 33 206 478 35 219
1 3 17 145 880
1 3 17 145 389
1 3 34 4 86
1 3 33 206 35
1 2 10 127
1 3 36 33 203
1 3 206 478 35
1 4 17 145 388 668
1 6 34 33 206 35 4 3
1 4 17 145 388 667
1 10 33 206 478 35 4 3 4 3 4 3
1 3 206 478 35
1 3 37 31 198
1 3 37 31 198
1 2 31 197
1 6 27 188 34 4 71 279
1 3 27 21 160
1 4 22 206 478 741
1 2 38 228
1 2 22 174
1 3 27 21 155
1 4 27 188 34 214
1 2 22 172
1 2 27 189
1 2 38 226
1 4 27 27 27 188
1 4 27 188 34 209
1 3 27 188 444
1 1 41
1 2 38 228
1 6 24 4 3 4 94 315
1 5 36 33 206 478 35
1 8 36 33 206 478 35 3 4 71
1 3 34 34 212
1 2 36 222
1 2 21 160
1 3 38 229 506
1 3 21 22 4
1 2 188 443
1 7 38 229 21 22 206 478 35
1 5 31 196 458 726 941
1 2 21 163
1 2 37 225
1 1 39
1 3 17 145 384
1 7 10 129 478 364 86 2 880
1 5 21 22 206 478 740
1 3 17 145 385
1 2 34 209
1 3 33 4 25
1 3 17 145 384
1 5 188 34 4 5 4
1 2 21 161
1 3 38 229 506
1 2 188 447
1 7 38 229 21 22 206 478 35
1 2 188 444
1 6 38 229 21 22 206 476
1 4 188 34 4 25
1 2 38 227
1 2 21 160
1 2 188 444
1 7 38 229 21 22 206 478 35
1 5 31 196 458 726 941
1 2 188 444
1 4 38 229 21 161
1 4 38 229 21 160
1 2 188 448
1 7 38 229 21 22 206 478 35
1 6 31 196 458 9 121 350
1 2 21 156
1 2 37 225
1 4 36 33 4 89
1 3 206 478 35
1 2 17 146
1 4 34 33 35 3
1 4 36 33 4 5
1 3 206 478 35
1 3 17 145 880
1 4 36 33 4 3
1 3 17 145 389
1 7 36 33 206 478 35 4 89
1 3 17 145 880
1 5 17 145 33 478 740
1 3 34 1 64
1 2 36 223
1 2 10 127
1 8 33 206 478 35 4 3 4 3
1 1 42
1 2 33 204
1 3 206 478 35
1 2 19 151
1 4 33 206 478 35
1 1 42
1 1 44
1 5 33 206 478 35 218
1 4 36 33 206 477
1 3 17 145 390
1 7 17 145 33 206 478 35 218
1 3 24 4 3
1 4 206 478 35 4
1 4 17 145 388 667
1 3 33 206 35
1 4 17 145 388 667
1 6 33 206 478 35 4 3
1 2 36 224
1 1 46
1 1 46
1 3 206 478 35
1 1 46
1 3 24 4 3
1 1 44
1 5 33 206 478 35 218
1 1 44
1 6 34 34 33 206 35 4
1 5 36 33 35 4 3
1 2 36 221
1 4 33 206 478 35
1 5 36 33 206 478 743
1 5 34 33 35 4 5
1 4 34 4 5 4
1 2 34 214
1 1 39
1 1 39
1 3 33 206 477
1 3 37 31 198
1 7 33 206 478 35 4 5 99
1 3 17 145 880
1 3 17 145 390
1 4 17 145 33 478
1 1 15
1 3 17 145 387
1 1 48
1 1 48
1 4 33 4 86 294
1 3 206 478 740
1 4 33 206 478 742
1 3 17 145 390
1 6 34 33 4 3 4 3
1 3 33 4 3
1 2 33 204
1 3 206 478 35
1 3 17 145 880
1 5 33 206 478 364 86
1 3 17 145 880
1 5 34 33 206 35 216
1 9 17 145 33 206 478 35 4 5 4
1 3 17 145 390
1 3 17 145 391
1 2 33 202
1 1 49
1 1 49
1 1 49
1 3 34 34 34
1 4 34 34 34 210
1 3 34 34 34
1 2 1 65
1 3 34 34 34
1 3 34 34 1
1 3 34 34 34
1 3 34 34 34
1 3 34 34 34
1 3 34 34 34
1 3 34 34 34
1 3 34 34 34
1 3 34 34 34
1 4 34 34 1 65
1 3 34 34 34
1 3 34 34 34
1 5 36 33 35 4 3
1 3 33 4 3
1 4 33 35 4 96
1 3 36 33 205
1 5 36 33 35 4 5
1 3 34 34 34
1 1 43
1 3 33 35 220
1 3 33 35 4
1 1 43
1 7 17 145 33 478 35 4 5
1 4 17 145 33 202
1 2 10 130
1 2 17 147
1 3 50 247 534
1 3 33 4 5
1 3 50 247 533
1 3 50 247 533
1 3 36 33 204
1 3 50 247 531
1 3 50 247 532
1 3 37 31 197
1 3 37 31 197
1 3 37 31 199
1 3 37 31 197
1 3 33 35 4
1 2 33 203
1 6 17 145 33 4 3 71
1 3 34 34 1
1 3 33 35 4
1 6 36 33 35 4 5 105
1 5 33 35 4 5 105
1 4 17 145 388 667
1 4 33 35 4 5
1 3 17 145 880
1 3 34 1 65
1 3 34 34 210
1 3 4 3 71
1 4 4 3 4 3
1 3 21 4 3
1 4 27 21 4 89
1 7 3 2 4 3 4 86 5
1 3 3 4 1
1 3 3 7 108
1 5 22 4 3 4 86
1 3 22 4 92
1 5 3 4 3 4 89
1 4 3 2 5 4
1 2 3 81
1 3 30 4 3
1 5 19 150 398 4 91
1 5 4 86 294 4 3
1 3 2 4 5
1 8 10 129 364 641 880 4 94 316
1 2 22 164
1 9 10 129 364 641 880 2 4 94 316
1 5 31 196 458 726 942
1 3 22 4 3
1 5 2 4 3 4 86
1 3 2 4 89
1 2 2 69
1 3 2 4 94
1 3 4 86 294
1 3 2 4 5
1 2 5 103
1 4 2 3 4 3
1 4 2 4 94 316
1 2 641 876
1 4 7 4 3 5
1 1 51
1 1 51
1 4 4 3 4 5
1 3 27 27 27
1 4 4 3 4 5
1 1 51
1 5 22 22 4 90 309
1 5 4 86 2 4 3
1 7 4 3 5 4 3 2 4
1 3 4 86 297
1 4 3 4 5 102
1 5 3 4 86 4 5
1 3 3 4 3
1 3 4 1 59
1 3 3 4 94
1 3 4 3 5
1 3 4 3 70
1 3 3 4 94
1 3 3 4 94
1 4 1 4 3 5
1 2 24 179
1 3 21 22 171
1 5 27 21 22 4 3
1 2 35 217
1 3 3 4 3
1 3 21 22 165
1 3 21 22 167
1 2 1 63
1 3 21 21 22
1 3 24 5 2
1 4 3 4 86 294
1 1 51
1 4 5 2 4 2
1 4 5 2 5 2
1 3 1 4 3
1 1 16
1 2 35 215
1 2 35 215
1 2 35 215
1 2 35 217
1 2 35 216
1 4 21 22 4 3
1 4 21 22 4 3
1 4 21 22 4 3
1 5 21 22 4 3 2
1 5 21 4 3 4 3
1 4 21 21 4 3
1 3 21 4 3
1 4 21 21 4 3
1 3 4 86 294
1 4 3 3 4 3
1 3 5 4 3
1 3 4 3 78
1 4 3 4 86 294
1 6 1 4 86 4 3 4
1 3 3 89 4
1 3 3 4 25
1 4 5 3 3 4
1 3 5 4 3
1 6 4 5 4 5 3 3
1 5 5 4 3 4 5
1 5 3 4 3 4 3
1 3 4 3 4
1 7 4 3 2 4 86 294 637
1 2 31 195
1 5 10 129 364 637 880
1 2 21 154
1 2 229 507
1 1 45
1 6 19 150 398 4 71 281
1 1 45
1 2 31 200
1 6 19 150 398 4 7 112
1 1 45
1 5 10 129 364 637 880
1 2 229 508
1 5 31 196 458 9 121
1 3 10 129 365
1 4 22 4 3 2
1 2 21 162
1 2 1 60
1 2 229 508
1 2 34 208
1 2 229 505
1 2 229 505
1 2 31 194
1 4 5 4 86 294
1 7 10 129 364 86 5 2 880
1 7 10 129 364 86 294 637 880
1 4 10 129 364 638
1 4 10 364 86 303
1 3 10 364 639
1 5 10 129 364 641 879
1 9 10 129 364 637 880 4 3 4 3
1 4 31 196 458 724
1 4 31 196 458 725
1 6 31 196 458 9 121 351
1 6 31 196 458 9 121 351
1 5 10 129 364 86 296
1 3 10 129 365
1 6 10 129 364 86 2 880
1 3 4 3 2
1 2 10 122
1 6 10 364 86 2 880 4
1 4 10 364 637 880
1 2 10 128
1 3 31 196 457
1 4 10 364 637 880
1 2 129 363
1 2 10 124
1 6 10 129 364 641 880 2
1 4 10 364 637 880
1 6 10 364 86 2 880 3
1 5 10 129 364 637 880
1 6 10 129 364 880 4 2
1 7 10 129 364 86 2 880 4
1 8 10 364 86 294 637 880 4 3
1 6 10 129 364 641 2 880
1 2 129 362
1 3 10 364 641
1 3 5 4 3
1 5 10 364 86 2 880
1 6 10 364 641 2 880 1053
1 2 10 128
1 1 47
1 1 47
1 1 47
1 2 34 208
1 2 10 124
1 5 10 129 364 86 298
1 6 10 129 364 86 2 880
1 6 10 129 364 637 880 1055
1 4 4 86 4 86
1 7 3 4 3 2 5 4 94
1 3 24 4 3
1 6 3 4 86 294 637 871
1 3 1 4 71
1 4 4 3 4 3
1 2 21 157
1 2 1 58
1 4 21 21 4 3
1 10 4 3 4 5 4 3 4 3 4 86
1 3 21 21 154
1 4 22 4 3 4
1 6 21 21 4 3 4 3
1 2 1 63
1 7 4 3 2 4 3 4 3
1 4 21 4 94 314
1 2 21 159
1 11 2 4 3 4 3 2 4 3 3 4 25
1 5 3 4 3 7 114
1 2 24 179
1 3 4 94 316
1 7 24 4 86 294 4 3 4
1 4 4 89 4 86
1 6 3 2 4 86 5 5
1 2 3 75
1 4 4 86 294 4
1 5 1 4 5 4 89
1 5 4 5 3 2 4
1 8 2 4 3 4 3 2 4 3
1 7 2 4 3 2 4 3 4
1 3 3 4 3
1 3 24 4 3
1 2 71 279
1 3 4 3 7
1 9 10 129 364 880 4 3 4 3 2
1 8 10 129 478 364 86 294 637 880
1 7 10 129 364 86 294 637 880
1 2 880 1051
1 4 10 129 364 638
1 4 4 86 294 637
1 1 45
1 1 40
1 2 22 172
1 4 4 3 4 3
1 6 31 196 458 9 121 351
1 7 10 129 364 637 880 4 3
1 3 1 4 3
1 3 5 4 3
1 1 32
1 6 3 4 2 3 4 3
1 4 10 129 364 641
1 2 8 115
1 6 4 3 7 4 3 7
1 6 4 86 4 3 3 4
1 4 5 2 4 3
1 3 3 4 3
1 6 4 3 4 3 4 7
1 4 3 4 3 2
1 5 4 3 4 3 2
1 1 11
1 4 22 22 4 3
1 4 3 4 86 300
1 6 4 5 3 4 3 5
1 3 4 86 294
1 3 3 4 5
1 3 35 4 87
1 1 6
1 4 4 3 3 4
1 3 4 3 77
1 3 21 4 5
1 3 4 3 71
1 2 1 57
1 2 1 59
1 3 17 145 387
1 5 10 129 364 641 880
1 5 4 3 4 86 5
1 3 5 3 4
1 2 25 184
1 3 4 1 4
1 2 25 181
1 3 1 4 3
1 3 1 4 1
1 3 17 145 387
1 3 3 4 5
1 3 22 22 169
1 3 35 4 3
1 2 229 508
1 5 31 196 458 9 121
1 1 53
1 3 4 5 98
1 3 4 86 299
1 3 21 21 154
1 4 21 22 4 94
1 4 21 22 4 5
1 4 4 89 4 71
1 4 5 4 3 5
1 4 21 22 4 3
1 4 4 3 2 5
1 5 21 22 4 89 306
1 3 21 21 158
1 3 21 4 89
1 3 21 22 4
1 3 24 4 93
1 8 5 3 5 4 3 4 94 314
1 3 4 3 4
1 4 2 4 3 3
1 3 1 4 3
1 3 7 4 5
1 4 2 4 3 71
1 3 4 3 3
1 5 4 3 4 3 2
1 8 10 129 364 641 880 4 3 2
1 4 4 3 4 95
1 4 19 150 398 681
1 4 35 4 5 3
1 14 10 129 364 641 880 3 4 3 2 4 3 2 4 5
1 4 35 4 86 294
1 4 31 196 458 725
1 13 4 5 4 3 3 4 5 4 3 4 3 4 5
1 4 4 3 71 280
1 11 4 3 4 86 5 4 5 4 3 4 5
1 8 10 129 364 86 294 637 880 4
1 5 10 129 364 880 4
1 3 5 5 105
1 1 11
1 3 35 4 3
1 3 35 3 78
1 4 35 3 4 71
1 3 4 3 4
1 3 35 3 79
1 3 35 4 3
1 3 35 4 3
1 2 22 166
1 3 21 4 3
1 3 7 4 71
1 3 30 4 86
1 3 2 4 94
1 4 4 3 4 3
1 6 2 4 86 294 4 5
1 3 4 86 294
1 4 2 4 3 4
1 3 22 4 93
1 4 5 2 4 86
1 4 5 5 4 25
1 3 4 94 314
1 5 4 2 4 86 302
1 4 4 86 4 3
1 2 129 366
1 3 10 364 880
1 3 7 4 3
1 3 30 4 71
1 3 22 4 3
1 3 2 4 3
1 2 22 165
1 5 10 129 364 641 880
1 5 21 22 4 5 2
1 7 10 129 364 641 880 2 4
1 7 10 129 364 641 880 2 4
1 4 2 4 86 294
1 3 4 86 294
1 5 31 196 458 726 942
1 2 9 119
1 8 4 86 4 86 4 86 294 576
1 8 4 89 3 4 3 74 3 85
1 9 4 89 3 4 3 3 3 74 282
1 1 11
1 2 24 179
1 4 4 86 4 86
1 4 4 71 278 559
1 8 4 3 4 3 4 3 74 3
1 1 52
1 6 10 129 364 641 880 1050
1 3 4 86 294
1 14 10 129 364 641 880 3 2 4 5 3 2 5 2 68
1 2 2 66
1 17 4 5 3 4 5 5 5 4 3 5 4 5 4 3 4 86 294
1 7 19 150 398 4 3 7 112
1 3 3 7 110
1 14 10 129 364 641 880 2 4 5 2 4 3 2 4 3
1 2 2 66
1 4 31 196 458 725
1 4 31 196 458 724
1 2 9 119
1 9 10 129 364 641 880 2 4 71 277
1 9 10 129 364 641 880 3 2 4 5
1 8 2 4 5 3 2 4 71 277
1 11 4 86 5 3 4 3 4 3 4 86 294
1 8 3 4 5 4 3 3 4 89
1 3 5 4 3
1 4 3 3 2 5
1 2 7 111
1 5 4 3 5 4 86
1 3 24 4 92
1 3 3 4 25
1 3 3 3 4
1 2 9 119
1 4 5 3 3 4
1 2 24 180
1 5 3 4 3 4 3
1 3 5 4 3
1 5 21 22 4 94 313
1 6 22 3 4 89 4 97
1 9 22 22 3 3 3 3 3 4 5
1 1 54
1 16 22 3 4 3 4 3 4 90 294 3 3 4 90 294 4 3
1 4 22 4 86 300
1 1 54
1 3 4 3 75
1 10 2 4 86 294 3 4 90 294 3 3
1 8 22 4 3 89 4 3 4 3
1 1 54
1 9 22 4 3 4 3 3 4 90 310
1 3 4 2 3
1 10 22 4 3 89 3 3 74 4 90 309
1 4 4 86 294 637
1 5 4 3 4 86 300
1 5 3 4 90 294 3
1 2 22 175
1 2 22 175
1 4 4 3 4 3
1 4 22 22 22 175
1 6 4 3 3 74 3 3
1 15 3 4 3 3 3 3 4 3 3 74 4 3 74 3 3
1 5 22 3 4 86 300
1 4 3 4 3 3
1 7 4 3 89 3 3 4 97
1 9 74 3 4 3 4 3 3 74 282
1 8 22 4 3 4 3 74 3 3
1 7 74 3 4 3 4 3 3
1 7 22 3 3 4 3 74 282
1 10 3 4 3 4 3 89 3 4 3 74
1 4 4 3 74 3
1 5 3 89 4 90 310
1 4 22 22 22 22
1 7 3 89 3 4 86 294 577
1 9 4 3 89 3 4 3 3 74 284
1 9 3 3 4 3 4 3 3 74 3
1 3 3 4 3
1 3 3 4 97
1 3 4 5 4
1 2 880 1052
1 2 10 124
1 3 27 188 188
1 3 27 188 188
1 3 27 188 188
1 3 27 188 188
1 3 27 188 446
1 2 10 128
1 9 3 3 3 3 3 4 90 294 3
1 6 10 129 478 364 637 880
1 9 3 3 3 3 4 3 4 90 294
1 5 10 129 364 637 880
1 13 4 3 3 89 3 3 4 90 294 3 3 3 3
1 2 10 131
1 2 34 213
1 2 10 131
1 2 9 120
1 4 10 364 637 880
1 8 3 3 3 4 3 74 3 3
1 4 10 364 637 880
1 5 4 90 294 3 5
1 8 10 129 364 641 880 3 4 2
1 4 19 150 398 680
1 2 10 122
1 14 3 3 3 3 89 3 3 4 90 294 3 3 4 86
1 6 10 129 478 364 637 880
1 7 3 3 3 89 4 90 310
1 6 10 129 478 364 637 880
1 7 3 3 3 4 90 294 578
1 3 10 364 640
1 2 1 60
1 7 10 129 478 364 641 2 880
1 12 3 4 89 3 3 3 3 89 4 3 74 3
1 3 21 22 171
1 3 27 188 448
1 11 71 278 294 3 3 3 3 4 3 74 3
1 7 3 3 3 4 3 74 284
1 8 3 3 3 3 4 90 294 578
1 8 71 278 294 3 4 90 294 3
1 2 30 192
1 2 30 193
1 7 71 278 294 3 3 4 90
1 6 19 150 398 4 71 281
1 5 3 4 90 294 578
1 10 3 3 3 3 89 3 4 90 294 3
1 5 3 3 4 90 294
1 8 3 3 3 3 3 3 4 90
1 10 3 3 3 3 3 4 90 294 3 3
1 2 10 122
1 4 10 129 364 638
1 4 3 74 3 4
1 2 10 128
1 3 74 4 86
1 2 74 285
1 7 19 150 398 4 3 7 112
1 3 3 74 3
1 3 74 4 3
1 3 1 4 3
1 5 31 196 458 726 941
1 11 71 278 294 3 4 90 294 3 3 3 3
1 9 71 278 294 3 3 3 3 74 285
1 2 22 172
1 14 3 4 3 3 89 3 3 4 3 3 74 3 3 3
1 1 55
1 3 17 145 387
1 2 10 125
1 1 11
1 9 3 74 3 89 4 86 4 86 294
1 3 4 7 108
1 2 1 59
1 3 129 478 744
1 3 74 3 3
1 4 27 21 22 167
1 5 3 3 74 3 4
1 7 10 129 364 637 880 3 71
1 5 3 74 3 89 3
1 3 3 74 283
1 3 21 22 4
1 5 10 129 364 86 301
1 4 10 364 637 880
1 9 3 3 74 3 3 4 86 294 4
1 5 74 3 4 3 3
1 5 3 74 3 4 25
1 5 10 364 637 880 1050
1 5 880 3 74 4 5
1 4 10 364 637 880
1 1 23
1 6 10 129 364 637 880 1054
1 3 34 4 3
1 4 3 74 3 4
1 2 34 211
1 2 5 102
1 7 10 129 364 880 4 3 2
1 2 880 1053
1 2 10 123
1 4 10 129 364 638
1 8 3 3 89 3 3 5 4 3
1 6 74 3 3 5 4 25
1 8 3 74 3 3 89 4 3 71
1 6 10 129 478 364 637 880
1 4 74 3 3 4
1 2 10 131
1 4 74 3 3 3
1 3 74 3 4
1 4 74 3 89 3
1 2 74 283
1 4 4 5 4 5
1 1 56
1 1 20
1 5 27 27 27 21 159
1 4 27 21 4 3
1 4 27 27 27 187
1 2 21 159
1 3 27 27 186
1 4 21 22 22 165
1 4 880 3 4 3
1 3 1 4 3
1 2 3 84
1 4 5 4 3 4
1 3 4 86 5
1 4 3 4 86 295
1 5 4 86 294 4 3
1 2 5 100
1 5 27 21 22 4 3
1 2 880 1051
1 7 27 27 27 21 22 4 3
1 5 21 22 4 89 306
1 4 21 4 3 80
1 5 74 3 3 89 3
1 2 19 149
1 1 20
1 5 4 3 4 3 72
1 4 21 4 3 73
1 5 21 22 4 3 2
1 5 27 21 22 4 3
1 3 21 22 166
1 4 3 5 5 5
