782 266
1 2 1 54
1 1 6
1 6 2 3 2 5 5 3
1 1 7
1 3 3 5 3
1 3 5 5 3
1 3 3 5 81
1 6 2 5 82 2 3 5
1 2 612 788
1 7 5 5 3 3 5 5 3
1 5 5 729 5 3 2
1 5 8 298 5 82 2
1 4 729 5 68 251
1 1 10
1 9 3 5 69 5 3 5 3 5 82
1 1 11
1 1 12
1 4 729 2 5 3
1 2 14 113
1 4 5 3 5 3
1 1 15
1 5 16 119 327 5 84
1 3 18 19 5
1 3 18 5 3
1 3 18 19 5
1 1 20
1 1 10
1 4 5 3 5 82
1 3 21 5 3
1 2 1 57
1 5 2 5 82 5 5
1 2 22 150
1 3 1 5 88
1 7 21 5 5 3 82 5 65
1 5 2 5 5 65 248
1 5 2 5 82 5 82
1 6 2 5 82 82 82 2
1 5 2 3 5 5 2
1 3 5 5 82
1 6 2 82 5 5 68 251
1 3 21 5 3
1 3 22 5 3
1 4 22 5 68 252
1 5 5 2 3 5 82
1 3 5 3 71
1 3 3 5 85
1 4 2 5 5 87
1 2 2 61
1 5 5 2 5 5 5
1 2 2 61
1 3 5 5 3
1 6 23 18 19 5 3 65
1 2 23 159
1 1 24
1 5 2 82 5 3 3
1 3 3 5 81
1 2 19 140
1 3 18 5 3
1 3 5 3 64
1 4 2 5 3 82
1 4 19 5 3 68
1 3 21 5 3
1 7 2 5 3 3 3 5 88
1 5 3 2 5 82 82
1 3 5 5 3
1 3 2 3 5
1 4 3 5 5 3
1 4 2 5 3 82
1 1 13
1 3 2 5 3
1 2 19 135
1 3 2 5 3
1 3 2 5 3
1 4 5 5 5 3
1 3 5 82 82
1 2 1 57
1 1 20
1 3 5 22 5
1 2 729 879
1 3 82 5 3
1 3 2 5 68
1 3 5 3 73
1 3 23 160 373
1 2 87 276
1 2 87 274
1 2 87 276
1 2 82 268
1 2 160 376
1 5 82 82 2 5 3
1 4 82 3 5 729
1 5 82 3 5 82 268
1 3 3 5 729
1 2 87 275
1 3 3 82 82
1 3 18 5 88
1 3 82 3 5
1 4 729 5 3 88
1 5 5 5 82 5 82
1 6 2 3 5 82 5 3
1 8 5 3 5 3 5 3 5 3
1 3 21 5 5
1 7 5 2 3 5 5 3 2
1 2 25 163
1 2 22 154
1 3 21 5 3
1 2 25 163
1 3 1 5 68
1 2 2 63
1 4 2 5 88 278
1 5 19 3 3 5 3
1 4 2 3 88 280
1 4 2 5 5 3
1 4 2 82 5 3
1 5 2 3 5 88 3
1 5 26 167 385 614 794
1 1 7
1 2 19 136
1 8 8 102 298 533 729 5 5 3
1 3 5 3 2
1 3 19 5 3
1 4 5 3 22 155
1 3 82 5 5
1 3 21 5 5
1 3 1 5 83
1 2 21 147
1 2 21 147
1 4 533 2 3 75
1 2 533 727
1 3 18 5 65
1 3 18 19 138
1 3 23 23 159
1 2 533 727
1 3 18 19 3
1 3 23 23 159
1 2 1 54
1 3 3 5 3
1 2 3 74
1 3 19 5 3
1 2 533 726
1 7 533 2 5 82 2 5 82
1 2 1 55
1 4 533 2 5 3
1 3 25 5 89
1 3 533 2 60
1 3 3 5 82
1 6 5 82 82 82 5 3
1 4 729 5 3 3
1 5 8 102 298 5 729
1 6 25 5 3 5 3 77
1 2 612 789
1 4 5 82 5 3
1 7 19 5 3 5 3 2 729
1 6 8 102 298 533 729 879
1 4 18 5 3 65
1 3 23 23 159
1 1 27
1 3 5 82 266
1 3 5 5 5
1 3 21 5 3
1 2 14 115
1 3 102 397 622
1 2 28 176
1 3 175 397 30
1 2 29 179
1 2 14 115
1 2 28 176
1 2 29 178
1 3 14 114 316
1 2 29 178
1 2 8 100
1 3 31 28 172
1 3 175 397 30
1 4 14 114 319 558
1 4 14 114 319 557
1 10 28 175 397 30 5 3 5 3 5 3
1 2 32 196
1 2 26 168
1 2 19 141
1 2 33 200
1 3 23 160 377
1 2 19 139
1 2 23 161
1 2 33 198
1 4 23 23 23 160
1 3 23 160 377
1 3 23 160 372
1 1 36
1 2 33 200
1 6 21 5 3 5 88 278
1 5 31 28 175 397 30
1 6 31 28 175 397 30 188
1 3 29 29 184
1 2 31 193
1 2 18 128
1 3 33 37 208
1 3 18 19 5
1 2 160 371
1 3 33 37 207
1 2 18 131
1 2 32 197
1 1 34
1 3 14 114 314
1 3 18 19 141
1 3 14 114 315
1 2 29 181
1 3 28 5 87
1 3 14 114 314
1 2 18 129
1 2 160 374
1 3 33 37 207
1 2 160 377
1 2 33 199
1 2 18 128
1 2 160 372
1 3 33 37 207
1 5 26 167 385 614 794
1 2 160 372
1 3 33 37 207
1 2 160 375
1 6 26 167 385 612 791 926
1 2 18 124
1 2 32 197
1 4 31 28 5 68
1 3 175 397 30
1 2 14 115
1 2 29 183
1 4 31 28 5 82
1 3 14 114 729
1 4 31 28 5 3
1 3 14 114 316
1 7 31 28 175 397 30 5 68
1 3 14 114 729
1 2 31 194
1 8 28 175 397 30 5 3 5 3
1 1 38
1 2 28 173
1 3 175 397 30
1 2 16 120
1 1 38
1 5 28 175 397 30 189
1 4 31 28 175 396
1 3 14 114 317
1 7 14 114 28 175 397 30 189
1 3 21 5 3
1 4 14 114 319 557
1 3 28 175 398
1 4 14 114 319 557
1 6 28 175 397 30 5 3
1 2 31 195
1 1 40
1 1 40
1 1 40
1 3 21 5 3
1 1 42
1 5 28 175 397 30 189
1 3 29 29 183
1 5 31 28 30 5 3
1 2 31 192
1 4 28 175 397 30
1 5 31 28 175 397 621
1 2 29 183
1 2 29 178
1 2 29 186
1 1 34
1 1 34
1 7 28 175 397 30 5 82 266
1 3 14 114 729
1 3 14 114 317
1 4 14 114 28 176
1 1 12
1 3 14 114 320
1 1 45
1 1 45
1 4 28 5 5 3
1 4 28 175 397 620
1 3 14 114 317
1 2 29 183
1 3 28 5 3
1 3 175 397 30
1 3 14 114 729
1 5 28 175 397 298 5
1 3 14 114 729
1 9 14 114 28 175 397 30 5 82 5
1 3 14 114 317
1 3 14 114 318
1 2 28 171
1 1 46
1 1 46
1 3 29 29 29
1 4 29 29 29 182
1 3 29 29 29
1 2 1 59
1 3 29 29 29
1 3 29 29 29
1 3 29 29 29
1 3 29 29 29
1 3 29 29 29
1 3 29 29 29
1 3 29 29 177
1 3 29 29 29
1 5 31 28 30 5 3
1 3 28 5 3
1 4 28 30 5 90
1 3 31 28 174
1 5 31 28 30 5 82
1 3 29 29 29
1 1 39
1 3 28 30 191
1 3 28 30 5
1 1 39
1 4 14 114 28 176
1 4 14 114 28 171
1 2 8 103
1 2 14 116
1 2 47 223
1 3 28 5 82
1 2 47 223
1 2 47 223
1 3 31 28 173
1 2 47 223
1 2 32 196
1 2 32 196
1 2 32 196
1 3 28 30 5
1 2 28 172
1 3 29 29 177
1 3 28 30 5
1 5 28 30 5 82 270
1 4 14 114 319 557
1 4 28 30 5 82
1 3 14 114 729
1 2 29 177
1 3 29 29 182
1 3 5 3 65
1 4 5 3 5 3
1 3 18 5 3
1 7 3 2 5 3 5 5 82
1 3 3 22 149
1 5 19 5 3 5 5
1 3 19 5 85
1 4 3 2 82 5
1 2 3 74
1 3 25 5 3
1 5 5 5 3 5 3
1 3 2 5 82
1 8 8 102 298 533 729 5 88 279
1 2 19 132
1 9 8 102 298 533 729 2 5 88 279
1 5 26 167 385 614 795
1 3 19 5 3
1 3 2 5 68
1 2 2 63
1 3 2 5 82
1 4 2 3 5 3
1 4 2 5 88 279
1 4 22 5 3 82
1 1 48
1 1 48
1 4 5 3 5 82
1 3 23 23 23
1 4 5 3 5 82
1 1 48
1 5 19 19 5 69 253
1 5 5 5 2 5 3
1 7 5 3 82 5 3 2 5
1 4 3 5 82 269
1 5 3 5 5 5 82
1 3 3 5 3
1 2 5 81
1 3 3 5 88
1 3 5 3 82
1 3 5 3 64
1 3 3 5 88
1 4 1 5 3 82
1 2 21 146
1 3 18 19 138
1 5 23 18 19 5 3
1 2 30 190
1 3 3 5 3
1 3 18 19 133
1 3 18 19 135
1 3 18 18 19
1 2 21 147
1 1 48
1 4 82 2 82 2
1 3 1 5 3
1 1 13
1 2 30 187
1 2 30 187
1 2 30 187
1 2 30 190
1 4 18 19 5 3
1 4 18 19 5 3
1 4 18 19 5 3
1 5 18 19 5 3 2
1 5 18 5 3 5 3
1 4 18 18 5 3
1 3 18 5 3
1 4 18 18 5 3
1 3 5 5 3
1 3 82 5 3
1 3 5 3 73
1 4 3 5 5 3
1 6 1 5 5 5 3 5
1 3 3 68 5
1 3 3 5 87
1 4 82 3 3 5
1 3 82 5 3
1 6 5 82 5 82 3 3
1 5 82 5 3 5 82
1 5 3 5 3 5 3
1 3 5 3 5
1 7 5 3 2 5 5 3 2
1 2 26 166
1 5 8 102 298 529 729
1 2 18 123
1 2 37 209
1 1 43
1 6 16 119 327 5 65 250
1 1 43
1 2 26 169
1 6 16 119 327 5 22 153
1 1 43
1 2 37 210
1 5 26 167 385 612 791
1 3 8 102 299
1 2 18 130
1 2 1 56
1 2 37 210
1 2 29 180
1 2 37 206
1 2 37 206
1 2 26 165
1 4 82 5 5 3
1 7 8 102 298 5 82 2 729
1 7 8 102 298 5 3 2 729
1 4 8 102 298 530
1 3 8 298 531
1 5 8 102 298 533 728
1 9 8 102 298 529 729 5 3 5 3
1 4 26 167 385 611
1 4 26 167 385 613
1 6 26 167 385 612 791 927
1 6 26 167 385 612 791 927
1 6 8 102 298 5 22 151
1 3 8 102 299
1 6 8 102 298 5 2 729
1 3 5 3 2
1 2 8 96
1 4 8 298 529 729
1 2 8 101
1 3 26 167 384
1 4 8 298 529 729
1 2 102 297
1 2 8 98
1 6 8 102 298 533 729 2
1 6 8 298 5 2 729 3
1 5 8 102 298 529 729
1 6 8 102 298 729 5 2
1 7 8 102 298 5 2 729 5
1 6 8 102 298 533 2 729
1 2 102 296
1 3 8 298 533
1 3 82 5 3
1 5 8 298 5 2 729
1 6 8 298 533 2 729 880
1 2 8 101
1 1 41
1 1 41
1 1 41
1 2 29 180
1 2 8 98
1 6 8 102 298 5 729 2
1 6 8 102 298 529 729 881
1 7 3 5 3 2 82 5 88
1 3 21 5 3
1 6 3 5 5 3 2 62
1 3 1 5 65
1 4 5 3 5 3
1 2 18 125
1 2 1 54
1 4 18 18 5 3
1 3 18 18 123
1 4 19 5 3 5
1 6 18 18 5 3 5 3
1 2 1 58
1 7 5 3 2 5 3 5 3
1 4 18 5 88 3
1 2 18 127
1 11 2 5 3 5 3 2 5 3 3 5 87
1 5 3 5 3 22 156
1 3 5 88 279
1 7 21 5 5 3 5 3 5
1 4 5 68 5 5
1 6 3 2 5 5 82 82
1 2 3 70
1 4 5 5 3 5
1 5 1 5 82 5 68
1 5 5 82 3 2 5
1 8 2 5 3 5 3 2 5 3
1 3 21 5 3
1 3 5 3 22
1 9 8 102 298 729 5 3 5 3 2
1 8 8 102 397 298 5 3 2 729
1 7 8 102 298 5 3 2 729
1 2 729 879
1 4 8 102 298 530
1 4 5 5 3 2
1 1 35
1 2 19 139
1 6 26 167 385 612 791 927
1 7 8 102 298 529 729 5 3
1 3 1 5 3
1 1 44
1 6 3 5 2 3 5 3
1 4 8 102 298 533
1 1 7
1 6 5 3 22 5 3 22
1 6 5 5 5 3 3 5
1 4 82 2 5 3
1 3 3 5 3
1 6 5 3 5 3 5 22
1 4 3 5 3 2
1 5 5 3 5 3 2
1 1 9
1 4 19 19 5 3
1 6 3 5 5 69 5 82
1 6 5 82 3 5 3 82
1 3 5 5 3
1 3 3 5 82
1 3 30 5 83
1 4 5 3 3 5
1 3 5 3 72
1 3 18 5 82
1 3 5 3 65
1 2 1 53
1 2 1 55
1 3 14 114 320
1 5 8 102 298 533 729
1 5 5 3 5 5 82
1 3 82 3 5
1 2 87 277
1 2 5 81
1 3 1 5 3
1 3 14 114 320
1 3 3 5 82
1 3 19 19 137
1 3 30 5 3
1 2 37 210
1 5 26 167 385 612 791
1 1 49
1 3 5 82 265
1 5 5 5 68 5 3
1 3 18 18 123
1 4 18 19 5 82
1 4 5 68 5 65
1 4 82 5 3 82
1 4 18 19 5 3
1 4 5 3 2 82
1 5 18 19 5 68 251
1 3 18 18 126
1 3 18 5 68
1 3 18 19 5
1 3 5 3 5
1 4 2 5 3 3
1 3 1 5 3
1 4 2 5 3 65
1 3 5 3 3
1 5 5 3 5 3 2
1 4 5 3 5 89
1 4 16 119 327 566
1 4 30 5 82 3
1 14 8 102 298 533 729 3 5 3 2 5 3 2 5 82
1 4 30 5 5 3
1 4 26 167 385 613
1 13 5 82 5 3 3 5 82 5 3 5 3 5 82
1 4 5 3 65 249
1 11 5 3 5 5 82 5 82 5 3 5 82
1 8 8 102 298 5 3 2 729 5
1 5 8 102 298 729 5
1 3 82 82 270
1 1 9
1 3 30 5 3
1 2 30 188
1 3 5 3 5
1 3 30 5 3
1 3 18 5 3
1 3 22 5 65
1 3 25 5 5
1 3 2 5 88
1 4 5 3 5 3
1 6 2 5 5 3 5 82
1 4 2 5 3 5
1 3 19 5 86
1 4 82 2 5 5
1 4 82 82 5 87
1 5 5 2 5 5 88
1 4 5 5 5 3
1 2 102 300
1 3 8 298 729
1 3 22 5 3
1 3 25 5 65
1 3 19 5 3
1 3 2 5 3
1 5 8 102 298 533 729
1 5 18 19 5 82 2
1 7 8 102 298 533 729 2 5
1 7 8 102 298 533 729 2 5
1 4 2 5 5 3
1 3 5 5 3
1 5 26 167 385 614 795
1 2 612 789
1 14 5 5 5 5 5 5 3 68 5 3 69 3 5 3
1 8 5 68 3 5 3 69 3 79
1 9 5 68 3 5 3 3 3 69 253
1 2 21 146
1 4 5 5 5 5
1 3 5 65 247
1 8 5 3 5 3 5 3 69 3
1 1 50
1 6 8 102 298 533 729 878
1 3 5 5 3
1 14 8 102 298 533 729 3 2 5 82 3 2 82 2 62
1 2 2 60
1 7 16 119 327 5 3 22 153
1 3 3 22 155
1 14 8 102 298 533 729 2 5 82 2 5 3 2 5 3
1 2 612 789
1 9 8 102 298 533 729 2 5 65 246
1 8 2 5 82 3 2 5 65 246
1 11 5 5 82 3 5 3 5 3 5 5 3
1 8 3 5 82 5 3 3 5 68
1 4 3 3 2 82
1 2 22 152
1 3 3 5 87
1 3 3 3 5
1 4 82 3 3 5
1 2 21 148
1 5 3 5 3 5 3
1 3 82 5 3
1 6 19 3 5 68 5 91
1 9 19 19 3 3 3 3 3 5 82
1 16 19 3 5 3 5 3 5 69 3 3 3 5 69 3 5 3
1 5 19 5 5 69 255
1 1 51
1 3 5 3 70
1 10 2 5 5 3 3 5 69 3 3 3
1 8 19 5 3 68 5 3 5 3
1 9 19 5 3 5 3 3 5 69 88
1 3 5 2 3
1 10 19 5 3 68 3 3 69 5 69 253
1 4 5 5 3 2
1 10 5 3 5 5 69 3 3 5 3 69
1 5 3 5 69 3 3
1 2 19 142
1 2 19 142
1 4 5 3 5 3
1 4 19 19 19 142
1 6 5 3 3 69 3 3
1 6 19 3 5 5 69 3
1 4 3 5 3 3
1 8 19 5 3 5 3 69 3 3
1 7 69 3 5 3 5 3 3
1 7 19 3 3 5 3 69 253
1 4 5 3 69 3
1 8 3 68 5 69 88 3 3 3
1 4 19 19 19 19
1 9 3 68 3 5 5 3 69 3 65
1 11 5 3 68 3 5 3 3 69 88 3 3
1 9 3 3 5 3 5 3 3 69 3
1 3 3 5 3
1 3 3 5 91
1 2 8 98
1 3 23 160 376
1 3 23 160 376
1 3 23 160 376
1 2 8 101
1 9 3 3 3 3 3 5 69 3 3
1 9 3 3 3 3 5 3 5 69 3
1 5 8 102 298 529 729
1 13 5 3 3 68 3 3 5 69 3 3 3 3 3
1 2 8 104
1 2 29 185
1 2 8 104
1 2 612 790
1 8 3 3 3 5 3 69 3 3
1 4 8 298 529 729
1 5 5 69 3 3 82
1 8 8 102 298 533 729 3 5 2
1 2 8 96
1 14 3 3 3 3 68 3 3 5 69 3 3 3 5 5
1 6 8 102 397 298 529 729
1 7 3 3 3 68 5 69 88
1 6 8 102 397 298 529 729
1 9 3 3 3 5 69 3 88 3 5
1 3 8 298 532
1 2 1 56
1 7 8 102 397 298 533 2 729
1 12 3 5 68 3 3 3 3 68 5 3 69 3
1 3 23 160 375
1 1 4
1 10 3 3 3 5 3 69 88 3 5 3
1 9 3 3 3 3 5 69 3 88 281
1 1 4
1 2 25 163
1 2 25 164
1 6 16 119 327 5 65 250
1 7 3 5 69 3 88 3 82
1 10 3 3 3 3 68 3 5 69 3 3
1 5 3 3 5 69 3
1 10 3 3 3 3 3 5 69 3 3 3
1 2 8 96
1 4 8 102 298 530
1 4 3 69 3 5
1 2 8 101
1 3 69 5 5
1 7 16 119 327 5 3 22 153
1 3 69 5 3
1 3 1 5 3
1 5 26 167 385 614 794
1 1 4
1 2 19 139
1 3 14 114 320
1 2 8 99
1 1 9
1 9 3 69 3 68 5 5 5 5 3
1 3 5 22 149
1 3 102 397 622
1 3 69 3 3
1 5 3 3 69 3 5
1 7 8 102 298 529 729 3 65
1 5 3 69 3 68 3
1 3 3 69 254
1 3 18 19 5
1 6 8 102 298 5 87 273
1 4 8 298 529 729
1 9 3 3 69 3 3 5 5 3 5
1 5 69 3 5 3 3
1 5 3 69 3 5 87
1 5 729 3 69 5 82
1 4 8 298 529 729
1 1 20
1 2 29 178
1 4 3 69 3 5
1 7 8 102 298 729 5 3 2
1 2 729 880
1 2 8 97
1 4 8 102 298 530
1 8 3 3 68 3 3 82 5 3
1 8 3 69 3 3 68 5 3 65
1 4 69 3 3 5
1 2 8 104
1 4 69 3 3 3
1 3 69 3 5
1 2 69 254
1 4 5 82 5 82
1 1 52
1 1 17
1 4 23 18 5 3
1 4 23 23 23 158
1 2 18 127
1 3 23 23 157
1 4 18 19 19 133
1 4 729 3 5 3
1 3 1 5 3
1 2 3 78
1 4 82 5 3 5
1 3 5 5 82
1 5 5 5 3 5 3
1 2 82 267
1 5 23 18 19 5 3
1 5 18 19 5 68 251
1 4 18 5 3 76
1 5 69 3 3 68 3
1 2 16 118
1 1 17
1 5 5 3 5 3 66
1 4 18 5 3 67
1 5 18 19 5 3 2
1 5 23 18 19 5 3
1 3 18 19 134
1 4 3 82 82 82
