783 513
1 3 1 62 68
1 4 4 81 73 68
1 5 3 74 73 68 74
1 9 3 73 69 394 393 386 82 68 73
1 6 1 63 248 62 67 70
1 7 7 98 276 413 103 67 68
1 4 8 102 103 70
1 3 6 87 70
1 3 6 87 266
1 6 9 104 87 70 87 70
1 7 2 67 70 88 87 67 70
1 5 2 267 499 70 248
1 4 10 499 71 262
1 3 2 70 252
1 4 12 110 281 106
1 9 13 112 62 70 89 115 88 87 267
1 9 6 87 268 114 70 87 70 87 68
1 4 12 109 70 248
1 7 15 118 289 87 70 252 503
1 6 16 119 290 120 62 70
1 4 10 502 62 70
1 4 2 70 87 70
1 4 18 121 70 248
1 3 19 126 291
1 3 19 122 70
1 3 19 126 291
1 5 13 113 87 71 262
1 4 2 70 87 68
1 3 7 96 72
1 5 1 62 68 73 67
1 10 5 85 265 108 141 241 389 468 82 71
1 3 7 95 270
1 3 2 71 397
1 7 24 146 67 70 249 73 241
1 3 24 146 70
1 5 1 62 67 241 141
1 6 1 62 68 74 74 72
1 3 2 67 68
1 3 5 82 70
1 4 5 82 71 263
1 5 2 66 63 87 68
1 3 19 127 148
1 3 2 70 254
1 4 24 146 70 249
1 4 25 149 67 70
1 4 1 64 397 70
1 5 2 66 62 67 67
1 4 1 64 397 70
1 4 1 62 70 87
1 3 2 67 70
1 6 25 150 126 291 70 255
1 3 25 309 136
1 4 26 154 316 423
1 3 1 62 71
1 3 24 147 245
1 5 1 391 73 70 88
1 3 6 87 266
1 4 20 138 155 70
1 3 2 70 251
1 4 1 62 70 249
1 4 20 291 70 253
1 4 25 150 122 70
1 4 20 133 87 70
1 4 19 126 291 70
1 3 24 146 70
1 4 28 157 87 270
1 5 6 248 62 68 74
1 3 3 73 70
1 3 2 67 70
1 3 1 63 87
1 4 6 87 67 70
1 4 1 62 70 249
1 3 17 120 62
1 3 1 62 70
1 3 20 292 73
1 3 1 62 70
1 3 1 62 70
1 4 2 67 67 70
1 3 2 70 249
1 5 29 159 317 103 68
1 3 2 69 82
1 5 10 106 503 248 391
1 3 1 62 71
1 3 2 67 68
1 3 6 249 74
1 3 2 70 256
1 4 25 152 310 114
1 3 3 77 264
1 3 27 313 419
1 3 22 144 144
1 3 6 87 70
1 4 3 76 87 267
1 5 3 76 87 68 77
1 3 6 87 267
1 3 6 91 274
1 6 19 123 99 142 259 400
1 3 3 74 77
1 3 6 249 74
1 3 19 122 270
1 3 3 76 87
1 4 10 499 70 284
1 5 2 67 68 73 68
1 6 1 63 87 68 73 70
1 8 2 70 87 70 87 70 87 70
1 7 2 66 63 87 67 70 248
1 5 1 63 87 70 248
1 4 20 133 87 70
1 3 30 161 87
1 3 5 86 146
1 3 24 146 70
1 4 30 161 87 70
1 3 7 95 71
1 6 1 65 165 88 87 70
1 5 1 63 88 87 270
1 5 20 133 88 87 70
1 4 1 63 284 414
1 4 1 62 67 70
1 4 1 391 73 70
1 5 1 63 87 270 404
1 4 8 101 67 68
1 6 32 169 322 429 477 476
1 6 8 101 70 413 103 68
1 8 20 134 499 267 502 62 68 73
1 8 33 174 324 435 481 499 67 70
1 3 2 70 248
1 11 2 68 76 250 83 87 70 87 70 87 241
1 3 20 291 70
1 7 33 174 324 434 499 70 252
1 5 2 70 250 394 471
1 7 31 163 62 70 248 62 66
1 3 3 73 67
1 5 7 95 240 103 70
1 4 24 147 73 70
1 4 5 83 250 393
1 5 24 147 72 62 68
1 3 2 66 62
1 5 31 163 63 239 163
1 7 31 164 67 67 66 63 248
1 3 19 126 293
1 5 25 151 309 133 87
1 7 31 164 67 66 392 402 474
1 3 25 151 309
1 3 7 94 391
1 6 3 72 62 66 62 68
1 6 25 151 151 309 133 255
1 5 6 92 160 318 161
1 10 24 147 306 163 63 87 68 72 62 70
1 9 35 179 331 438 482 504 511 431 479
1 3 20 291 70
1 4 31 166 319 424
1 7 31 163 62 68 72 62 68
1 3 7 97 248
1 4 31 163 62 70
1 3 30 160 318
1 3 31 163 61
1 3 6 87 68
1 6 2 68 74 74 73 70
1 3 7 95 69
1 4 2 69 82 70
1 3 23 403 70
1 5 33 174 324 435 481
1 4 10 499 70 88
1 6 30 160 70 87 70 260
1 7 33 174 324 432 480 248 479
1 4 2 68 73 70
1 7 20 291 70 87 70 248 479
1 8 33 174 324 435 481 106 499 70
1 4 19 122 70 255
1 4 25 151 309 418
1 4 12 111 283 281
1 4 2 68 245 141
1 3 2 67 67
1 7 35 180 185 187 348 445 485
1 6 34 325 436 165 248 479
1 5 36 442 191 185 344
1 3 37 187 348
1 3 36 184 432
1 4 38 188 272 245
1 3 35 180 186
1 3 36 442 436
1 4 33 173 176 328
1 4 38 420 67 68
1 5 35 179 335 344 444
1 6 36 185 187 348 446 165
1 3 35 179 329
1 5 35 179 335 187 437
1 3 36 185 344
1 4 33 176 327 264
1 4 40 201 182 338
1 3 37 187 348
1 6 38 191 185 344 195 70
1 3 37 187 348
1 11 41 203 359 352 451 195 70 87 70 88 88
1 9 41 203 359 191 185 341 451 195 67
1 8 32 358 185 187 352 451 489 507
1 9 25 152 314 420 241 141 70 255 399
1 6 25 150 129 155 67 70
1 4 20 294 187 346
1 3 42 207 362
1 4 20 139 302 299
1 3 25 150 307
1 8 25 152 314 193 367 366 510 513
1 4 20 137 299 70
1 6 25 153 315 422 141 70
1 6 42 205 294 187 349 362
1 7 25 152 314 421 137 301 417
1 5 25 152 155 67 70
1 5 45 213 294 187 348
1 6 24 146 70 87 270 406
1 5 40 201 185 187 348
1 8 40 201 185 187 348 198 87 241
1 4 38 192 354 452
1 3 40 199 70
1 7 19 129 297 344 195 68 73
1 4 42 208 364 139
1 3 19 126 291
1 7 42 208 363 126 294 187 348
1 8 32 169 322 429 477 476 498 510
1 6 19 131 210 344 195 269
1 4 41 204 364 139
1 4 43 209 269 143
1 9 35 179 330 126 294 187 352 448 488
1 7 33 174 325 437 432 66 479
1 3 36 181 269
1 9 35 179 330 126 294 187 352 448 400
1 5 27 314 420 68 73
1 4 42 208 364 456
1 4 27 156 146 70
1 7 42 208 363 126 294 187 348
1 3 27 155 269
1 8 42 208 363 126 294 341 451 366
1 4 27 314 420 269
1 6 42 206 361 126 294 344
1 4 19 129 296 291
1 3 27 155 70
1 3 27 155 70
1 6 42 208 363 455 187 348
1 11 42 208 363 129 296 294 187 348 198 87 67
1 7 42 208 363 126 294 187 348
1 7 32 169 322 427 476 498 510
1 3 19 124 272
1 7 41 204 360 296 294 187 348
1 4 40 201 181 71
1 3 37 187 348
1 6 35 180 442 348 446 487
1 4 38 191 186 198
1 3 37 187 348
1 3 35 179 329
1 4 40 201 181 70
1 5 35 179 335 187 348
1 7 40 201 185 187 348 195 71
1 9 35 179 334 442 352 451 446 164 70
1 6 38 352 449 185 344 195
1 4 33 176 179 329
1 3 36 183 146
1 3 37 187 348
1 6 47 218 368 220 370 461
1 4 36 185 187 348
1 3 48 220 370
1 3 49 221 372
1 11 36 185 187 348 445 272 76 87 67 70 87
1 7 40 201 185 343 443 195 70
1 7 35 179 334 185 187 348 445
1 3 24 146 70
1 4 37 187 348 195
1 4 35 179 333 441
1 3 36 185 344
1 5 40 202 357 344 195
1 3 51 224 376
1 7 51 223 185 187 348 447 509
1 3 37 187 348
1 3 51 224 375
1 3 24 146 70
1 4 49 221 371 344
1 5 36 185 187 348 445
1 3 49 221 372
1 6 38 192 191 185 344 195
1 4 40 200 87 67
1 4 36 185 187 348
1 7 40 201 185 187 347 443 195
1 4 38 420 68 73
1 4 38 193 210 344
1 5 43 210 344 195 68
1 4 43 211 420 68
1 7 36 185 343 443 445 114 70
1 4 41 203 359 454
1 7 36 185 187 348 195 68 245
1 3 35 179 329
1 5 35 179 336 437 434
1 4 35 179 334 442
1 4 35 179 332 439
1 7 53 227 379 187 191 183 339
1 4 36 181 67 70
1 4 37 187 352 451
1 4 36 185 187 420
1 6 38 191 181 70 87 70
1 3 36 181 70
1 5 36 183 146 67 70
1 3 37 187 348
1 5 36 185 187 437 432
1 3 35 179 329
1 6 38 191 185 344 196 78
1 9 35 179 334 185 187 348 195 68 73
1 8 35 179 336 191 185 344 195 68
1 9 35 179 337 201 185 187 348 195 68
1 3 36 184 340
1 7 54 228 185 187 189 350 68
1 7 54 229 201 185 187 189 351
1 6 54 229 201 185 342 350
1 3 38 192 192
1 3 7 450 192
1 3 38 192 192
1 3 38 192 352
1 3 38 192 192
1 3 38 192 192
1 3 38 192 192
1 3 38 192 192
1 4 38 192 352 450
1 3 38 192 192
1 3 38 192 192
1 5 40 201 186 195 70
1 3 36 181 70
1 4 36 186 195 355
1 4 40 201 356 143
1 3 38 192 192
1 3 36 186 345
1 7 35 179 334 442 348 195 68
1 5 33 334 186 195 68
1 8 55 230 383 201 186 195 68 244
1 3 36 181 68
1 4 55 230 382 465
1 6 55 230 382 465 113 87
1 6 40 201 183 443 195 68
1 3 55 230 380
1 4 55 230 381 186
1 7 41 203 358 453 490 195 475
1 7 41 203 358 186 195 70 258
1 3 36 182 485
1 6 35 179 334 181 70 255
1 3 38 192 352
1 3 36 186 195
1 7 40 201 186 195 68 246 195
1 6 36 186 195 68 246 444
1 4 35 179 333 441
1 4 36 186 195 68
1 3 35 179 329
1 3 38 352 450
1 3 38 192 353
1 4 2 70 87 70
1 3 19 122 70
1 4 25 150 122 71
1 7 6 248 62 70 87 67 68
1 3 6 87 266
1 6 6 250 83 87 70 255
1 5 20 291 70 87 67
1 5 6 87 70 87 71
1 4 6 248 391 73
1 7 6 92 160 70 87 67 269
1 9 47 219 369 458 491 508 250 82 270
1 5 2 67 70 87 70
1 3 1 62 68
1 12 33 174 324 435 481 499 270 403 70 249 72 62
1 11 33 174 324 435 481 502 62 270 403 71 398
1 5 1 62 70 87 67
1 3 1 62 71
1 5 1 65 164 70 88
1 3 1 62 270
1 3 2 67 70
1 3 1 62 68
1 3 3 79 291
1 4 1 63 87 70
1 4 1 62 270 403
1 3 31 165 248
1 4 5 82 70 249
1 4 56 231 292 74
1 3 56 231 292
1 4 2 70 87 68
1 3 25 151 151
1 4 2 70 87 68
1 4 56 232 232 231
1 10 20 135 291 268 272 74 73 68 73 70
1 5 2 67 66 62 70
1 7 2 70 249 73 70 248 62
1 3 2 67 240
1 7 6 87 68 78 114 68 386
1 5 6 87 67 67 68
1 3 6 87 70
1 3 2 70 249
1 3 2 70 251
1 3 6 87 270
1 3 6 87 270
1 4 7 95 70 249
1 3 24 148 248
1 3 19 126 293
1 5 25 150 126 291 70
1 4 39 197 83 250
1 3 6 87 70
1 3 19 126 292
1 3 7 100 277
1 3 19 125 126
1 3 24 147 72
1 4 6 87 67 70
1 9 56 232 384 110 282 194 62 67 66
1 4 3 72 62 66
1 4 3 72 391 72
1 3 7 95 70
1 5 17 120 62 70 248
1 3 39 194 61
1 3 39 197 394
1 5 39 196 74 74 74
1 4 19 126 291 70
1 4 19 126 291 70
1 5 19 122 70 87 70
1 4 19 125 122 70
1 3 19 122 70
1 3 2 67 70
1 4 6 88 87 70
1 3 3 73 70
1 3 2 70 256
1 6 7 95 67 67 70 87
1 3 6 87 269
1 4 3 76 88 87
1 3 3 73 70
1 6 2 68 73 68 76 88
1 5 3 73 70 87 68
1 5 6 87 70 87 70
1 3 2 70 87
1 7 2 70 248 62 67 70 248
1 3 32 168 320
1 5 33 174 324 431 479
1 3 19 123 99
1 6 46 215 366 510 512 70
1 9 47 219 369 458 241 390 469 386 467
1 6 47 219 369 458 69 492
1 6 50 222 373 220 462 494
1 5 33 174 324 431 479
1 6 46 216 367 366 510 512
1 5 32 169 322 427 476
1 7 33 174 323 430 435 163 479
1 4 20 291 70 248
1 3 19 130 348
1 5 7 99 141 70 89
1 6 46 216 367 445 486 506
1 4 38 189 350 70
1 3 46 214 510
1 3 32 167 476
1 4 3 73 67 70
1 7 33 174 324 432 68 72 479
1 7 33 174 324 432 480 248 479
1 7 33 174 324 433 252 499 66
1 6 33 175 432 271 408 479
1 9 33 174 324 431 479 499 70 87 70
1 7 32 169 322 426 68 243 476
1 8 32 169 322 428 425 103 70 249
1 7 32 169 322 427 476 496 67
1 7 32 169 322 427 476 496 70
1 7 33 174 324 432 69 247 502
1 7 33 174 323 430 435 481 503
1 6 33 174 324 432 66 479
1 6 33 175 432 66 479 499
1 4 33 175 431 479
1 4 33 172 163 479
1 5 32 169 321 425 104
1 4 33 175 431 479
1 6 34 177 66 479 499 70
1 5 33 171 68 72 479
1 4 33 175 431 479
1 6 33 175 432 66 479 503
1 8 33 175 432 480 248 479 499 70
1 3 3 73 70
1 5 33 175 432 66 479
1 7 33 172 163 479 499 70 248
1 7 52 226 378 464 160 70 87
1 8 52 225 377 463 495 509 70 92
1 4 38 189 350 70
1 5 33 171 68 72 479
1 6 33 174 324 432 66 479
1 7 33 174 324 431 479 501 164
1 4 2 67 67 67
1 7 6 87 70 248 391 73 270
1 3 24 146 70
1 6 6 87 67 70 248 392
1 4 2 70 87 70
1 4 19 127 295 143
1 6 7 94 62 70 87 68
1 10 2 70 87 68 73 70 87 70 87 67
1 4 19 125 123 97
1 4 20 291 70 87
1 6 19 125 122 70 87 70
1 5 7 100 278 87 270
1 7 2 70 248 62 70 87 70
1 4 19 122 270 404
1 7 19 128 150 126 291 70 255
1 11 1 62 70 87 70 248 62 70 88 87 269
1 8 6 87 70 250 395 472 141 68
1 4 24 148 87 67
1 7 24 146 67 70 87 70 87
1 6 6 90 120 62 70 87
1 4 2 67 70 87
1 5 7 95 68 73 71
1 5 2 68 76 248 62
1 8 1 62 70 87 70 248 62 70
1 7 1 62 70 248 62 70 87
1 3 6 87 70
1 3 24 146 70
1 4 21 141 70 248
1 9 33 174 324 434 499 70 87 70 248
1 8 33 174 325 437 432 480 248 479
1 7 33 174 324 432 480 248 479
1 4 10 106 279 112
1 8 33 174 324 433 252 499 70 248
1 4 2 67 70 248
1 10 50 222 374 462 115 250 396 473 70 257
1 5 44 212 365 457 71
1 13 20 137 300 137 300 137 300 137 300 137 299 70 255
1 4 2 70 87 70
1 7 32 169 322 427 476 496 70
1 7 33 174 324 431 479 499 70
1 3 7 95 70
1 3 3 73 70
1 6 6 87 66 63 87 70
1 4 33 174 324 435
1 6 2 70 250 82 70 250
1 6 2 67 67 70 88 87
1 4 3 72 62 70
1 3 6 87 70
1 6 2 70 87 70 87 69
1 5 2 70 87 70 248
1 9 11 398 89 114 67 68 73 68 243
1 4 20 135 291 70
1 6 6 87 67 268 114 68
1 3 2 67 70
1 3 6 87 68
1 4 39 195 240 103
1 3 4 80 68
1 4 2 70 88 87
1 3 2 70 91
1 3 19 122 68
1 3 7 97 87
1 5 2 70 87 67 68
1 3 3 76 87
1 5 22 145 404 87 269
1 3 22 143 70
1 3 7 95 70
1 3 7 95 266
1 11 35 179 332 440 483 94 479 499 71 397 67
1 3 20 135 298
1 3 39 195 70
1 6 46 216 367 445 485 510
1 5 32 169 322 427 476
1 4 58 234 385 466
1 3 2 68 242
1 5 2 67 71 397 70
1 3 19 125 123
1 4 19 126 291 270
1 4 19 126 291 68
1 4 2 71 397 241
1 4 3 73 70 249
1 4 19 126 291 70
1 4 2 70 248 391
1 5 19 126 291 71 262
1 3 19 122 71
1 3 19 126 291
1 3 24 146 416
1 8 3 76 249 73 70 87 270 404
1 3 2 70 87
1 4 1 62 70 88
1 3 5 82 68
1 5 2 70 87 70 248
1 8 33 174 324 435 481 499 70 248
1 4 2 70 87 318
1 13 47 219 369 460 493 270 407 195 70 250 82 70 255
1 4 39 195 68 76
1 14 33 174 324 435 481 503 87 70 248 62 70 248 62 68
1 4 39 195 67 70
1 13 32 169 322 428 496 67 68 243 103 70 261 195 70
1 11 2 70 255 280 73 70 87 70 248 62 70
1 8 33 174 324 432 480 248 479 499
1 5 33 174 324 434 499
1 5 3 74 246 198 87
1 9 11 108 280 73 70 87 68 73 70
1 3 39 195 70
1 3 39 198 256
1 4 39 198 87 241
1 3 39 198 284
1 3 39 195 70
1 3 39 195 70
1 8 20 136 141 67 241 142 255 142
1 3 19 122 70
1 3 5 82 241
1 3 30 160 67
1 3 1 62 270
1 4 2 70 87 70
1 3 2 67 70
1 4 1 62 70 87
1 3 20 291 416
1 4 3 72 62 67
1 4 3 74 73 269
1 5 2 270 404 87 70
1 5 2 66 62 67 270
1 4 2 67 67 70
1 7 34 178 163 62 67 70 87
1 3 33 175 434
1 3 5 82 70
1 3 30 160 241
1 3 20 132 62
1 5 19 126 291 68 72
1 7 33 174 324 435 481 502 62
1 4 1 62 67 70
1 3 2 67 70
1 5 32 169 322 429 478
1 3 9 103 70
1 14 2 67 67 67 67 67 70 253 397 70 89 115 87 70
1 10 2 71 398 87 70 89 115 286 411 241
1 9 2 71 398 87 70 88 88 89 272
1 9 11 397 67 70 88 87 70 89 114
1 4 2 67 67 67
1 5 2 241 142 89 114
1 8 57 233 70 88 87 67 70 89
1 6 33 174 324 435 481 264
1 3 2 67 70
1 14 33 174 324 435 481 503 248 62 68 76 248 391 72 392
1 12 1 61 391 72 62 70 255 388 62 66 391 72
1 17 2 68 76 87 68 74 74 73 70 249 73 68 73 70 87 67 70
1 14 47 219 369 458 70 250 492 493 70 250 82 69 82 68
1 19 6 250 394 82 70 88 250 82 69 82 68 76 250 82 68 76 250 82 68
1 14 33 174 324 435 481 502 62 68 72 62 70 248 62 70
1 13 1 61 61 63 248 392 402 62 70 88 248 62 70
1 14 32 169 322 428 496 270 405 103 240 103 68 243 103 70
1 6 32 169 322 426 475 425
1 11 33 174 324 435 481 502 62 241 388 391 245
1 9 33 174 324 435 481 503 248 62 68
1 10 1 62 68 76 248 62 241 388 62 270
1 11 2 67 68 76 87 70 87 70 87 67 70
1 3 3 73 70
1 4 6 88 248 391
1 5 5 84 397 67 71
1 5 2 70 249 73 67
1 3 24 146 305
1 3 6 87 269
1 3 6 88 87
1 6 9 103 240 103 70 87
1 4 3 76 88 87
1 5 19 126 291 270 402
1 16 20 133 87 71 397 271 233 70 89 273 412 87 70 87 67 67
1 9 20 135 133 88 88 88 88 87 68
1 6 59 236 67 70 87 240
1 16 20 133 87 70 87 70 87 268 115 88 88 87 268 115 87 70
1 4 59 237 386 82
1 15 2 70 90 120 63 87 70 87 71 398 87 70 89 115 255
1 10 1 62 67 70 88 87 268 115 88 88
1 8 20 291 70 253 397 70 87 70
1 3 59 235 62
1 9 20 291 70 87 70 88 87 268 401
1 3 2 66 63
1 11 20 291 70 253 398 88 89 114 268 272 76
1 10 2 70 87 67 268 115 88 87 70 89
1 5 6 87 268 115 88
1 3 20 140 304
1 10 20 140 303 89 273 411 70 88 88 88
1 4 2 70 87 70
1 5 20 135 135 140 304
1 6 2 70 88 89 115 88
1 15 6 87 70 88 88 88 87 70 88 89 114 70 89 115 88
1 6 20 133 87 67 268 115
1 4 6 87 70 88
1 16 2 70 253 398 88 87 271 409 88 89 115 88 88 89 401 404
1 11 14 115 87 70 87 70 88 89 272 76 249
1 8 20 291 70 87 70 89 115 88
1 7 14 115 87 70 87 70 88
1 10 20 133 88 87 70 89 272 410 404 88
1 10 6 87 70 87 70 253 398 87 70 89
1 8 6 253 397 268 401 404 88 88
1 4 20 135 135 135
1 9 6 253 398 87 67 70 89 115 255
1 11 2 70 253 398 87 70 88 89 401 404 88
1 3 6 87 70
1 10 6 87 271 409 253 398 88 87 268 115
1 3 2 68 73
1 3 10 107 171
1 3 25 152 313
1 3 25 152 313
1 3 25 152 313
1 3 25 152 311
1 4 33 172 163 479
1 6 33 174 325 437 431 479
1 9 6 88 88 88 87 70 87 268 115
1 5 33 174 324 431 479
1 6 33 336 437 432 66 479
1 11 38 348 198 88 88 88 88 87 268 117 409
1 13 9 105 398 88 88 88 253 397 67 70 89 115 88
1 4 33 175 431 479
1 8 6 88 88 87 70 89 115 88
1 4 33 175 431 479
1 8 33 174 324 435 481 503 87 66
1 11 47 219 369 459 492 508 88 87 268 115 88
1 3 33 170 479
1 6 33 174 325 437 431 479
1 7 6 88 88 253 397 268 401
1 6 33 174 325 437 431 479
1 9 6 88 88 87 268 115 284 404 87
1 5 33 175 326 277 479
1 11 7 99 265 398 88 253 397 268 115 88 285
1 7 33 174 325 437 435 163 479
1 3 19 126 293
1 3 25 152 312
1 10 6 88 88 87 70 89 401 404 87 70
1 12 6 88 88 88 87 268 115 284 415 233 67 70
1 8 21 142 88 88 87 268 115 88
1 13 30 161 87 70 88 88 253 397 268 115 285 409 255
1 13 30 162 398 88 88 253 398 87 70 89 115 285 409
1 7 21 142 88 88 88 87 268
1 16 47 219 369 458 241 390 470 398 87 67 71 398 87 268 117 288
1 7 6 87 268 115 284 404 249
1 10 6 88 88 88 253 398 87 268 115 88
1 5 6 88 87 268 115
1 8 6 88 88 88 88 88 87 268
1 3 33 170 479
1 6 33 174 324 433 248 479
1 4 6 89 115 87
1 3 14 114 67
1 4 14 117 233 71
1 3 6 89 115
1 3 14 114 70
1 3 7 95 70
1 7 32 169 322 429 477 476 497
1 11 21 142 88 88 87 268 115 88 88 88 88
1 4 20 137 300 137
1 14 6 87 70 88 253 398 88 87 70 88 89 115 88 88
1 3 60 238 387
1 8 35 179 332 440 484 505 248 479
1 3 33 329 502
1 13 11 398 87 70 253 398 88 87 70 88 89 272 76
1 3 2 69 83
1 3 7 97 87
1 6 34 325 436 163 479 264
1 3 14 115 88
1 5 25 150 126 292 76
1 5 6 88 89 115 87
1 7 33 174 324 431 479 503 255
1 5 6 89 115 253 398
1 5 6 89 116 397 70
1 7 33 174 324 432 269 277 479
1 9 6 88 89 115 88 87 67 70 87
1 5 14 115 87 70 88
1 5 33 175 431 479 264
1 5 10 503 89 114 68
1 4 33 175 431 479
1 10 29 158 89 116 287 115 88 87 70 88
1 6 33 174 324 431 479 500
1 3 38 190 403
1 4 3 78 116 398
1 6 33 174 324 433 248 479
1 8 6 88 253 398 88 249 73 70
1 6 14 115 88 249 73 269
1 8 6 89 115 88 253 397 70 255
1 6 33 174 325 437 431 479
1 4 14 115 88 87
1 4 14 115 88 88
1 4 14 115 253 398
1 3 14 116 398
1 5 25 151 151 150 128
1 4 25 151 151 149
1 6 19 128 150 126 291 70
1 5 25 151 308 255 141
1 4 19 126 135 132
1 4 10 503 87 70
1 3 7 95 70
1 3 6 93 275
1 4 3 73 70 87
1 3 2 67 68
1 4 6 87 67 241
1 5 2 67 70 87 70
1 3 3 75 81
1 3 10 106 106
1 7 25 151 151 150 126 291 70
1 5 19 122 70 259 400
1 5 14 115 88 253 398
1 4 47 217 67 69
1 5 19 126 291 70 248
1 5 25 150 126 291 70
1 3 19 126 136
1 4 6 249 74 74
