751 507
1 6 1 62 71 263 84 85
1 3 2 72 87
1 4 7 99 92 87
1 5 6 93 92 87 93
1 9 6 92 88 357 397 379 102 87 92
1 6 2 71 262 72 86 85
1 7 1 67 105 266 108 86 87
1 4 9 107 108 85
1 3 5 86 85
1 3 3 77 249
1 6 2 72 87 90 71 77
1 7 5 86 85 76 77 86 85
1 5 11 113 282 87 90
1 3 5 85 267
1 4 13 121 292 118
1 9 14 123 72 85 78 125 76 77 250
1 4 13 120 85 262
1 6 16 127 296 129 72 85
1 4 12 489 72 85
1 5 18 131 489 72 85
1 4 5 85 77 85
1 6 19 135 309 419 472 138
1 3 21 142 313
1 3 21 139 85
1 4 23 497 85 266
1 5 14 124 77 89 277
1 3 25 161 85
1 3 1 66 90
1 5 2 72 87 92 86
1 10 8 101 242 159 84 246 384 456 102 89
1 3 5 89 386
1 7 25 161 86 85 264 92 246
1 3 25 161 85
1 5 2 72 87 92 87
1 6 2 72 87 93 93 90
1 5 2 71 77 86 401
1 6 2 73 92 86 89 277
1 3 25 161 85
1 4 8 102 89 278
1 5 5 401 71 77 87
1 3 21 143 160
1 3 3 77 252
1 4 25 161 85 264
1 4 27 168 86 85
1 4 2 72 86 253
1 4 2 74 386 85
1 5 5 401 72 86 86
1 4 2 72 85 77
1 3 5 86 85
1 6 27 169 142 313 85 263
1 4 28 173 336 426
1 3 2 72 89
1 3 25 162 327
1 5 2 73 92 85 76
1 3 3 77 249
1 3 21 139 85
1 3 5 85 261
1 4 2 72 85 264
1 4 22 313 85 247
1 4 27 169 139 85
1 4 22 150 77 85
1 4 21 142 313 85
1 3 25 161 85
1 7 2 72 85 76 76 77 254
1 4 30 175 77 254
1 5 3 262 72 87 93
1 3 6 92 85
1 4 3 77 86 85
1 3 17 129 72
1 3 22 152 92
1 3 2 72 85
1 3 2 72 85
1 4 5 86 86 85
1 3 5 85 264
1 3 5 87 93
1 3 1 66 91
1 5 12 118 490 262 73
1 3 6 92 85
1 3 5 86 87
1 3 3 264 93
1 3 5 85 270
1 4 27 171 332 255
1 3 26 166 164
1 3 26 164 86
1 3 26 166 166
1 3 6 95 280
1 3 31 334 424
1 3 26 166 166
1 5 6 93 90 72 85
1 3 3 77 85
1 4 6 91 77 250
1 5 6 91 77 87 95
1 3 3 77 250
1 3 3 80 258
1 6 21 311 64 83 260 395
1 3 6 93 95
1 5 26 165 92 250 118
1 3 21 139 254
1 3 6 91 77
1 4 12 465 85 294
1 5 5 86 87 92 87
1 6 2 71 77 87 92 85
1 8 5 85 77 85 77 85 77 85
1 3 25 161 86
1 7 5 401 71 77 86 85 262
1 5 2 71 77 85 262
1 4 22 150 77 85
1 3 8 104 161
1 3 1 65 89
1 6 2 75 181 76 77 85
1 5 2 71 76 77 254
1 4 2 72 254 391
1 4 2 73 92 85
1 4 9 106 86 87
1 6 33 186 341 432 476 475
1 8 22 153 465 250 489 72 87 92
1 3 5 85 262
1 11 5 87 91 265 100 77 85 77 85 77 246
1 3 22 313 85
1 7 11 116 288 404 465 85 267
1 5 5 85 265 357 442
1 7 32 286 72 85 262 72 401
1 3 6 92 86
1 3 25 161 86
1 5 1 65 243 108 85
1 4 25 162 92 85
1 4 8 100 265 397
1 5 25 162 90 72 87
1 3 5 401 72
1 7 32 183 86 86 401 71 262
1 3 21 139 246
1 4 27 170 331 150
1 5 27 170 331 150 77
1 7 32 183 86 401 462 389 459
1 3 21 142 150
1 3 1 62 73
1 6 6 90 72 401 72 87
1 3 3 77 85
1 6 27 170 170 331 150 263
1 5 3 81 190 343 433
1 10 25 162 328 286 71 77 87 90 72 85
1 9 18 130 301 411 468 491 505 281 400
1 4 32 182 338 427
1 3 1 63 262
1 4 32 286 72 85
1 3 3 77 87
1 3 1 65 88
1 4 5 88 102 85
1 3 29 174 85
1 5 11 116 288 405 466
1 4 12 465 85 76
1 5 11 116 288 282 250
1 6 35 190 85 77 85 272
1 7 11 116 288 282 85 262 400
1 6 10 108 250 465 85 266
1 4 5 87 92 85
1 7 22 313 85 77 85 262 400
1 8 11 116 288 405 466 118 465 85
1 4 27 170 331 423
1 4 13 122 293 292
1 3 5 86 86
1 3 25 161 85
1 6 34 290 408 181 262 400
1 3 38 200 282
1 3 18 132 203
1 3 38 418 408
1 4 11 112 114 285
1 4 37 192 86 87
1 5 18 130 306 356 441
1 6 38 204 355 439 483 181
1 3 18 130 298
1 3 37 192 86
1 3 38 204 356
1 4 11 114 131 280
1 4 41 211 201 349
1 3 40 355 439
1 5 18 130 303 415 466
1 6 37 197 204 356 350 85
1 4 18 130 303 414
1 10 38 204 355 439 350 85 77 85 77 85
1 3 40 355 439
1 11 42 213 358 436 481 350 85 77 85 76 76
1 9 42 213 358 197 204 352 481 350 86
1 9 27 171 180 192 246 84 85 263 396
1 6 27 169 145 177 86 85
1 4 22 315 355 437
1 4 22 156 323 320
1 3 27 169 329
1 4 22 155 320 85
1 6 27 172 335 425 84 85
1 6 44 216 315 355 440 485
1 4 27 170 170 171
1 7 27 171 180 194 155 322 422
1 5 27 171 177 86 85
1 5 43 215 315 355 439
1 3 44 217 363
1 6 25 161 85 77 254 391
1 8 41 211 204 355 439 206 77 246
1 4 37 196 347 434
1 3 41 210 85
1 3 21 142 313
1 3 31 176 77
1 8 33 186 341 432 476 475 496 506
1 6 21 147 221 356 350 253
1 4 42 214 361 156
1 7 11 116 290 407 282 401 400
1 9 21 142 315 355 436 478 499 337 255
1 5 18 130 300 410 467
1 3 37 194 155
1 3 38 199 253
1 9 18 130 299 142 315 355 436 478 395
1 5 31 180 192 87 92
1 3 21 146 318
1 4 44 218 361 446
1 4 31 178 161 85
1 7 44 218 364 142 315 355 439
1 3 31 177 253
1 8 44 218 364 142 315 352 481 501
1 4 31 180 192 253
1 4 21 145 317 313
1 7 44 218 364 142 315 355 439
1 8 33 186 341 432 476 475 496 506
1 3 31 177 85
1 6 44 218 364 146 355 439
1 11 44 218 364 145 317 315 355 439 206 77 86
1 3 31 179 337
1 7 44 218 364 142 315 355 439
1 7 33 186 341 430 475 496 506
1 3 21 140 256
1 7 42 214 362 317 315 355 439
1 3 40 355 439
1 6 18 132 418 439 483 503
1 4 37 197 203 206
1 4 41 211 199 87
1 3 40 355 439
1 3 18 130 298
1 4 41 211 199 85
1 5 18 130 306 355 439
1 7 41 211 204 355 439 350 89
1 3 18 130 298
1 9 18 130 305 418 436 481 483 183 85
1 6 37 436 480 204 356 350
1 7 41 212 355 436 481 350 85
1 4 11 114 130 298
1 8 38 204 355 439 350 85 77 85
1 3 48 224 367
1 6 19 136 310 224 368 448
1 4 38 204 355 439
1 3 50 226 372
1 11 38 204 355 439 482 256 91 77 86 85 77
1 7 41 211 204 354 435 350 85
1 4 18 130 304 417
1 7 18 130 305 204 355 439 482
1 3 25 161 85
1 4 40 355 439 350
1 4 18 130 303 414
1 4 18 130 303 414
1 6 38 204 355 439 350 85
1 7 52 228 204 355 439 484 504
1 3 40 355 439
1 4 50 226 371 356
1 5 38 204 355 439 482
1 3 50 226 372
1 5 41 211 203 350 85
1 4 41 209 77 86
1 4 38 204 355 439
1 7 41 211 204 355 438 435 350
1 5 37 197 203 350 87
1 4 37 198 221 356
1 5 46 221 356 350 87
1 4 46 220 192 87
1 7 38 204 354 435 482 255 85
1 4 42 213 358 443
1 5 18 130 304 407 404
1 4 18 130 305 418
1 7 16 128 297 355 438 161 86
1 5 53 229 204 355 439
1 4 38 199 86 85
1 4 40 355 436 481
1 4 38 204 355 192
1 9 18 130 304 436 479 500 204 356 350
1 6 37 197 199 85 77 85
1 5 38 202 161 86 85
1 3 18 130 298
1 3 18 130 298
1 6 37 197 204 356 207 96
1 8 18 130 304 197 204 356 350 87
1 9 18 130 307 211 204 355 439 350 87
1 7 54 230 204 355 193 344 87
1 7 54 231 211 204 355 193 345
1 6 54 231 211 204 353 344
1 3 37 196 196
1 4 37 196 196 346
1 3 37 196 196
1 3 1 69 196
1 3 37 196 196
1 3 37 196 436
1 3 37 196 196
1 3 37 196 196
1 3 37 196 196
1 3 37 196 196
1 3 37 196 196
1 3 37 196 196
1 3 37 196 196
1 3 37 196 196
1 3 37 196 196
1 5 41 211 203 350 85
1 3 38 199 85
1 5 41 211 203 350 87
1 3 37 196 196
1 7 49 225 369 203 350 85 268
1 3 38 203 351
1 3 38 203 350
1 4 49 225 370 449
1 5 18 130 305 200 282
1 3 18 133 308
1 8 55 232 376 211 203 350 87 275
1 3 38 199 87
1 6 41 211 202 435 350 87
1 4 55 232 375 203
1 7 42 213 359 444 486 350 474
1 5 42 213 359 445 432
1 6 42 213 360 211 445 431
1 7 42 213 359 203 350 85 269
1 3 38 203 350
1 3 38 201 348
1 6 18 130 305 199 85 263
1 3 38 203 350
1 7 41 211 203 350 87 279 350
1 3 18 130 298
1 3 5 85 263
1 4 5 85 77 85
1 3 21 139 85
1 4 27 169 139 89
1 7 3 262 72 85 77 86 87
1 3 3 77 249
1 6 3 265 100 77 85 263
1 5 22 313 85 77 86
1 3 22 313 252
1 5 3 77 85 77 89
1 4 3 262 73 92
1 3 35 190 85
1 9 19 135 309 419 472 494 265 102 254
1 5 5 86 85 77 85
1 3 2 72 87
1 12 11 116 288 405 466 465 254 174 85 264 90 72
1 4 22 148 65 85
1 7 33 186 341 432 477 428 108
1 3 22 313 85
1 5 2 72 85 77 86
1 5 2 75 183 85 76
1 3 2 72 254
1 3 5 86 85
1 3 6 97 313
1 3 32 181 262
1 4 8 102 85 264
1 3 56 233 152
1 4 5 85 77 87
1 4 56 234 234 233
1 10 22 154 313 251 256 93 92 87 92 85
1 7 5 85 264 92 85 262 72
1 3 5 86 243
1 7 3 77 87 96 255 87 379
1 5 3 77 86 86 87
1 3 5 249 63
1 3 3 77 254
1 3 5 85 261
1 3 3 77 254
1 3 3 77 254
1 3 25 160 262
1 3 21 142 314
1 5 27 169 142 313 85
1 3 3 77 85
1 3 21 142 149
1 3 1 68 244
1 4 3 77 86 85
1 4 6 90 72 401
1 4 6 90 73 90
1 3 1 65 85
1 3 39 205 70
1 4 39 205 73 90
1 4 39 205 73 90
1 3 39 208 357
1 5 39 207 93 93 93
1 4 21 142 313 85
1 4 21 142 313 85
1 5 21 142 313 85 262
1 4 21 141 139 85
1 4 21 141 139 85
1 4 3 76 77 85
1 3 6 92 85
1 3 5 85 270
1 4 3 77 86 85
1 6 1 65 86 86 85 77
1 3 3 247 386
1 3 3 77 253
1 4 6 91 76 77
1 3 6 92 85
1 6 5 87 92 87 91 76
1 5 6 92 85 77 87
1 3 5 85 77
1 3 33 185 339
1 7 51 227 374 450 472 495 397
1 9 19 135 309 419 246 383 455 379 454
1 5 51 227 374 451 487
1 4 33 187 342 431
1 6 19 135 309 419 88 398
1 6 51 227 373 224 451 487
1 5 11 116 288 281 400
1 5 33 186 341 430 475
1 4 22 313 85 262
1 5 1 64 84 85 78
1 6 47 223 366 482 502 507
1 4 37 193 344 85
1 3 47 222 506
1 3 47 222 506
1 3 33 184 475
1 4 6 92 86 85
1 7 11 116 288 403 267 465 401
1 6 11 113 282 402 463 400
1 5 11 113 283 90 400
1 8 11 116 288 405 287 95 465 401
1 7 33 186 341 429 87 274 475
1 8 33 186 341 431 428 108 85 264
1 7 33 186 341 430 475 497 85
1 7 11 116 288 282 88 276 489
1 7 11 116 289 406 405 466 490
1 3 5 85 262
1 3 11 109 400
1 6 11 113 282 401 400 465
1 4 11 113 281 400
1 4 11 115 286 400
1 5 33 186 340 428 473
1 5 11 111 87 90 400
1 6 11 116 288 405 466 489
1 4 11 113 281 400
1 6 11 113 282 401 400 490
1 5 11 116 288 281 400
1 6 11 116 288 404 465 401
1 7 11 116 288 282 401 400 465
1 8 11 113 282 85 262 400 465 85
1 6 11 116 288 405 286 400
1 3 34 188 400
1 3 11 113 405
1 3 6 92 85
1 5 11 113 282 401 400
1 6 11 113 405 286 400 119
1 7 11 115 286 400 465 85 262
1 7 57 235 377 452 190 85 77
1 10 57 236 378 453 488 452 190 85 77 87
1 4 37 193 344 85
1 5 11 111 87 90 400
1 6 11 116 288 282 250 489
1 6 11 116 288 282 401 400
1 4 5 86 86 86
1 7 3 77 85 262 73 92 254
1 3 25 161 85
1 3 1 65 246
1 4 5 85 77 85
1 4 21 143 316 164
1 6 1 62 72 85 77 87
1 4 21 141 139 85
1 10 5 85 77 87 92 85 77 85 77 86
1 4 21 141 311 63
1 4 22 313 85 77
1 5 1 68 245 77 254
1 7 21 144 169 142 313 85 263
1 11 2 72 85 77 85 262 72 85 76 77 253
1 4 25 160 77 86
1 5 5 254 174 86 85
1 4 5 89 386 86
1 6 3 262 72 86 87 93
1 6 3 79 129 72 85 77
1 4 5 86 85 77
1 5 1 65 87 92 89
1 5 5 87 91 262 72
1 7 2 72 85 262 72 85 77
1 3 3 77 85
1 3 25 161 85
1 4 4 84 85 262
1 3 5 85 265
1 4 12 118 291 123
1 8 11 116 288 403 267 465 85 262
1 4 5 86 85 262
1 10 51 227 374 451 125 265 399 460 85 271
1 5 45 219 365 447 89
1 4 5 85 77 85
1 7 33 186 341 430 475 497 85
1 7 11 116 288 281 400 465 85
1 3 6 92 85
1 5 36 191 344 85 262
1 6 3 77 401 71 77 85
1 5 9 105 77 85 266
1 4 6 90 72 85
1 3 3 77 85
1 4 3 77 85 262
1 9 24 385 78 255 86 87 92 87 274
1 6 3 77 86 251 255 87
1 6 5 87 91 77 85 264
1 3 7 98 87
1 4 5 85 76 77
1 3 5 85 80
1 3 21 139 87
1 3 5 85 263
1 3 1 61 66
1 3 1 63 77
1 12 18 130 302 412 469 492 277 72 401 72 87 92
1 5 11 116 288 405 466
1 5 5 85 77 86 87
1 3 6 91 77
1 5 26 167 390 77 253
1 3 5 249 65
1 3 26 164 85
1 3 1 65 85
1 3 1 65 249
1 11 18 130 302 413 470 62 400 465 89 386 86
1 3 3 77 87
1 3 22 154 319
1 3 5 87 273
1 5 5 86 89 386 85
1 3 21 141 311
1 4 21 142 313 254
1 4 21 142 313 87
1 4 5 89 386 246
1 4 6 92 85 264
1 4 21 142 313 85
1 4 5 85 262 73
1 5 21 142 313 89 277
1 3 21 141 312
1 3 21 142 313
1 3 25 161 421
1 8 6 91 264 92 85 77 254 390
1 3 5 85 77
1 4 2 72 85 76
1 3 1 65 85
1 3 8 102 87
1 4 2 72 85 263
1 3 5 85 76
1 5 5 85 77 85 262
1 8 11 116 288 405 466 465 85 262
1 4 5 85 77 343
1 14 11 116 288 405 466 490 77 85 262 72 85 262 72 87
1 13 5 87 92 85 76 77 87 92 85 77 85 77 87
1 11 5 85 263 326 92 85 77 85 262 72 85
1 11 5 85 77 86 87 92 87 92 85 77 87
1 5 11 116 288 404 465
1 5 6 93 279 206 77
1 9 24 159 326 92 85 77 87 92 85
1 3 39 350 85
1 3 39 206 270
1 4 39 206 77 246
1 3 5 85 77
1 3 39 206 294
1 3 39 350 85
1 3 39 350 85
1 8 22 151 84 86 246 83 263 83
1 3 21 139 85
1 3 35 190 86
1 3 2 72 254
1 4 5 85 77 85
1 6 2 72 86 85 77 87
1 3 5 86 85
1 3 22 313 421
1 4 6 90 72 86
1 5 5 254 390 77 85
1 7 34 189 286 72 86 85 77
1 3 11 113 404
1 3 35 190 246
1 3 22 313 85
1 3 2 72 85
1 3 22 149 72
1 5 11 116 288 405 466
1 5 21 142 313 87 90
1 7 11 116 288 405 466 489 72
1 3 5 86 85
1 3 10 108 85
1 14 5 86 86 86 86 86 85 247 386 85 78 125 77 85
1 9 24 386 86 85 76 77 85 78 255
1 7 25 160 76 76 76 76 77
1 5 5 246 83 78 255
1 8 5 85 77 85 77 85 78 125
1 6 11 116 288 405 466 280
1 3 5 86 85
1 14 11 116 288 405 466 490 262 72 87 91 262 73 90 462
1 12 2 70 73 90 72 85 263 382 72 401 73 90
1 17 5 87 91 77 87 93 93 92 85 264 92 87 92 85 77 86 85
1 14 19 135 309 419 85 265 398 137 85 265 102 88 102 87
1 14 11 116 288 405 466 489 72 87 90 72 85 262 72 85
1 13 2 70 70 71 262 462 389 72 85 76 262 72 85
1 14 33 186 341 431 497 254 392 108 243 108 87 274 108 85
1 6 33 186 341 429 474 428
1 12 10 108 85 266 108 243 108 85 266 108 243 381
1 11 11 116 288 405 466 489 72 246 382 73 327
1 9 11 116 288 405 466 490 262 72 87
1 10 2 72 87 91 262 72 246 382 72 254
1 11 5 86 87 91 77 85 77 85 77 86 85
1 8 3 77 87 92 85 76 77 89
1 3 6 92 85
1 4 3 76 262 73
1 5 8 103 386 86 89
1 5 5 85 264 92 86
1 3 25 161 252
1 3 3 77 253
1 6 10 108 243 108 85 77
1 4 25 163 161 88
1 5 3 77 85 77 85
1 3 6 92 85
1 5 21 142 313 254 389
1 9 22 154 150 76 76 76 76 77 87
1 6 58 238 86 85 77 243
1 16 22 150 77 85 77 85 77 251 125 76 76 77 251 125 77 85
1 12 22 313 86 251 388 457 76 76 76 77 87 93
1 4 58 239 379 102
1 15 5 85 79 129 71 77 85 77 89 385 77 85 78 125 263
1 8 22 313 85 247 386 85 77 85
1 3 58 237 72
1 9 22 313 85 77 85 76 77 251 387
1 11 22 313 85 247 385 76 78 255 251 256 91
1 4 5 86 85 262
1 10 5 85 77 86 251 125 76 77 85 78
1 3 22 157 325
1 10 22 157 324 78 388 458 85 76 76 76
1 5 22 154 154 157 325
1 6 5 85 76 78 125 76
1 15 3 77 85 76 76 76 77 85 76 78 255 85 78 125 76
1 4 3 77 85 76
1 16 5 85 247 385 76 77 402 464 76 78 125 76 76 78 387 390
1 11 15 125 77 85 77 85 76 78 256 91 264
1 8 22 313 85 77 85 78 125 76
1 7 15 125 77 85 77 85 76
1 10 22 150 76 77 85 78 256 393 390 76
1 10 3 77 85 77 85 247 385 77 85 78
1 4 5 85 78 125
1 8 3 247 386 251 387 390 76 76
1 9 3 247 385 77 86 85 78 125 263
1 9 3 76 77 85 77 85 76 78 125
1 3 3 77 85
1 3 5 87 92
1 3 12 117 111
1 3 11 111 85
1 3 27 171 334
1 3 27 171 334
1 3 27 171 334
1 3 27 171 334
1 3 27 171 333
1 4 11 115 286 400
1 9 3 76 76 76 76 77 251 125 76
1 6 11 116 290 407 281 400
1 9 3 76 76 76 77 85 77 251 125
1 5 11 116 288 281 400
1 13 5 85 76 247 385 76 77 251 125 76 76 76 76
1 6 11 304 407 282 401 400
1 4 11 304 416 400
1 4 11 113 281 400
1 8 3 76 76 77 85 78 125 76
1 4 11 113 281 400
1 5 5 251 125 76 264
1 11 19 135 309 420 398 494 76 77 251 125 76
1 14 3 76 76 76 247 385 76 77 251 125 76 76 77 86
1 6 11 116 290 407 281 400
1 7 3 76 76 247 386 251 387
1 5 11 113 284 244 400
1 11 1 64 242 385 76 247 386 251 125 76 248
1 7 11 116 290 407 405 286 400
1 12 3 77 89 385 76 76 76 247 386 85 78 125
1 3 21 142 314
1 3 27 171 179
1 11 4 83 76 76 76 76 76 77 85 78 125
1 10 3 76 76 77 85 78 387 390 77 85
1 12 3 76 76 76 77 251 125 294 409 295 86 85
1 7 4 83 76 76 76 77 251
1 7 3 77 251 125 294 390 264
1 5 3 76 77 251 125
1 8 3 76 76 76 76 76 77 251
1 10 3 76 76 76 76 77 251 125 76 76
1 3 11 109 400
1 6 11 116 288 403 262 400
1 4 3 78 125 77
1 5 11 115 287 90 400
1 4 15 126 295 89
1 7 19 135 309 419 85 265 398
1 3 3 78 125
1 3 15 255 85
1 7 33 186 341 432 476 475 498
1 11 4 83 76 76 77 251 125 76 76 76 76
1 9 4 83 76 76 76 76 76 78 126
1 4 22 155 321 155
1 14 3 77 85 76 247 385 76 77 85 76 78 125 76 76
1 3 59 240 380
1 8 18 130 302 413 471 493 262 400
1 3 11 298 489
1 13 24 385 77 85 247 385 76 77 85 76 78 256 91
1 9 3 78 125 247 386 86 86 86 85
1 3 5 88 100
1 3 1 63 77
1 6 34 290 408 286 400 280
1 3 15 125 76
1 5 27 169 142 152 91
1 5 3 78 125 247 385
1 5 3 78 257 386 85
1 3 21 142 313
1 4 11 113 281 400
1 9 3 76 78 125 76 77 86 85 77
1 5 3 78 125 77 253
1 5 11 113 281 400 280
1 5 12 490 78 255 87
1 4 11 113 281 400
1 10 23 158 78 257 394 125 76 77 85 76
1 6 11 116 288 281 400 461
1 3 37 192 85
1 4 3 78 125 77
1 3 37 195 174
1 4 6 96 257 385
1 7 11 116 288 404 465 85 262
1 4 12 119 125 265
1 4 11 110 262 400
1 8 3 76 247 385 76 264 92 85
1 6 15 125 76 264 92 253
1 8 3 78 125 76 247 386 85 263
1 6 11 116 290 407 281 400
1 4 15 125 76 77
1 6 11 304 407 282 401 400
1 4 15 125 76 76
1 3 15 125 77
1 4 15 125 247 385
1 4 5 87 92 87
1 7 60 241 381 174 86 87 327
1 5 20 137 85 76 77
1 5 27 170 170 169 144
1 4 27 169 139 85
1 6 21 144 169 142 313 85
1 5 27 170 330 263 84
1 4 21 142 154 149
1 3 3 82 259
1 4 6 92 85 77
1 3 5 86 87
1 4 3 77 86 246
1 5 5 86 85 77 85
1 3 6 94 99
1 5 27 169 142 313 85
1 3 12 118 118
1 7 27 170 170 169 142 313 85
1 5 21 142 313 89 277
1 4 19 134 86 88
1 3 20 138 138
1 5 5 85 77 85 266
1 4 21 139 85 267
1 5 21 142 313 85 262
1 5 27 169 142 313 85
1 3 21 142 151
1 4 3 264 93 93
