765 498
1 6 1 64 71 255 84 86
1 3 2 72 88
1 4 7 98 93 88
1 5 6 94 93 88 94
1 9 6 93 89 394 393 453 100 88 93
1 7 1 68 102 258 105 87 88
1 3 3 77 86
1 3 5 87 86
1 3 3 77 85
1 6 2 72 88 91 71 77
1 6 10 104 77 86 77 86
1 5 5 245 480 86 254
1 5 12 114 401 88 91
1 4 11 480 90 272
1 3 5 86 259
1 4 14 121 286 107
1 9 15 123 72 86 78 125 76 77 245
1 9 3 77 246 384 86 77 86 77 88
1 4 14 120 86 254
1 7 17 128 294 77 86 259 484
1 5 18 129 483 72 86
1 4 19 133 86 254
1 6 20 134 305 416 465 137
1 3 22 141 309
1 3 22 141 309
1 4 24 469 86 258
1 5 15 124 77 90 272
1 4 5 86 77 88
1 3 25 160 86
1 3 1 67 91
1 3 1 66 242
1 3 5 90 273
1 7 25 160 87 86 256 93 267
1 3 25 160 86
1 5 2 72 87 267 84
1 5 2 72 88 93 88
1 6 2 72 88 94 94 91
1 5 2 71 77 87 459
1 3 5 87 88
1 6 2 73 93 87 90 272
1 3 25 160 86
1 3 8 100 86
1 4 8 100 90 274
1 3 22 142 159
1 3 5 86 261
1 3 3 77 247
1 4 25 160 86 256
1 4 27 163 87 86
1 4 2 72 87 248
1 5 5 459 72 87 87
1 4 2 74 273 86
1 4 2 72 86 77
1 3 5 87 86
1 6 27 164 141 309 86 255
1 3 27 324 150
1 4 29 170 328 422
1 3 2 72 90
1 3 25 161 268
1 4 23 154 172 86
1 3 22 139 86
1 3 5 86 253
1 4 2 72 86 256
1 4 27 164 139 86
1 4 23 149 77 86
1 4 22 141 309 86
1 7 2 72 86 76 76 77 242
1 4 31 174 77 242
1 3 6 93 86
1 3 5 87 86
1 3 2 71 77
1 4 3 77 87 86
1 4 2 72 86 256
1 3 32 175 72
1 3 2 72 86
1 3 23 310 93
1 3 5 86 256
1 3 5 88 94
1 3 1 67 92
1 5 24 158 321 105 88
1 3 5 89 100
1 5 11 107 484 254 73
1 3 6 93 86
1 3 2 72 90
1 3 5 87 88
1 3 3 256 94
1 3 5 86 263
1 3 28 169 167
1 3 28 167 87
1 3 28 169 169
1 3 30 326 420
1 3 28 169 169
1 5 6 94 91 72 86
1 3 3 77 86
1 4 6 92 77 245
1 3 3 77 245
1 3 3 79 251
1 6 22 138 307 83 265 397
1 3 6 94 275
1 5 28 168 93 245 107
1 3 3 256 94
1 3 22 139 242
1 5 5 87 88 93 88
1 3 25 160 87
1 5 2 71 77 86 254
1 4 23 149 77 86
1 3 33 176 77
1 3 25 160 86
1 4 33 176 77 86
1 5 2 71 76 77 242
1 4 2 72 242 379
1 5 23 149 76 77 86
1 4 2 71 289 407
1 4 2 72 87 86
1 4 2 73 93 86
1 5 2 71 77 242 378
1 4 9 103 87 88
1 6 34 179 331 426 470 468
1 6 9 103 86 258 105 88
1 8 23 151 480 245 483 72 88 93
1 8 12 116 279 403 461 480 87 86
1 3 5 86 254
1 11 5 88 92 257 99 77 86 77 86 77 267
1 3 23 309 86
1 7 12 116 279 402 480 86 259
1 5 5 86 257 394 454
1 7 36 184 72 86 254 72 459
1 3 25 160 87
1 5 1 66 239 105 86
1 4 8 99 257 393
1 5 25 161 91 72 88
1 3 5 459 72
1 5 36 184 71 241 184
1 3 22 139 267
1 3 22 141 311
1 4 27 165 324 149
1 5 27 165 324 149 77
1 3 22 141 149
1 3 27 165 324
1 6 6 91 72 459 72 88
1 3 3 77 86
1 6 27 165 165 324 149 255
1 10 25 161 322 184 71 77 88 91 72 86
1 9 18 130 299 410 463 485 497 399 458
1 3 23 309 86
1 7 36 184 72 88 91 72 88
1 3 33 177 330
1 3 36 184 70
1 3 3 77 88
1 6 5 88 94 94 93 86
1 3 1 66 89
1 4 5 89 100 86
1 3 26 380 86
1 5 12 116 279 403 461
1 4 11 480 86 76
1 5 12 116 279 401 245
1 7 12 116 279 401 460 254 458
1 6 10 105 245 480 86 258
1 8 12 116 279 403 461 107 480 86
1 4 22 139 86 255
1 4 14 122 288 286
1 4 5 88 268 84
1 3 25 160 86
1 7 18 131 190 338 430 472 491
1 6 35 281 406 185 254 458
1 5 38 415 197 190 339
1 3 39 338 430
1 3 38 187 401
1 4 40 193 250 268
1 3 18 131 191
1 4 12 113 115 278
1 4 40 192 87 88
1 5 18 130 303 339 432
1 6 38 190 338 430 473 185
1 3 18 130 296
1 5 18 130 303 338 405
1 3 40 192 87
1 3 38 190 339
1 4 12 115 129 295
1 5 18 130 301 414 461
1 6 40 197 190 339 201 86
1 4 18 130 301 413
1 10 38 190 338 430 201 86 77 86 77 86
1 3 39 338 430
1 11 42 204 345 341 437 201 86 77 86 76 76
1 9 42 204 345 197 190 335 437 201 87
1 8 34 344 190 338 341 437 477 494
1 9 27 166 327 192 267 84 86 255 392
1 6 27 164 144 172 87 86
1 4 23 312 338 428
1 3 43 208 350
1 4 23 155 318 316
1 3 27 164 323
1 8 27 166 327 421 358 357 356 443
1 4 23 153 316 86
1 6 43 206 312 338 431 350
1 4 27 165 165 166
1 3 43 208 349
1 5 45 213 190 338 430
1 8 45 213 190 338 430 200 77 267
1 7 22 144 314 339 201 88 93
1 4 43 209 352 155
1 3 22 141 309
1 3 30 171 77
1 7 43 209 351 141 312 338 430
1 8 34 179 331 426 470 468 490 356
1 4 44 210 248 167
1 9 18 130 297 141 312 338 341 433 474
1 7 12 116 281 405 401 459 458
1 9 22 141 312 338 341 433 475 329 384
1 5 18 130 298 409 462
1 3 40 194 153
1 5 30 327 192 88 93
1 3 22 145 315
1 4 43 209 352 441
1 7 43 209 351 141 312 338 430
1 3 30 172 248
1 6 43 207 348 141 312 339
1 3 30 172 86
1 7 43 209 351 141 312 338 430
1 8 34 179 331 426 470 468 490 356
1 3 30 172 86
1 6 43 209 351 145 338 430
1 3 30 173 329
1 7 43 209 351 141 312 338 430
1 7 42 205 347 440 312 338 430
1 4 45 213 353 90
1 6 18 131 415 430 473 493
1 4 45 213 353 88
1 3 39 338 430
1 4 45 213 353 86
1 5 18 130 303 338 430
1 7 45 213 190 338 430 201 90
1 3 18 130 296
1 9 18 130 302 415 341 437 473 243 86
1 6 40 341 435 190 339 201
1 7 45 214 338 341 437 201 86
1 4 12 115 130 296
1 8 38 190 338 430 201 86 77 86
1 3 47 219 359
1 3 38 189 160
1 3 39 338 430
1 6 20 135 306 219 360 444
1 4 38 190 338 430
1 3 47 219 360
1 3 49 221 364
1 11 38 190 338 430 472 250 92 77 87 86 77
1 4 18 130 118 284
1 7 18 130 302 190 338 430 472
1 4 39 338 430 201
1 3 38 190 339
1 4 18 130 301 413
1 6 38 190 338 430 201 86
1 5 45 215 355 339 201
1 3 51 223 366
1 3 39 338 430
1 3 51 223 367
1 3 25 160 86
1 4 49 221 363 339
1 5 38 190 338 430 472
1 3 49 221 364
1 6 40 198 197 190 339 201
1 5 45 213 191 201 86
1 4 45 212 77 87
1 4 38 190 338 430
1 7 45 213 190 338 429 427 201
1 5 40 197 191 201 88
1 4 40 192 88 93
1 4 44 211 192 88
1 7 38 190 336 427 472 384 86
1 4 42 204 345 439
1 7 38 190 338 430 201 88 268
1 3 18 130 296
1 5 18 130 118 405 402
1 7 53 225 369 338 429 160 87
1 4 18 130 300 411
1 5 54 226 190 338 430
1 7 54 227 369 338 197 189 334
1 4 39 338 341 437
1 4 38 190 338 192
1 9 18 130 118 341 434 476 190 339 201
1 6 40 197 353 86 77 86
1 3 38 353 86
1 5 38 189 160 87 86
1 3 39 338 430
1 3 18 130 296
1 5 38 190 338 405 401
1 6 40 197 190 339 202 95
1 9 18 130 302 190 338 430 201 88 93
1 3 38 187 276
1 7 55 228 190 338 196 333 88
1 7 55 229 213 190 338 196 340
1 6 55 229 213 190 337 333
1 4 40 198 198 342
1 3 40 198 198
1 3 40 198 198
1 3 40 198 341
1 3 40 198 198
1 3 40 198 198
1 3 40 198 198
1 3 40 198 198
1 3 40 198 198
1 4 40 198 341 436
1 3 40 198 198
1 3 40 198 198
1 3 38 353 86
1 4 38 191 201 343
1 4 45 213 354 167
1 5 45 213 191 201 88
1 7 48 220 361 191 201 86 260
1 3 38 191 201
1 4 48 220 362 445
1 7 18 130 302 415 430 201 88
1 5 18 130 302 187 401
1 5 12 302 191 201 88
1 3 18 132 304
1 4 56 230 372 449
1 6 56 230 372 449 124 77
1 6 45 213 189 427 201 88
1 3 56 230 370
1 4 56 230 371 191
1 5 42 204 344 438 426
1 6 42 204 346 213 438 425
1 7 42 204 344 191 201 86 262
1 3 38 191 201
1 3 38 188 491
1 6 18 130 302 353 86 255
1 3 40 198 341
1 7 45 213 191 201 88 270 201
1 6 38 191 201 88 270 432
1 4 18 130 301 413
1 4 38 191 201 88
1 3 40 341 436
1 3 40 198 342
1 3 5 86 255
1 4 5 86 77 86
1 3 22 139 86
1 4 27 164 139 90
1 3 3 77 85
1 3 23 309 247
1 5 3 77 86 77 90
1 4 3 254 73 93
1 7 3 81 177 86 77 87 248
1 3 33 177 86
1 9 20 134 305 416 465 487 257 100 242
1 4 23 147 66 86
1 11 12 116 279 403 461 483 72 242 380 90 383
1 7 34 179 331 426 471 489 105
1 3 23 309 86
1 5 2 72 86 77 87
1 3 2 72 90
1 5 2 75 243 86 76
1 3 2 72 242
1 3 5 87 86
1 3 2 72 88
1 3 6 96 309
1 4 2 71 77 86
1 4 2 72 242 380
1 3 36 185 254
1 4 57 231 310 94
1 4 5 86 77 88
1 3 27 165 165
1 10 23 152 309 246 250 94 93 88 93 86
1 5 5 87 459 72 86
1 7 5 86 256 93 86 254 72
1 3 5 87 239
1 7 3 77 88 95 384 88 453
1 3 3 77 86
1 3 5 85 65
1 3 3 77 242
1 3 5 86 256
1 3 3 77 242
1 4 1 66 86 256
1 3 25 159 254
1 5 27 164 141 309 86
1 4 41 203 99 257
1 3 22 141 148
1 3 22 141 310
1 3 1 69 240
1 3 22 140 141
1 3 25 161 91
1 4 3 77 87 86
1 9 57 232 373 121 287 199 72 87 459
1 4 6 91 72 459
1 5 32 175 72 86 254
1 3 41 199 70
1 4 41 199 73 91
1 4 41 199 73 91
1 5 41 202 94 94 94
1 4 22 141 309 86
1 4 22 141 309 86
1 4 22 141 309 86
1 5 22 141 309 86 254
1 5 22 139 86 77 86
1 4 22 140 139 86
1 3 22 139 86
1 4 22 140 139 86
1 3 5 87 86
1 4 3 76 77 86
1 3 5 86 263
1 4 3 77 87 86
1 6 1 66 87 87 86 77
1 3 3 244 273
1 4 6 92 76 77
1 5 3 77 86 77 86
1 3 5 86 77
1 7 5 86 254 72 87 86 254
1 5 12 116 279 399 458
1 3 22 138 307
1 6 46 217 357 356 442 86
1 7 50 222 365 446 465 488 393
1 5 50 222 365 447 478
1 4 34 180 332 425
1 6 20 134 305 416 89 466
1 5 12 116 279 399 458
1 6 46 218 358 357 356 442
1 7 12 116 280 404 403 184 458
1 4 23 309 86 254
1 3 22 146 430
1 6 46 218 358 472 492 498
1 4 40 196 333 86
1 3 46 216 356
1 3 46 216 356
1 4 6 93 87 86
1 7 12 116 279 401 88 91 458
1 7 12 116 279 401 460 254 458
1 6 12 114 401 249 387 458
1 5 12 114 276 91 458
1 8 12 116 279 403 282 275 480 459
1 9 12 116 279 399 458 480 86 77 86
1 7 34 179 331 423 88 269 468
1 7 34 179 331 424 468 469 87
1 7 34 179 331 424 468 469 86
1 7 12 116 279 401 89 271 483
1 7 12 116 280 404 403 461 484
1 6 12 116 279 401 459 458
1 3 5 86 254
1 3 12 110 458
1 6 12 114 401 459 458 480
1 4 12 114 399 458
1 6 35 182 459 458 480 86
1 6 12 116 279 403 461 483
1 4 12 114 399 458
1 5 12 116 279 399 458
1 6 12 116 279 402 480 459
1 7 12 116 279 401 459 458 480
1 8 12 114 401 460 254 458 480 86
1 6 12 116 279 403 184 458
1 3 35 181 458
1 3 12 114 403
1 3 6 93 86
1 5 12 114 401 459 458
1 6 12 114 403 184 458 109
1 7 12 117 184 458 480 86 254
1 8 52 224 368 448 479 495 86 81
1 10 52 224 368 448 479 496 177 86 77 88
1 5 12 112 88 91 458
1 6 12 116 279 401 245 483
1 6 12 116 279 401 459 458
1 7 12 116 279 399 458 482 243
1 4 5 87 87 87
1 3 25 160 86
1 6 3 77 87 86 254 390
1 3 1 66 267
1 4 5 86 77 86
1 4 22 142 313 167
1 4 22 140 139 86
1 10 5 86 77 88 93 86 77 86 77 87
1 4 22 140 138 65
1 4 23 309 86 77
1 6 22 140 139 86 77 86
1 7 5 86 254 72 86 77 86
1 4 22 139 242 378
1 7 22 143 164 141 309 86 255
1 8 3 77 86 257 395 455 84 88
1 4 25 159 77 87
1 5 5 242 380 87 86
1 7 25 160 87 86 77 86 77
1 4 5 90 273 87
1 6 3 254 72 87 88 94
1 6 3 80 175 72 86 77
1 8 2 72 86 77 86 254 72 86
1 7 2 72 86 254 72 86 77
1 3 3 77 86
1 4 4 84 86 254
1 3 5 86 257
1 9 12 116 279 402 480 86 77 86 254
1 8 12 116 281 405 401 460 254 458
1 7 12 116 279 401 460 254 458
1 4 5 87 86 254
1 10 50 222 365 447 125 257 396 456 86 264
1 13 23 153 317 153 317 153 317 153 317 153 316 86 255
1 4 5 86 77 86
1 3 1 66 86
1 3 6 93 86
1 5 37 186 333 86 254
1 4 12 116 279 403
1 5 9 102 77 86 258
1 6 5 86 257 100 86 257
1 6 5 87 87 86 76 77
1 4 6 91 72 86
1 6 5 86 77 86 77 89
1 4 3 77 86 254
1 5 5 86 77 86 254
1 4 23 152 309 86
1 6 3 77 87 246 384 88
1 6 5 88 92 77 86 256
1 3 5 87 86
1 3 3 77 88
1 4 41 201 239 105
1 3 7 97 88
1 4 5 86 76 77
1 3 22 139 88
1 3 5 86 255
1 3 1 63 67
1 3 1 65 77
1 12 18 130 300 412 464 486 272 72 459 72 88 93
1 5 12 116 279 403 461
1 5 5 86 77 87 88
1 3 5 85 66
1 3 28 167 86
1 3 1 66 86
1 3 1 66 85
1 3 3 77 88
1 3 41 201 86
1 6 46 218 358 472 491 356
1 5 34 179 331 424 468
1 4 59 234 374 450
1 5 5 87 90 273 86
1 3 22 140 138
1 4 22 141 309 242
1 4 22 141 309 88
1 4 6 93 86 256
1 4 5 86 254 73
1 5 22 141 309 90 272
1 3 22 140 308
1 3 22 139 90
1 3 22 141 309
1 3 25 160 419
1 8 6 92 256 93 86 77 242 378
1 3 5 86 77
1 4 2 72 86 76
1 3 1 66 86
1 3 8 100 88
1 4 2 72 86 255
1 3 5 86 76
1 8 12 116 279 403 461 480 86 254
1 13 20 134 305 418 136 242 382 201 86 257 100 86 255
1 4 41 201 88 92
1 14 12 116 279 403 461 484 77 86 254 72 86 254 72 88
1 4 41 201 87 86
1 13 34 179 331 425 469 87 88 269 105 86 266 201 86
1 13 5 88 93 86 76 77 88 93 86 77 86 77 88
1 11 5 86 255 285 93 86 77 86 254 72 86
1 11 5 86 77 87 88 93 88 93 86 77 88
1 8 12 116 279 401 460 254 458 480
1 5 6 94 270 200 77
1 9 13 119 285 93 86 77 88 93 86
1 3 41 201 86
1 4 41 200 77 267
1 3 5 86 77
1 3 41 200 289
1 3 41 201 86
1 8 23 150 84 87 267 83 255 83
1 3 22 139 86
1 3 8 100 267
1 3 33 177 87
1 3 2 72 242
1 6 2 72 87 86 77 88
1 3 5 87 86
1 4 2 72 86 77
1 3 23 309 419
1 4 6 91 72 87
1 4 6 94 93 248
1 5 5 242 378 77 86
1 5 5 459 72 87 242
1 4 5 87 87 86
1 7 35 183 184 72 87 86 77
1 3 12 114 402
1 3 8 100 86
1 3 33 177 267
1 3 23 309 86
1 3 2 72 86
1 3 23 148 72
1 5 12 116 279 403 461
1 5 22 141 309 88 91
1 7 12 116 279 403 461 483 72
1 7 12 116 279 403 461 483 72
1 4 2 72 87 86
1 5 34 179 331 426 471
1 3 10 105 86
1 10 5 90 383 77 86 78 125 291 452 267
1 9 5 90 383 77 86 76 76 78 250
1 9 13 273 87 86 76 77 86 78 384
1 7 25 159 76 76 76 76 77
1 4 5 87 87 87
1 5 5 267 83 78 384
1 8 5 86 77 86 77 86 78 125
1 8 58 233 86 76 77 87 86 78
1 12 2 70 73 91 72 86 255 391 72 459 73 91
1 17 5 88 92 77 88 94 94 93 86 256 93 88 93 86 77 87 86
1 19 3 257 394 100 86 76 257 100 89 100 88 92 257 100 88 92 257 100 88
1 14 12 116 279 403 461 483 72 88 91 72 86 254 72 86
1 13 2 70 70 71 254 390 377 72 86 76 254 72 86
1 14 34 179 331 425 469 242 381 105 239 105 88 269 105 86
1 6 34 179 331 423 467 489
1 12 10 105 86 258 105 239 105 86 258 105 239 376
1 9 12 116 279 403 461 484 254 72 88
1 11 5 87 88 92 77 86 77 86 77 87 86
1 8 3 77 88 93 86 76 77 90
1 3 6 93 86
1 5 8 101 273 87 90
1 5 5 86 256 93 87
1 3 25 160 247
1 3 3 77 248
1 3 3 76 77
1 6 10 105 239 105 86 77
1 4 6 92 76 77
1 4 25 162 160 89
1 5 3 77 86 77 86
1 3 6 93 86
1 5 22 141 309 242 377
1 16 23 149 77 90 273 249 233 86 78 386 451 77 86 77 87 87
1 6 60 236 87 86 77 239
1 16 23 149 77 86 77 86 77 246 125 76 76 77 246 125 77 86
1 12 23 309 87 246 386 451 76 76 76 77 88 94
1 15 5 86 80 175 71 77 86 77 90 383 77 86 78 125 255
1 10 2 72 87 86 76 77 246 125 76 76
1 8 23 309 86 244 273 86 77 86
1 3 60 235 72
1 9 23 309 86 77 86 76 77 246 385
1 3 5 459 71
1 11 23 309 86 244 383 76 78 384 246 250 92
1 4 5 87 86 254
1 10 5 86 77 87 246 125 76 77 86 78
1 5 3 77 246 125 76
1 10 23 156 319 78 386 452 86 76 76 76
1 4 5 86 77 86
1 5 23 152 152 156 320
1 6 5 86 76 78 125 76
1 15 3 77 86 76 76 76 77 86 76 78 384 86 78 125 76
1 6 23 149 77 87 246 125
1 4 3 77 86 76
1 16 5 86 244 383 76 77 249 388 76 78 125 76 76 78 385 378
1 11 16 125 77 86 77 86 76 78 250 92 256
1 10 23 149 76 77 86 78 250 389 378 76
1 10 3 77 86 77 86 244 383 77 86 78
1 4 5 86 78 125
1 8 3 244 273 246 385 378 76 76
1 4 23 152 152 152
1 11 5 86 244 383 77 86 76 78 385 378 76
1 9 3 76 77 86 77 86 76 78 125
1 3 3 77 86
1 10 3 77 249 388 244 383 76 77 246 125
1 3 5 88 93
1 3 11 108 112
1 3 12 112 86
1 3 27 166 326
1 3 27 166 326
1 3 27 166 326
1 3 27 166 326
1 3 27 166 325
1 4 12 117 184 458
1 9 3 76 76 76 76 77 246 125 76
1 6 12 116 281 405 399 458
1 9 3 76 76 76 77 86 77 246 125
1 5 12 116 279 399 458
1 13 5 86 76 244 383 76 77 246 125 76 76 76 76
1 6 12 118 405 401 459 458
1 11 40 430 200 76 76 76 76 77 246 127 388
1 4 12 118 283 458
1 13 10 106 383 76 76 76 244 273 87 86 78 125 76
1 4 12 114 399 458
1 5 5 246 125 76 256
1 8 12 116 279 403 461 484 77 459
1 11 20 134 305 417 466 487 76 77 246 125 76
1 3 12 110 458
1 14 3 76 76 76 244 383 76 77 246 125 76 76 77 87
1 6 12 116 281 405 399 458
1 6 12 116 281 405 399 458
1 9 3 76 76 77 246 125 289 378 77
1 5 12 114 277 240 458
1 7 12 116 281 405 403 184 458
1 12 3 77 90 383 76 76 76 244 273 86 78 125
1 3 22 141 311
1 11 4 83 76 76 76 76 76 77 86 78 125
1 12 3 76 76 76 77 246 125 289 408 233 87 86
1 8 4 83 76 76 77 246 125 76
1 13 33 176 77 86 76 76 244 273 246 125 290 388 255
1 13 33 178 383 76 76 244 383 77 86 78 125 290 388
1 7 4 83 76 76 76 77 246
1 16 20 134 305 416 267 398 457 383 77 87 90 383 77 246 127 293
1 10 3 76 76 76 244 383 77 246 125 76
1 5 3 76 77 246 125
1 8 3 76 76 76 76 76 77 246
1 10 3 76 76 76 76 77 246 125 76 76
1 3 12 110 458
1 6 12 116 279 400 254 458
1 5 12 117 282 91 458
1 3 16 384 87
1 4 16 127 233 90
1 7 20 134 305 416 86 257 466
1 3 3 78 125
1 3 1 66 86
1 11 4 83 76 76 77 246 125 76 76 76 76
1 9 4 83 76 76 76 76 76 78 127
1 4 23 153 317 153
1 14 3 77 86 76 244 383 76 77 86 76 78 125 76 76
1 3 61 237 375
1 9 3 78 125 244 273 87 87 87 86
1 3 1 65 77
1 6 35 281 406 184 458 295
1 5 27 164 141 310 92
1 5 3 76 78 125 77
1 7 12 116 279 399 458 484 255
1 5 3 78 126 273 86
1 3 22 141 309
1 7 12 116 279 401 248 240 458
1 4 12 114 399 458
1 9 3 76 78 125 76 77 87 86 77
1 5 16 125 77 86 76
1 5 3 78 125 77 248
1 5 12 114 399 458 295
1 5 11 484 78 384 88
1 10 24 157 78 126 292 125 76 77 86 76
1 6 12 116 279 399 458 481
1 3 40 192 86
1 4 3 78 125 77
1 3 40 195 380
1 4 6 95 126 383
1 7 12 116 279 402 480 86 254
1 4 11 109 125 257
1 4 12 111 254 458
1 6 12 116 279 400 254 458
1 8 3 76 244 383 76 256 93 86
1 6 16 125 76 256 93 248
1 6 12 116 281 405 399 458
1 4 16 125 76 77
1 6 12 118 405 401 459 458
1 3 16 125 77
1 4 16 125 244 383
1 3 16 126 383
1 4 5 88 93 88
1 7 62 238 376 380 87 88 268
1 5 21 136 86 76 77
1 5 27 165 165 164 143
1 4 27 164 139 86
1 4 27 165 165 163
1 6 22 143 164 141 309 86
1 4 22 141 152 148
1 4 11 484 77 86
1 3 1 66 86
1 3 3 82 252
1 4 6 93 86 77
1 4 3 77 87 267
1 5 5 87 86 77 86
1 5 27 164 141 309 86
1 3 11 107 107
1 7 27 165 165 164 141 309 86
1 5 22 141 309 90 272
1 5 22 139 86 265 397
1 5 16 125 76 244 383
1 3 21 137 137
1 5 5 86 77 86 258
1 4 22 139 86 259
1 5 22 141 309 86 254
