965 563
1 6 1 66 74 285 87 89
1 3 2 75 91
1 4 7 103 96 91
1 5 6 97 96 91 97
1 9 6 96 92 440 439 422 106 91 96
1 6 2 74 284 75 90 89
1 7 1 71 109 288 113 90 91
1 4 9 111 113 89
1 3 3 80 89
1 3 5 90 89
1 3 3 80 273
1 6 2 75 91 94 74 80
1 6 10 112 80 89 80 89
1 7 5 90 89 79 80 90 89
1 5 5 274 520 89 284
1 5 12 122 450 91 94
1 4 11 520 93 305
1 3 5 89 289
1 4 14 128 318 115
1 9 15 130 75 89 81 132 79 80 274
1 9 3 80 275 133 89 80 89 80 91
1 4 14 127 89 284
1 7 17 136 326 80 89 289 545
1 6 18 137 327 139 75 89
1 4 11 544 75 89
1 5 20 140 544 75 89
1 4 5 89 80 89
1 4 21 144 89 284
1 6 22 146 340 468 527 149
1 3 24 154 343
1 3 24 151 89
1 3 24 154 343
1 4 26 552 89 288
1 5 15 131 80 93 305
1 4 5 89 80 91
1 3 27 174 89
1 3 1 70 94
1 5 2 75 91 96 90
1 10 8 105 267 126 87 298 447 517 106 93
1 3 1 69 278
1 3 5 93 306
1 7 27 174 90 89 286 96 298
1 3 27 174 89
1 5 2 75 90 298 87
1 5 2 75 91 96 91
1 6 2 75 91 97 97 94
1 5 2 74 80 90 88
1 3 5 90 91
1 6 2 76 96 90 93 305
1 3 27 174 89
1 3 8 106 89
1 4 8 106 93 307
1 5 5 88 74 80 91
1 3 24 155 173
1 3 5 89 291
1 3 3 80 276
1 4 27 174 89 286
1 4 30 181 90 89
1 4 2 75 90 277
1 4 2 77 306 89
1 5 5 88 75 90 90
1 4 2 77 306 89
1 4 2 75 89 80
1 3 5 90 89
1 6 30 182 154 343 89 285
1 3 30 362 164
1 4 31 186 368 476
1 3 2 75 93
1 3 27 175 300
1 5 2 76 96 89 79
1 3 3 80 273
1 4 25 168 188 89
1 3 24 151 89
1 3 5 89 283
1 4 2 75 89 286
1 4 25 343 89 272
1 4 30 182 151 89
1 4 25 163 80 89
1 4 24 154 343 89
1 3 27 174 89
1 7 2 75 89 79 79 80 278
1 4 33 191 80 278
1 5 3 284 75 91 97
1 3 6 96 89
1 3 5 90 89
1 3 2 74 80
1 4 3 80 90 89
1 4 2 75 89 286
1 3 19 139 75
1 3 2 75 89
1 3 25 344 96
1 3 2 75 89
1 3 2 75 89
1 4 5 90 90 89
1 3 5 89 286
1 3 5 91 97
1 3 1 70 95
1 5 26 172 358 113 91
1 3 5 92 106
1 5 11 115 545 284 76
1 3 6 96 89
1 3 2 75 93
1 3 5 90 91
1 3 3 286 97
1 3 5 89 293
1 4 30 184 363 133
1 3 28 179 177
1 3 28 177 90
1 3 28 179 179
1 3 6 99 308
1 3 32 365 474
1 3 28 179 179
1 5 6 97 94 75 89
1 3 3 80 89
1 4 6 95 80 274
1 5 6 95 80 91 99
1 3 3 80 274
1 3 3 83 281
1 6 24 150 68 86 295 444
1 3 6 97 99
1 5 28 178 96 274 115
1 3 3 286 97
1 3 24 151 278
1 3 6 95 80
1 4 11 520 89 321
1 5 5 90 91 96 91
1 6 2 74 80 91 96 89
1 8 5 89 80 89 80 89 80 89
1 3 27 174 90
1 7 5 88 74 80 90 89 284
1 5 2 74 80 89 284
1 4 25 163 80 89
1 3 34 192 80
1 3 8 108 174
1 3 27 174 89
1 4 34 192 80 89
1 3 1 69 93
1 6 2 78 196 79 80 89
1 5 2 74 79 80 278
1 4 2 75 278 430
1 5 25 163 79 80 89
1 4 2 74 321 456
1 4 2 75 90 89
1 4 2 76 96 89
1 5 2 74 80 278 429
1 4 9 110 90 91
1 6 36 201 374 482 530 529
1 6 9 110 89 288 113 91
1 8 25 165 520 274 544 75 91 96
1 8 12 125 314 452 521 520 90 89
1 3 5 89 284
1 11 5 91 95 287 104 80 89 80 89 80 298
1 3 25 343 89
1 7 12 125 314 451 520 89 289
1 5 5 89 287 440 512
1 7 35 195 75 89 284 75 88
1 3 6 96 90
1 3 27 174 90
1 5 1 69 268 113 89
1 4 27 175 96 89
1 4 8 104 287 439
1 5 27 175 94 75 91
1 3 5 88 75
1 5 35 195 74 271 195
1 7 35 198 90 90 88 74 284
1 3 24 151 298
1 3 24 154 345
1 4 30 183 362 163
1 5 30 183 362 163 80
1 7 35 198 90 88 437 428 511
1 3 24 154 163
1 3 30 183 362
1 3 1 66 76
1 6 6 94 75 88 75 91
1 3 3 80 89
1 6 30 183 183 362 163 285
1 5 3 84 193 370 192
1 10 27 175 359 195 74 80 91 94 75 89
1 9 20 141 332 459 523 546 559 448 518
1 3 25 343 89
1 4 35 197 371 477
1 7 35 195 75 91 94 75 91
1 3 1 67 284
1 4 35 195 75 89
1 3 34 193 370
1 3 35 195 73
1 3 3 80 91
1 6 5 91 97 97 96 89
1 3 1 69 92
1 4 5 92 106 89
1 3 29 431 89
1 5 12 125 314 452 521
1 4 11 520 89 79
1 5 12 125 314 450 274
1 6 34 193 89 80 89 296
1 7 12 125 314 450 519 284 518
1 6 10 113 274 520 89 288
1 4 5 91 96 89
1 7 25 343 89 80 89 284 518
1 8 12 125 314 452 521 115 520 89
1 4 24 151 89 285
1 4 30 183 362 473
1 4 14 129 320 318
1 4 5 91 300 87
1 3 5 90 90
1 3 27 174 89
1 7 20 142 211 381 486 532 554
1 6 37 316 455 196 284 518
1 5 39 465 218 211 382
1 3 40 381 486
1 3 39 208 450
1 4 41 214 280 300
1 3 20 142 212
1 3 39 465 455
1 4 12 121 123 312
1 4 41 213 90 91
1 5 20 141 336 382 488
1 6 39 211 381 486 533 196
1 3 20 141 329
1 5 20 141 336 381 454
1 3 41 213 90
1 3 39 211 382
1 4 12 123 140 308
1 4 43 228 209 376
1 3 40 381 486
1 5 20 141 334 464 521
1 6 41 218 211 382 223 89
1 4 20 141 334 463
1 10 39 211 381 486 223 89 80 89 80 89
1 3 40 381 486
1 11 44 231 393 386 493 223 89 80 89 79 79
1 9 44 231 393 218 211 378 493 223 90
1 8 36 392 211 381 386 493 538 557
1 9 30 184 366 213 298 87 89 285 438
1 6 30 182 157 188 90 89
1 4 25 346 381 484
1 3 45 235 398
1 4 25 169 355 352
1 3 30 182 360
1 8 30 184 366 220 403 402 560 563
1 4 25 167 352 89
1 6 30 185 367 475 87 89
1 6 45 233 346 381 487 398
1 4 30 183 183 184
1 7 30 184 366 216 167 354 472
1 5 30 184 188 90 89
1 5 48 241 346 381 486
1 3 45 235 397
1 6 27 174 89 80 278 430
1 5 43 228 211 381 486
1 8 43 228 211 381 486 222 80 298
1 4 41 219 388 494
1 3 43 227 89
1 7 24 157 349 382 223 91 96
1 4 45 236 400 169
1 3 24 154 343
1 3 32 187 80
1 7 45 236 399 154 346 381 486
1 8 36 201 374 482 530 529 551 560
1 6 24 160 238 382 223 277
1 4 44 232 400 169
1 4 46 237 277 177
1 9 20 141 330 154 346 381 386 489 535
1 7 12 125 316 454 450 88 518
1 9 24 154 346 381 386 489 536 369 133
1 5 20 141 331 458 522
1 3 41 216 167
1 3 39 207 277
1 9 20 141 330 154 346 381 386 489 444
1 5 32 366 213 91 96
1 3 24 158 350
1 4 45 236 400 498
1 4 32 189 174 89
1 7 45 236 399 154 346 381 486
1 3 32 188 277
1 8 45 236 399 154 346 378 493 402
1 4 32 366 213 277
1 6 45 234 396 154 346 382
1 4 24 157 348 343
1 3 32 188 89
1 7 45 236 399 154 346 381 486
1 8 36 201 374 482 530 529 551 560
1 3 32 188 89
1 6 45 236 399 158 381 486
1 11 45 236 399 157 348 346 381 486 222 80 90
1 3 32 190 369
1 7 45 236 399 154 346 381 486
1 7 36 201 374 480 529 551 560
1 3 24 152 280
1 7 44 232 395 348 346 381 486
1 4 43 228 207 93
1 3 40 381 486
1 6 20 142 465 486 533 556
1 4 41 218 212 222
1 4 43 228 207 91
1 3 40 381 486
1 3 20 141 329
1 4 43 228 207 89
1 5 20 141 336 381 486
1 7 43 228 211 381 486 223 93
1 3 20 141 329
1 9 20 141 335 465 386 493 533 198 89
1 6 41 386 491 211 382 223
1 7 43 229 381 386 493 223 89
1 4 12 123 141 329
1 8 39 211 381 486 223 89 80 89
1 3 50 245 404
1 3 39 210 174
1 3 40 381 486
1 6 22 147 341 245 405 500
1 4 39 211 381 486
1 3 50 245 405
1 3 52 247 409
1 11 39 211 381 486 532 280 95 80 90 89 80
1 7 43 228 211 380 483 223 89
1 4 20 141 337 467
1 7 20 141 335 211 381 486 532
1 3 27 174 89
1 4 40 381 486 223
1 4 20 141 334 463
1 3 39 211 382
1 4 20 141 334 463
1 6 39 211 381 486 223 89
1 5 43 230 391 382 223
1 3 54 250 413
1 7 54 249 211 381 486 534 558
1 3 40 381 486
1 3 54 250 412
1 3 27 174 89
1 4 52 247 408 382
1 5 39 211 381 486 532
1 3 52 247 409
1 6 41 219 218 211 382 223
1 5 43 228 212 223 89
1 4 43 226 80 90
1 4 39 211 381 486
1 7 43 228 211 381 485 483 223
1 5 41 218 212 223 91
1 4 41 213 91 96
1 4 41 220 238 382
1 5 46 238 382 223 91
1 4 46 239 213 91
1 7 39 211 380 483 532 133 89
1 4 44 231 393 497
1 7 39 211 381 486 223 91 300
1 3 20 141 329
1 5 20 141 337 454 451
1 4 20 141 335 465
1 7 18 138 328 381 485 174 90
1 4 20 141 333 460
1 5 56 253 211 381 486
1 7 56 254 328 381 218 210 377
1 4 39 207 90 89
1 4 40 381 386 493
1 4 39 211 381 213
1 9 20 141 337 386 490 537 211 382 223
1 6 41 218 207 89 80 89
1 3 39 207 89
1 5 39 210 174 90 89
1 3 40 381 486
1 3 20 141 329
1 5 39 211 381 454 450
1 3 20 141 329
1 6 41 218 211 382 224 100
1 9 20 141 335 211 381 486 223 91 96
1 8 20 141 337 218 211 382 223 91
1 9 20 141 338 228 211 381 486 223 91
1 3 39 208 310
1 7 57 255 211 381 215 384 91
1 7 57 256 228 211 381 215 385
1 6 57 256 228 211 379 384
1 3 41 219 219
1 4 41 219 219 387
1 3 41 219 219
1 3 1 492 219
1 3 41 219 219
1 3 41 219 386
1 3 41 219 219
1 3 41 219 219
1 3 41 219 219
1 3 41 219 219
1 3 41 219 219
1 3 41 219 219
1 3 41 219 219
1 4 41 219 386 492
1 3 41 219 219
1 3 41 219 219
1 5 43 228 212 223 89
1 3 39 207 89
1 4 39 212 223 389
1 4 43 228 390 177
1 5 43 228 212 223 91
1 3 41 219 219
1 7 51 246 406 212 223 89 290
1 3 39 212 383
1 3 39 212 223
1 4 51 246 407 501
1 7 20 141 335 465 486 223 91
1 5 20 141 335 208 450
1 5 12 335 212 223 91
1 3 20 143 339
1 8 58 257 419 228 212 223 91 302
1 3 39 207 91
1 4 58 257 418 506
1 6 58 257 418 506 131 80
1 6 43 228 210 483 223 91
1 3 58 257 416
1 4 58 257 417 212
1 7 44 231 392 495 539 223 528
1 5 44 231 392 496 482
1 6 44 231 394 228 496 481
1 7 44 231 392 212 223 89 292
1 3 39 212 223
1 3 39 209 554
1 6 20 141 335 207 89 285
1 3 41 219 386
1 3 39 212 223
1 7 43 228 212 223 91 303 223
1 6 39 212 223 91 303 488
1 4 20 141 334 463
1 4 39 212 223 91
1 3 20 141 329
1 3 41 386 492
1 3 41 219 387
1 3 5 89 285
1 4 5 89 80 89
1 3 24 151 89
1 4 30 182 151 93
1 7 3 284 75 89 80 90 91
1 3 3 80 273
1 6 3 287 104 80 89 285
1 5 25 343 89 80 90
1 3 25 343 276
1 5 3 80 89 80 93
1 4 3 284 76 96
1 7 3 84 193 89 80 90 277
1 3 34 193 89
1 9 22 146 340 468 527 549 287 106 278
1 5 5 90 89 80 89
1 3 2 75 91
1 12 12 125 314 452 521 520 278 431 89 286 94 75
1 4 25 161 69 89
1 11 12 125 314 452 521 544 75 278 431 93 425
1 7 36 201 374 482 531 478 113
1 3 25 343 89
1 5 2 75 89 80 90
1 3 2 75 93
1 5 2 78 198 89 79
1 3 2 75 278
1 3 5 90 89
1 3 2 75 91
1 3 6 101 343
1 4 2 74 80 89
1 4 2 75 278 431
1 3 35 196 284
1 4 8 106 89 286
1 4 59 258 344 97
1 3 59 258 344
1 4 5 89 80 91
1 3 30 183 183
1 4 5 89 80 91
1 4 59 259 259 258
1 10 25 166 343 275 280 97 96 91 96 89
1 5 5 90 88 75 89
1 7 5 89 286 96 89 284 75
1 3 5 90 268
1 7 3 80 91 100 133 91 422
1 5 3 80 90 90 91
1 3 3 80 89
1 3 5 273 67
1 3 3 80 278
1 3 5 89 286
1 3 5 89 283
1 3 3 80 278
1 3 3 80 278
1 4 1 69 89 286
1 3 27 173 284
1 3 24 154 345
1 5 30 182 154 343 89
1 4 42 225 104 287
1 3 3 80 89
1 3 24 154 162
1 3 24 154 344
1 3 1 72 269
1 3 24 153 154
1 3 27 175 94
1 4 3 80 90 89
1 9 59 259 420 128 319 221 75 90 88
1 4 6 94 75 88
1 4 6 94 76 94
1 3 1 69 89
1 5 19 139 75 89 284
1 3 42 221 73
1 4 42 221 76 94
1 4 42 221 76 94
1 3 42 225 440
1 5 42 224 97 97 97
1 4 24 154 343 89
1 4 24 154 343 89
1 4 24 154 343 89
1 5 24 154 343 89 284
1 5 24 151 89 80 89
1 4 24 153 151 89
1 3 24 151 89
1 4 24 153 151 89
1 3 5 90 89
1 4 3 79 80 89
1 3 6 96 89
1 3 5 89 293
1 4 3 80 90 89
1 6 1 69 90 90 89 80
1 3 3 272 306
1 3 3 80 277
1 4 6 95 79 80
1 3 6 96 89
1 6 5 91 96 91 95 79
1 5 6 96 89 80 91
1 5 3 80 89 80 89
1 3 5 89 80
1 7 5 89 284 75 90 89 284
1 3 36 200 372
1 5 12 125 314 448 518
1 3 24 150 68
1 6 49 243 402 560 562 89
1 7 53 248 411 502 527 550 439
1 9 22 146 340 468 298 446 515 422 508
1 5 53 248 411 503 540
1 4 36 202 375 481
1 6 22 146 340 468 92 441
1 6 53 248 410 245 503 540
1 5 12 125 314 448 518
1 6 49 244 403 402 560 562
1 5 36 201 374 480 529
1 7 12 125 315 453 452 195 518
1 4 25 343 89 284
1 3 24 159 486
1 5 1 68 87 89 81
1 6 49 244 403 532 555 561
1 4 41 215 384 89
1 3 49 242 560
1 3 49 242 560
1 3 36 199 529
1 4 6 96 90 89
1 7 12 125 314 450 91 94 518
1 7 12 125 314 450 519 284 518
1 7 12 125 314 449 289 520 88
1 6 12 122 450 279 434 518
1 5 12 122 310 94 518
1 8 12 125 314 452 313 99 520 88
1 9 12 125 314 448 518 520 89 80 89
1 7 36 201 374 479 91 301 529
1 8 36 201 374 481 478 113 89 286
1 7 36 201 374 480 529 552 90
1 7 36 201 374 480 529 552 89
1 7 12 125 314 450 92 304 544
1 7 12 125 315 453 452 521 545
1 6 12 125 314 450 88 518
1 3 5 89 284
1 3 12 118 518
1 6 12 122 450 88 518 520
1 4 12 122 448 518
1 4 12 124 195 518
1 5 36 201 373 478 112
1 4 12 122 448 518
1 6 37 204 88 518 520 89
1 5 12 120 91 94 518
1 6 12 125 314 452 521 544
1 4 12 122 448 518
1 6 12 122 450 88 518 545
1 5 12 125 314 448 518
1 6 12 125 314 451 520 88
1 7 12 125 314 450 88 518 520
1 8 12 122 450 519 284 518 520 89
1 6 12 125 314 452 195 518
1 3 37 203 518
1 3 12 122 452
1 3 6 96 89
1 5 12 122 450 88 518
1 6 12 122 452 195 518 117
1 7 12 124 195 518 520 89 284
1 7 55 252 415 505 193 89 80
1 8 55 251 414 504 541 558 89 84
1 10 55 251 414 504 541 505 193 89 80 91
1 4 41 215 384 89
1 5 12 120 91 94 518
1 6 12 125 314 450 274 544
1 6 12 125 314 450 88 518
1 7 12 125 314 448 518 543 198
1 4 5 90 90 90
1 7 3 80 89 284 76 96 278
1 3 27 174 89
1 6 3 80 90 89 284 437
1 3 1 69 298
1 4 5 89 80 89
1 4 24 155 347 177
1 6 1 66 75 89 80 91
1 4 24 153 151 89
1 10 5 89 80 91 96 89 80 89 80 90
1 4 24 153 150 67
1 4 25 343 89 80
1 6 24 153 151 89 80 89
1 5 1 72 270 80 278
1 7 5 89 284 75 89 80 89
1 4 24 151 278 429
1 7 24 156 182 154 343 89 285
1 11 2 75 89 80 89 284 75 89 79 80 277
1 8 3 80 89 287 442 513 87 91
1 4 27 173 80 90
1 5 5 278 431 90 89
1 7 27 174 90 89 80 89 80
1 4 5 93 306 90
1 6 3 284 75 90 91 97
1 6 3 82 139 75 89 80
1 4 5 90 89 80
1 5 1 69 91 96 93
1 5 5 91 95 284 75
1 8 2 75 89 80 89 284 75 89
1 7 2 75 89 284 75 89 80
1 3 3 80 89
1 3 27 174 89
1 4 4 87 89 284
1 3 5 89 287
1 9 12 125 314 451 520 89 80 89 284
1 8 12 125 316 454 450 519 284 518
1 7 12 125 314 450 519 284 518
1 4 11 115 309 130
1 8 12 125 314 449 289 520 89 284
1 4 5 90 89 284
1 10 53 248 411 503 132 287 443 514 89 294
1 5 47 240 401 499 93
1 13 25 167 353 167 353 167 353 167 353 167 352 89 285
1 4 5 89 80 89
1 7 36 201 374 480 529 552 89
1 7 12 125 314 448 518 520 89
1 3 1 69 89
1 3 6 96 89
1 5 38 206 384 89 284
1 6 3 80 88 74 80 89
1 4 12 125 314 452
1 5 9 109 80 89 288
1 6 5 89 287 106 89 287
1 6 5 90 90 89 79 80
1 4 6 94 75 89
1 3 3 80 89
1 6 5 89 80 89 80 92
1 4 3 80 89 284
1 5 5 89 80 89 284
1 9 13 425 81 133 90 91 96 91 301
1 4 25 166 343 89
1 6 3 80 90 275 133 91
1 6 5 91 95 80 89 286
1 3 5 90 89
1 3 3 80 91
1 4 42 223 268 113
1 3 7 102 91
1 4 5 89 79 80
1 3 5 89 83
1 3 24 151 91
1 3 5 89 285
1 3 1 65 70
1 3 1 67 80
1 12 20 141 333 461 524 547 305 75 88 75 91 96
1 5 12 125 314 452 521
1 5 5 89 80 90 91
1 3 6 95 80
1 5 28 180 429 80 277
1 3 5 273 69
1 3 28 177 89
1 3 1 69 89
1 3 1 69 273
1 11 20 141 333 462 525 66 518 520 93 306 90
1 3 3 80 91
1 3 25 166 351
1 3 42 223 89
1 6 49 244 403 532 554 560
1 5 36 201 374 480 529
1 4 61 261 421 507
1 3 5 91 299
1 5 5 90 93 306 89
1 3 24 153 150
1 4 24 154 343 278
1 4 24 154 343 91
1 4 5 93 306 298
1 4 6 96 89 286
1 4 24 154 343 89
1 4 5 89 284 76
1 5 24 154 343 93 305
1 3 24 153 342
1 3 24 151 93
1 3 24 154 343
1 3 27 174 471
1 8 6 95 286 96 89 80 278 429
1 3 5 89 80
1 4 2 75 89 79
1 3 1 69 89
1 3 8 106 91
1 4 2 75 89 285
1 3 5 89 79
1 5 5 89 80 89 284
1 8 12 125 314 452 521 520 89 284
1 4 5 89 80 370
1 13 22 146 340 470 148 278 433 223 89 287 106 89 285
1 4 42 223 91 95
1 14 12 125 314 452 521 545 80 89 284 75 89 284 75 91
1 4 42 223 90 89
1 13 36 201 374 481 552 90 91 301 113 89 297 223 89
1 13 5 91 96 89 79 80 91 96 89 80 89 80 91
1 11 5 89 285 317 96 89 80 89 284 75 89
1 11 5 89 80 90 91 96 91 96 89 80 91
1 8 12 125 314 450 519 284 518 520
1 5 12 125 314 451 520
1 5 6 97 303 222 80
1 9 13 126 317 96 89 80 91 96 89
1 3 42 223 89
1 3 42 222 293
1 4 42 222 80 298
1 3 5 89 80
1 3 42 222 321
1 3 42 223 89
1 3 42 223 89
1 8 25 164 87 90 298 86 285 86
1 3 24 151 89
1 3 8 106 298
1 3 34 193 90
1 3 2 75 278
1 4 5 89 80 89
1 6 2 75 90 89 80 91
1 3 5 90 89
1 4 2 75 89 80
1 3 25 343 471
1 4 6 94 75 90
1 4 6 97 96 277
1 5 5 278 429 80 89
1 5 5 88 75 90 278
1 4 5 90 90 89
1 7 37 205 195 75 90 89 80
1 3 12 122 451
1 3 8 106 89
1 3 34 193 298
1 3 25 343 89
1 3 2 75 89
1 3 25 162 75
1 5 12 125 314 452 521
1 5 24 154 343 91 94
1 7 12 125 314 452 521 544 75
1 7 12 125 314 452 521 544 75
1 4 2 75 90 89
1 3 5 90 89
1 5 36 201 374 482 531
1 3 10 113 89
1 14 5 90 90 90 90 90 89 272 306 89 81 132 80 89
1 10 5 93 425 80 89 81 132 323 510 298
1 9 5 93 425 80 89 79 79 81 280
1 9 13 306 90 89 79 80 89 81 133
1 7 27 173 79 79 79 79 80
1 4 5 90 90 90
1 5 5 298 86 81 133
1 8 5 89 80 89 80 89 81 132
1 8 60 260 89 79 80 90 89 81
1 6 12 125 314 452 521 308
1 3 5 90 89
1 14 12 125 314 452 521 545 284 75 91 95 284 76 94 437
1 12 2 73 76 94 75 89 285 445 75 88 76 94
1 17 5 91 95 80 91 97 97 96 89 286 96 91 96 89 80 90 89
1 14 22 146 340 468 89 287 441 148 89 287 106 92 106 91
1 19 3 287 440 106 89 79 287 106 92 106 91 95 287 106 91 95 287 106 91
1 14 12 125 314 452 521 544 75 91 94 75 89 284 75 89
1 13 2 73 73 74 284 437 428 75 89 79 284 75 89
1 14 36 201 374 481 552 278 432 113 268 113 91 301 113 89
1 6 36 201 374 479 528 478
1 12 10 113 89 288 113 268 113 89 288 113 268 424
1 11 12 125 314 452 521 544 75 298 445 76 300
1 9 12 125 314 452 521 545 284 75 91
1 10 2 75 91 95 284 75 298 445 75 278
1 11 5 90 91 95 80 89 80 89 80 90 89
1 8 3 80 91 96 89 79 80 93
1 3 6 96 89
1 4 3 79 284 76
1 5 8 107 306 90 93
1 5 5 89 286 96 90
1 3 27 174 276
1 3 3 80 277
1 3 3 79 80
1 6 10 113 268 113 89 80
1 4 6 95 79 80
1 4 27 176 174 92
1 5 3 80 89 80 89
1 3 6 96 89
1 5 24 154 343 278 428
1 16 25 163 80 93 306 279 260 89 81 427 509 80 89 80 90 90
1 9 25 166 163 79 79 79 79 80 91
1 6 62 263 90 89 80 268
1 16 25 163 80 89 80 89 80 275 132 79 79 80 275 132 80 89
1 12 25 343 90 275 427 509 79 79 79 80 91 97
1 4 62 264 422 106
1 15 5 89 82 139 74 80 89 80 93 425 80 89 81 132 285
1 10 2 75 90 89 79 80 275 132 79 79
1 8 25 343 89 272 306 89 80 89
1 3 62 262 75
1 9 25 343 89 80 89 79 80 275 426
1 3 5 88 74
1 11 25 343 89 272 425 79 81 133 275 280 95
1 4 5 90 89 284
1 10 5 89 80 90 275 132 79 80 89 81
1 5 3 80 275 132 79
1 3 25 170 357
1 10 25 170 356 81 427 510 89 79 79 79
1 4 5 89 80 89
1 5 25 166 166 170 357
1 6 5 89 79 81 132 79
1 15 3 80 89 79 79 79 80 89 79 81 133 89 81 132 79
1 6 25 163 80 90 275 132
1 4 3 80 89 79
1 16 5 89 272 425 79 80 279 435 79 81 132 79 79 81 426 429
1 11 16 132 80 89 80 89 79 81 280 95 286
1 8 25 343 89 80 89 81 132 79
1 7 16 132 80 89 80 89 79
1 10 25 163 79 80 89 81 280 436 429 79
1 10 3 80 89 80 89 272 425 80 89 81
1 4 5 89 81 132
1 8 3 272 306 275 426 429 79 79
1 4 25 166 166 166
1 9 3 272 425 80 90 89 81 132 285
1 11 5 89 272 425 80 89 79 81 426 429 79
1 9 3 79 80 89 80 89 79 81 132
1 3 3 80 89
1 10 3 80 279 435 272 425 79 80 275 132
1 3 5 91 96
1 3 11 116 120
1 3 12 120 89
1 3 30 184 365
1 3 30 184 365
1 3 30 184 365
1 3 30 184 365
1 3 30 184 364
1 4 12 124 195 518
1 9 3 79 79 79 79 80 275 132 79
1 6 12 125 316 454 448 518
1 9 3 79 79 79 80 89 80 275 132
1 5 12 125 314 448 518
1 13 5 89 79 272 425 79 80 275 132 79 79 79 79
1 6 12 337 454 450 88 518
1 11 41 486 222 79 79 79 79 80 275 135 435
1 4 12 337 466 518
1 13 10 114 425 79 79 79 272 306 90 89 81 132 79
1 4 12 122 448 518
1 8 3 79 79 80 89 81 132 79
1 4 12 122 448 518
1 5 5 275 132 79 286
1 8 12 125 314 452 521 545 80 88
1 11 22 146 340 469 441 549 79 80 275 132 79
1 3 12 118 518
1 14 3 79 79 79 272 425 79 80 275 132 79 79 80 90
1 6 12 125 316 454 448 518
1 7 3 79 79 272 306 275 426
1 6 12 125 316 454 448 518
1 9 3 79 79 80 275 132 321 429 80
1 5 12 122 311 269 518
1 11 1 68 267 425 79 272 306 275 132 79 322
1 7 12 125 316 454 452 195 518
1 12 3 80 93 425 79 79 79 272 306 89 81 132
1 3 24 154 345
1 3 30 184 190
1 11 4 86 79 79 79 79 79 80 89 81 132
1 10 3 79 79 80 89 81 426 429 80 89
1 12 3 79 79 79 80 275 132 321 457 260 90 89
1 8 4 86 79 79 80 275 132 79
1 13 34 192 80 89 79 79 272 306 275 132 322 435 285
1 13 34 194 425 79 79 272 425 80 89 81 132 322 435
1 7 4 86 79 79 79 80 275
1 16 22 146 340 468 298 446 516 425 80 90 93 425 80 275 135 325
1 7 3 80 275 132 321 429 286
1 10 3 79 79 79 272 425 80 275 132 79
1 5 3 79 80 275 132
1 8 3 79 79 79 79 79 80 275
1 10 3 79 79 79 79 80 275 132 79 79
1 3 12 118 518
1 6 12 125 314 449 284 518
1 4 3 81 132 80
1 5 12 124 313 94 518
1 3 16 133 90
1 4 16 135 260 93
1 7 22 146 340 468 89 287 441
1 3 3 81 132
1 3 16 133 89
1 3 1 69 89
1 7 36 201 374 482 530 529 553
1 11 4 86 79 79 80 275 132 79 79 79 79
1 9 4 86 79 79 79 79 79 81 135
1 4 25 167 353 167
1 14 3 80 89 79 272 425 79 80 89 79 81 132 79 79
1 3 63 265 423
1 8 20 141 333 462 526 548 284 518
1 3 12 329 544
1 13 13 425 80 89 272 425 79 80 89 79 81 280 95
1 9 3 81 132 272 306 90 90 90 89
1 3 5 92 104
1 3 1 67 80
1 6 37 316 455 195 518 308
1 3 16 132 79
1 5 30 182 154 344 95
1 5 3 79 81 132 80
1 7 12 125 314 448 518 545 285
1 5 3 81 132 272 425
1 5 3 81 134 306 89
1 3 24 154 343
1 7 12 125 314 450 277 269 518
1 4 12 122 448 518
1 9 3 79 81 132 79 80 90 89 80
1 5 16 132 80 89 79
1 5 3 81 132 80 277
1 5 12 122 448 518 308
1 5 11 545 81 133 91
1 4 12 122 448 518
1 10 26 171 81 134 324 132 79 80 89 79
1 6 12 125 314 448 518 542
1 3 41 213 89
1 4 3 81 132 80
1 3 41 217 431
1 4 6 100 134 425
1 7 12 125 314 451 520 89 284
1 4 11 117 132 287
1 4 12 119 284 518
1 6 12 125 314 449 284 518
1 8 3 79 272 425 79 286 96 89
1 6 16 132 79 286 96 277
1 8 3 81 132 79 272 306 89 285
1 6 12 125 316 454 448 518
1 4 16 132 79 80
1 6 12 337 454 450 88 518
1 4 16 132 79 79
1 3 16 132 80
1 4 16 132 272 425
1 3 16 134 425
1 4 5 91 96 91
1 7 64 266 424 431 90 91 300
1 5 23 148 89 79 80
1 5 30 183 183 182 156
1 4 30 182 151 89
1 4 30 183 183 181
1 6 24 156 182 154 343 89
1 5 30 183 361 285 87
1 4 24 154 166 162
1 4 11 545 80 89
1 3 1 69 89
1 3 3 85 282
1 4 6 96 89 80
1 3 5 90 91
1 4 3 80 90 298
1 5 5 90 89 80 89
1 3 6 98 103
1 5 30 182 154 343 89
1 3 11 115 115
1 7 30 183 183 182 154 343 89
1 5 24 154 343 93 305
1 5 24 151 89 295 444
1 5 16 132 79 272 425
1 4 22 145 90 92
1 3 23 149 149
1 5 5 89 80 89 288
1 4 24 151 89 289
1 5 24 154 343 89 284
1 5 30 182 154 343 89
1 3 24 154 164
1 4 3 286 97 97
