779 522
1 6 1 64 72 264 83 86
1 3 2 73 88
1 5 6 94 93 88 94
1 9 6 93 89 408 407 391 101 88 93
1 6 2 72 263 73 87 86
1 7 1 69 103 267 107 87 88
1 4 8 105 107 86
1 3 3 78 86
1 3 5 87 86
1 6 2 73 88 91 72 78
1 6 9 106 78 86 78 86
1 7 5 87 86 77 78 87 86
1 5 5 484 485 86 263
1 5 11 116 419 88 91
1 4 10 485 90 283
1 3 5 86 268
1 4 13 121 295 109
1 9 3 78 254 123 86 78 86 78 88
1 4 13 120 86 263
1 7 15 126 301 78 86 268 509
1 6 16 127 302 129 73 86
1 4 10 508 73 86
1 5 18 130 508 73 86
1 4 5 86 78 86
1 4 19 134 86 263
1 6 20 136 315 436 493 138
1 3 22 140 86
1 3 22 143 153
1 4 24 501 86 267
1 4 5 86 78 88
1 3 25 161 86
1 5 2 73 88 93 87
1 10 7 100 249 394 83 276 415 480 101 90
1 3 1 67 257
1 3 5 90 284
1 3 25 161 86
1 5 2 73 87 276 83
1 5 2 73 88 93 88
1 5 2 72 78 87 85
1 3 5 87 88
1 6 2 74 93 87 90 283
1 3 25 161 86
1 3 7 101 86
1 5 5 85 72 78 88
1 3 22 144 160
1 3 5 86 270
1 3 3 78 255
1 4 25 161 86 265
1 4 28 168 87 86
1 4 2 73 87 256
1 4 2 75 284 86
1 4 2 75 284 86
1 4 2 73 86 78
1 3 28 334 152
1 3 2 73 90
1 3 25 162 279
1 5 2 74 93 86 77
1 3 3 78 84
1 4 23 155 174 86
1 3 22 140 86
1 4 23 153 86 253
1 4 28 169 140 86
1 4 23 151 78 86
1 4 22 143 153 86
1 3 25 161 86
1 7 2 73 86 77 77 78 257
1 4 30 177 78 257
1 5 3 263 73 88 94
1 3 6 93 86
1 3 5 87 86
1 3 2 72 78
1 4 2 73 86 265
1 3 2 73 86
1 3 2 73 86
1 3 2 73 86
1 4 5 87 87 86
1 3 5 86 265
1 3 5 88 94
1 3 1 68 92
1 5 24 159 328 107 88
1 3 5 89 101
1 3 6 93 86
1 3 2 73 90
1 3 5 87 88
1 3 3 265 94
1 4 28 171 335 123
1 3 26 166 164
1 3 26 164 87
1 3 26 166 166
1 3 6 95 285
1 3 26 166 166
1 5 6 94 91 73 86
1 3 3 78 86
1 5 6 92 78 88 95
1 3 3 80 261
1 6 22 139 66 82 273 412
1 3 6 94 95
1 5 26 165 93 484 109
1 3 3 265 94
1 3 6 92 78
1 4 10 485 86 297
1 6 2 72 78 88 93 86
1 8 5 86 78 86 78 86 78 86
1 3 25 161 87
1 7 5 85 72 78 87 86 263
1 5 2 72 78 86 263
1 4 23 151 78 86
1 3 31 178 78
1 3 7 102 161
1 3 25 161 86
1 4 31 178 78 86
1 3 1 67 90
1 6 2 76 182 77 78 86
1 5 2 72 77 78 257
1 4 2 73 257 399
1 5 23 151 77 78 86
1 4 2 72 297 424
1 4 2 73 87 86
1 5 2 72 78 257 398
1 4 8 104 87 88
1 6 8 104 86 267 107 88
1 8 11 119 292 421 486 485 87 86
1 11 5 88 92 266 99 78 86 78 86 78 276
1 7 11 119 292 420 485 86 268
1 7 32 181 73 86 263 73 85
1 3 6 93 87
1 3 25 161 87
1 4 25 162 93 86
1 4 7 99 266 407
1 3 5 85 73
1 5 32 181 72 252 181
1 7 32 184 87 87 85 72 263
1 3 22 140 276
1 3 22 143 318
1 4 28 170 334 151
1 5 28 170 334 151 78
1 7 32 184 87 85 405 397 475
1 3 22 143 151
1 3 28 170 334
1 3 1 64 74
1 6 6 91 73 85 73 88
1 3 3 78 86
1 6 28 170 170 334 151 264
1 5 3 81 179 341 178
1 10 25 162 330 181 72 78 88 91 73 86
1 9 18 131 307 427 488 510 519 288 417
1 3 23 153 86
1 4 32 183 342 443
1 7 32 181 73 88 91 73 88
1 3 1 65 263
1 4 32 181 73 86
1 3 31 179 341
1 3 32 181 71
1 6 5 88 94 94 93 86
1 3 1 67 89
1 4 5 89 101 86
1 3 27 400 86
1 5 11 119 292 421 486
1 5 11 119 292 419 484
1 6 31 179 86 78 86 274
1 7 11 119 292 419 483 263 417
1 6 9 107 484 485 86 267
1 4 5 88 93 86
1 7 23 153 86 78 86 263 417
1 4 22 140 86 264
1 4 28 170 334 441
1 4 5 88 279 83
1 3 5 87 87
1 3 25 161 86
1 7 18 132 191 193 350 465 504
1 5 35 433 199 191 347
1 3 36 193 350
1 3 35 189 419
1 4 37 195 259 279
1 3 35 433 492
1 4 11 115 117 290
1 5 18 131 311 347 445
1 6 35 191 193 350 446 182
1 3 18 131 304
1 5 18 131 311 193 423
1 3 37 194 87
1 3 35 191 347
1 4 39 208 356 454
1 3 36 193 350
1 5 18 131 309 432 486
1 6 37 199 191 347 204 86
1 4 18 131 309 431
1 10 35 191 193 350 204 86 78 86 78 86
1 3 36 193 350
1 9 40 211 360 199 191 345 452 204 87
1 8 41 359 191 193 351 452 497 515
1 9 28 171 338 194 276 83 86 264 406
1 6 28 169 145 174 87 86
1 3 42 218 368
1 4 23 156 324 439
1 3 28 169 331
1 8 28 171 338 201 373 372 520 522
1 6 28 172 339 442 83 86
1 4 28 170 170 171
1 7 28 171 338 197 157 326 440
1 5 28 171 174 87 86
1 5 45 223 319 193 350
1 3 42 218 367
1 6 25 161 86 78 257 399
1 5 39 208 191 193 350
1 4 37 200 353 453
1 3 39 207 86
1 7 22 145 321 347 204 88 93
1 4 42 219 370 156
1 3 29 173 78
1 7 42 219 369 143 319 193 350
1 8 41 215 364 462 502 500 516 520
1 6 22 148 221 347 204 256
1 4 40 212 370 156
1 4 43 220 256 164
1 9 18 131 305 143 319 193 351 448 494
1 7 11 119 294 423 419 85 417
1 9 22 143 319 193 351 448 495 340 123
1 5 18 131 306 426 487
1 3 37 197 157
1 3 35 188 256
1 9 18 131 305 143 319 193 351 448 412
1 5 29 338 194 88 93
1 3 22 146 322
1 4 42 219 370 463
1 4 29 175 161 86
1 7 42 219 369 143 319 193 350
1 3 29 174 256
1 8 42 219 369 143 319 345 452 372
1 4 29 338 194 256
1 6 42 217 366 143 319 347
1 4 22 145 320 153
1 3 29 174 86
1 7 42 219 369 143 319 193 350
1 8 41 215 364 462 502 500 516 520
1 6 42 219 369 146 193 350
1 11 42 219 369 145 320 319 193 350 203 78 87
1 3 29 176 340
1 7 42 219 369 143 319 193 350
1 7 41 215 364 460 500 516 520
1 3 22 141 259
1 4 39 208 188 90
1 3 36 193 350
1 4 37 199 192 203
1 4 39 208 188 88
1 3 36 193 350
1 3 18 131 304
1 3 18 131 304
1 9 18 131 310 433 351 452 446 184 86
1 6 37 351 450 191 347 204
1 7 39 209 193 351 452 204 86
1 4 11 117 131 304
1 8 35 191 193 350 204 86 78 86
1 3 47 227 374
1 3 35 190 161
1 3 36 193 350
1 4 35 191 193 350
1 3 47 227 375
1 3 48 228 376
1 7 39 208 191 346 444 204 86
1 4 18 131 312 435
1 3 25 161 86
1 4 36 193 350 204
1 4 18 131 309 431
1 3 35 191 347
1 4 18 131 309 431
1 6 35 191 193 350 204 86
1 5 39 210 358 347 204
1 3 50 231 380
1 7 50 230 191 193 350 447 518
1 3 36 193 350
1 3 50 231 379
1 3 25 161 86
1 3 48 228 376
1 6 37 200 199 191 347 204
1 5 39 208 192 204 86
1 5 37 199 192 204 88
1 4 37 194 88 93
1 4 37 201 221 347
1 5 43 221 347 204 88
1 7 35 191 346 444 465 123 86
1 4 40 211 360 457
1 7 35 191 193 350 204 88 279
1 3 18 131 304
1 4 18 131 310 433
1 7 16 128 303 193 349 161 87
1 4 18 131 308 428
1 5 52 234 191 193 350
1 7 52 235 303 193 199 190 344
1 4 35 188 87 86
1 4 36 193 351 452
1 9 18 131 312 351 449 496 191 347 204
1 3 35 188 86
1 5 35 190 161 87 86
1 3 36 193 350
1 3 18 131 304
1 5 35 191 193 423 419
1 3 18 131 304
1 6 37 199 191 347 205 96
1 9 18 131 310 191 193 350 204 88 93
1 8 18 131 312 199 191 347 204 88
1 9 18 131 313 208 191 193 350 204 88
1 3 35 189 289
1 7 53 236 191 193 196 343 88
1 3 37 200 200
1 4 37 200 200 352
1 3 37 200 200
1 3 1 451 200
1 3 37 200 351
1 3 37 200 200
1 3 37 200 200
1 3 37 200 200
1 3 37 200 200
1 3 37 200 200
1 3 37 200 200
1 3 37 200 200
1 4 37 200 351 451
1 3 37 200 200
1 5 39 208 192 204 86
1 4 35 192 204 355
1 4 39 208 357 164
1 5 39 208 192 204 88
1 3 37 200 200
1 7 54 237 383 192 204 86 269
1 3 35 192 348
1 3 35 192 204
1 4 54 237 384 470
1 7 18 131 310 433 350 204 88
1 5 18 131 310 189 419
1 5 11 310 192 204 88
1 3 18 133 314
1 8 55 238 387 208 192 204 88 282
1 3 35 188 88
1 4 55 238 386 471
1 6 55 238 386 471 507 78
1 3 55 238 388
1 4 55 238 385 192
1 7 40 211 359 455 498 204 499
1 5 40 211 359 456 462
1 6 40 211 361 208 456 461
1 7 40 211 359 192 204 86 271
1 3 35 192 204
1 6 18 131 310 188 86 264
1 3 37 200 351
1 3 35 192 204
1 7 39 208 192 204 88 281 204
1 6 35 192 204 88 281 445
1 4 18 131 309 431
1 4 35 192 204 88
1 3 18 131 304
1 3 37 351 451
1 3 37 200 352
1 3 5 86 264
1 4 28 169 140 90
1 7 3 263 73 86 78 87 88
1 3 3 78 84
1 6 3 266 99 78 86 264
1 5 23 153 86 78 87
1 3 23 153 255
1 5 3 78 86 78 90
1 7 3 81 179 86 78 87 256
1 3 31 179 86
1 9 20 136 315 436 493 513 266 101 257
1 5 5 87 86 78 86
1 3 2 73 88
1 12 11 119 292 421 486 485 257 400 86 265 91 73
1 4 23 149 67 86
1 11 11 119 292 421 486 508 73 257 400 90 395
1 7 41 215 364 462 503 458 107
1 3 23 153 86
1 5 2 73 86 78 87
1 3 2 73 90
1 3 2 73 257
1 3 5 87 86
1 3 2 73 88
1 3 6 97 153
1 4 2 72 78 86
1 4 2 73 257 400
1 3 32 182 263
1 4 7 101 86 265
1 4 56 239 317 94
1 3 56 239 317
1 4 5 86 78 88
1 3 28 170 170
1 4 5 86 78 88
1 4 56 240 240 239
1 5 5 87 85 73 86
1 3 5 87 277
1 5 3 78 87 87 88
1 3 3 78 86
1 3 5 84 65
1 3 3 78 257
1 3 5 86 265
1 3 5 86 262
1 3 3 78 257
1 3 3 78 257
1 4 1 67 86 265
1 3 22 143 318
1 4 38 206 99 266
1 3 3 78 86
1 3 22 143 150
1 3 22 143 317
1 3 1 70 250
1 3 22 142 143
1 3 25 162 91
1 4 3 78 87 86
1 9 56 240 389 121 296 202 73 87 85
1 4 6 91 73 85
1 4 6 91 74 91
1 3 1 67 86
1 5 17 129 73 86 263
1 4 38 202 74 91
1 4 38 202 74 91
1 3 38 206 408
1 5 38 205 94 94 94
1 4 22 143 153 86
1 4 22 143 153 86
1 5 22 143 153 86 263
1 5 22 140 86 78 86
1 3 22 140 86
1 4 22 142 140 86
1 3 5 87 86
1 4 3 77 78 86
1 3 6 93 86
1 4 3 78 87 86
1 3 3 253 284
1 3 3 78 256
1 3 6 93 86
1 6 5 88 93 88 92 77
1 5 6 93 86 78 88
1 5 3 78 86 78 86
1 7 5 86 263 73 87 86 263
1 3 41 214 362
1 5 11 119 292 288 417
1 3 22 139 66
1 6 46 225 372 520 521 86
1 7 49 229 378 466 493 514 407
1 9 20 136 315 436 276 414 478 391 473
1 5 49 229 378 467 505
1 4 41 216 365 461
1 6 49 229 377 227 467 505
1 5 11 119 292 288 417
1 6 46 226 373 372 520 521
1 5 41 215 364 460 500
1 7 11 119 293 422 421 181 417
1 4 23 153 86 263
1 3 22 147 350
1 5 1 66 83 86 79
1 3 46 224 520
1 3 41 213 500
1 7 11 119 292 419 88 91 417
1 7 11 119 292 419 483 263 417
1 7 11 119 292 418 268 485 85
1 6 11 116 419 258 403 417
1 5 11 116 289 91 417
1 8 11 119 292 421 291 95 485 85
1 9 11 119 292 288 417 485 86 78 86
1 8 41 215 364 461 458 107 86 265
1 7 41 215 364 460 500 501 87
1 6 11 119 292 419 85 417
1 3 5 86 263
1 3 11 112 417
1 6 11 116 419 85 417 485
1 4 11 116 288 417
1 4 11 118 181 417
1 5 41 215 363 458 106
1 4 11 116 288 417
1 6 33 186 85 417 485 86
1 5 11 114 88 91 417
1 6 11 119 292 421 486 508
1 4 11 116 288 417
1 6 11 116 419 85 417 509
1 5 11 119 292 288 417
1 6 11 119 292 420 485 85
1 7 11 119 292 419 85 417 485
1 8 11 116 419 483 263 417 485 86
1 6 11 119 292 421 181 417
1 3 33 185 417
1 3 11 116 421
1 6 11 116 421 181 417 111
1 7 51 233 382 469 179 86 78
1 8 51 232 381 468 506 518 86 81
1 10 51 232 381 468 506 469 179 86 78 88
1 4 37 196 343 86
1 6 11 119 292 419 484 508
1 6 11 119 292 419 85 417
1 7 11 119 292 288 417 482 184
1 4 5 87 87 87
1 7 3 78 86 263 74 93 257
1 6 3 78 87 86 263 405
1 3 1 67 276
1 6 1 64 73 86 78 88
1 4 22 142 140 86
1 10 5 86 78 88 93 86 78 86 78 87
1 6 22 142 140 86 78 86
1 5 1 70 251 78 257
1 7 5 86 263 73 86 78 86
1 4 22 140 257 398
1 11 2 73 86 78 86 263 73 86 77 78 256
1 8 3 78 86 266 410 476 83 88
1 4 25 160 78 87
1 5 5 257 400 87 86
1 7 25 161 87 86 78 86 78
1 4 5 90 284 87
1 6 3 263 73 87 88 94
1 4 5 87 86 78
1 5 1 67 88 93 90
1 5 5 88 92 263 73
1 8 2 73 86 78 86 263 73 86
1 7 2 73 86 263 73 86 78
1 3 3 78 86
1 3 25 161 86
1 4 4 83 86 263
1 3 5 86 266
1 9 11 119 292 420 485 86 78 86 263
1 8 11 119 294 423 419 483 263 417
1 7 11 119 292 419 483 263 417
1 4 10 109 287 416
1 8 11 119 292 418 268 485 86 263
1 10 49 229 378 467 122 266 411 477 86 272
1 5 44 222 371 464 90
1 13 23 157 325 157 325 157 325 157 325 157 439 86 264
1 4 5 86 78 86
1 7 41 215 364 460 500 501 86
1 7 11 119 292 288 417 485 86
1 3 1 67 86
1 3 6 93 86
1 5 34 187 343 86 263
1 6 3 78 85 72 78 86
1 4 11 119 292 421
1 5 8 103 78 86 267
1 6 5 86 266 101 86 266
1 6 5 87 87 86 77 78
1 3 3 78 86
1 6 5 86 78 86 78 89
1 4 3 78 86 263
1 5 5 86 78 86 263
1 9 12 395 79 123 87 88 93 88 280
1 4 23 154 153 86
1 6 5 88 92 78 86 265
1 3 5 87 86
1 3 3 78 88
1 4 38 204 277 107
1 3 58 242 88
1 3 5 86 80
1 3 5 86 264
1 3 1 63 68
1 12 18 131 308 429 489 511 283 73 85 73 88 93
1 5 11 119 292 421 486
1 3 6 92 78
1 5 26 167 398 78 256
1 3 5 84 67
1 3 26 164 86
1 3 1 67 84
1 11 18 131 308 430 490 64 417 485 90 284 87
1 3 3 78 88
1 3 23 154 323
1 3 38 204 86
1 6 46 226 373 465 504 520
1 5 41 215 364 460 500
1 4 59 243 390 472
1 3 5 88 278
1 4 22 143 153 257
1 4 5 90 284 276
1 4 22 143 153 86
1 3 22 142 316
1 3 22 140 90
1 3 25 161 329
1 8 6 92 265 93 86 78 257 398
1 3 1 67 86
1 3 7 101 88
1 4 2 73 86 264
1 3 5 86 77
1 5 5 86 78 86 263
1 8 11 119 292 421 486 485 86 263
1 4 5 86 78 341
1 13 20 136 315 438 137 257 402 204 86 266 101 86 264
1 4 38 204 88 92
1 4 38 204 87 86
1 13 41 215 364 461 501 87 88 280 107 86 275 204 86
1 13 5 88 93 86 77 78 88 93 86 78 86 78 88
1 11 5 86 78 87 88 93 88 93 86 78 88
1 8 11 119 292 419 483 263 417 485
1 5 11 119 292 420 485
1 3 38 203 354
1 4 38 203 78 276
1 3 5 86 78
1 3 38 203 297
1 3 38 204 86
1 3 38 204 86
1 8 23 152 83 87 276 82 264 82
1 3 7 101 276
1 4 5 86 78 86
1 6 2 73 87 86 78 88
1 3 5 87 86
1 4 2 73 86 78
1 4 6 94 93 256
1 5 5 257 398 78 86
1 5 5 85 73 87 257
1 4 5 87 87 86
1 3 7 101 86
1 3 23 153 86
1 3 2 73 86
1 3 23 150 73
1 5 11 119 292 421 486
1 7 11 119 292 421 486 508 73
1 7 11 119 292 421 486 508 73
1 4 2 73 87 86
1 3 5 87 86
1 5 41 215 364 462 503
1 14 5 87 87 87 87 87 86 253 284 86 79 122 78 86
1 10 5 90 395 78 86 79 122 299 425 276
1 9 5 90 395 78 86 77 77 79 259
1 9 12 284 87 86 77 78 86 79 123
1 7 25 160 77 77 77 77 78
1 4 5 87 87 87
1 8 5 86 78 86 78 86 79 122
1 8 57 241 86 77 78 87 86 79
1 6 11 119 292 421 486 285
1 3 5 87 86
1 14 11 119 292 421 486 509 263 73 88 92 263 74 91 405
1 17 5 88 92 78 88 94 94 93 86 265 93 88 93 86 78 87 86
1 14 20 136 315 436 86 266 409 137 86 266 101 89 101 88
1 19 3 266 408 101 86 77 266 101 89 101 88 92 266 101 88 92 266 101 88
1 13 2 71 71 72 263 405 397 73 86 77 263 73 86
1 14 41 215 364 461 501 257 401 107 277 107 88 280 107 86
1 6 41 215 364 459 499 458
1 12 9 107 86 267 107 277 107 86 267 107 277 393
1 11 11 119 292 421 486 508 73 276 413 74 279
1 9 11 119 292 421 486 509 263 73 88
1 10 2 73 88 92 263 73 276 413 73 257
1 8 3 78 88 93 86 77 78 90
1 3 6 93 86
1 4 3 77 263 74
1 5 5 86 265 93 87
1 3 25 161 255
1 3 3 77 78
1 6 9 107 277 107 86 78
1 4 6 92 77 78
1 4 25 163 161 89
1 5 3 78 86 78 86
1 3 6 93 86
1 5 22 143 153 257 397
1 16 23 151 78 90 284 258 241 86 79 396 474 78 86 78 87 87
1 9 23 154 151 77 77 77 77 78 88
1 6 60 245 87 86 78 277
1 12 23 153 87 254 396 474 77 77 77 78 88 94
1 4 60 246 391 101
1 10 2 73 87 86 77 78 254 122 77 77
1 3 60 244 73
1 3 5 85 72
1 4 5 87 86 263
1 5 3 78 254 122 77
1 3 23 158 327
1 4 5 86 78 86
1 15 3 78 86 77 77 77 78 86 77 79 123 86 79 122 77
1 6 23 151 78 87 254 122
1 16 5 86 253 395 77 78 258 404 77 79 122 77 77 79 260 398
1 11 14 122 78 86 78 86 77 79 259 92 265
1 8 23 153 86 78 86 79 122 77
1 7 14 122 78 86 78 86 77
1 10 3 78 86 78 86 253 395 78 86 79
1 4 5 86 79 122
1 4 23 154 154 154
1 9 3 253 395 78 87 86 79 122 264
1 11 5 86 253 395 78 86 77 79 260 398 77
1 9 3 77 78 86 78 86 77 79 122
1 10 3 78 258 404 253 395 77 78 254 122
1 3 5 88 93
1 3 10 110 114
1 3 11 114 86
1 3 28 171 337
1 3 28 171 337
1 3 28 171 336
1 9 3 77 77 77 77 78 254 122 77
1 6 11 119 294 423 288 417
1 13 5 86 77 253 395 77 78 254 122 77 77 77 77
1 11 37 350 203 77 77 77 77 78 254 125 404
1 4 11 312 434 417
1 13 9 108 395 77 77 77 253 284 87 86 79 122 77
1 4 11 116 288 417
1 8 3 77 77 78 86 79 122 77
1 4 11 116 288 417
1 5 5 254 122 77 265
1 8 11 119 292 421 486 509 78 85
1 11 20 136 315 437 409 513 77 78 254 122 77
1 3 11 112 417
1 14 3 77 77 77 253 395 77 78 254 122 77 77 78 87
1 7 3 77 77 253 284 254 260
1 6 11 119 294 423 288 417
1 9 3 77 77 78 254 122 297 398 78
1 11 1 66 249 395 77 253 284 254 122 77 298
1 12 3 78 90 395 77 77 77 253 284 86 79 122
1 3 22 143 318
1 3 28 171 176
1 11 4 82 77 77 77 77 77 78 86 79 122
1 10 3 77 77 78 86 79 260 398 78 86
1 8 4 82 77 77 78 254 122 77
1 13 31 178 78 86 77 77 253 284 254 122 298 404 264
1 13 31 180 395 77 77 253 395 78 86 79 122 298 404
1 7 4 82 77 77 77 78 254
1 16 20 136 315 436 276 414 479 395 78 87 90 395 78 254 125 300
1 7 3 78 254 122 297 398 265
1 10 3 77 77 77 253 395 78 254 122 77
1 8 3 77 77 77 77 77 78 254
1 10 3 77 77 77 77 78 254 122 77 77
1 4 3 79 122 78
1 5 11 118 291 91 417
1 3 14 123 87
1 4 14 125 241 90
1 7 20 136 315 436 86 266 409
1 3 3 79 122
1 3 14 123 86
1 3 1 67 86
1 7 41 215 364 462 502 500 517
1 11 4 82 77 77 78 254 122 77 77 77 77
1 9 4 82 77 77 77 77 77 79 125
1 14 3 78 86 77 253 395 77 78 86 77 79 122 77 77
1 3 61 247 392
1 8 18 131 308 430 491 512 263 417
1 3 11 304 508
1 13 12 395 78 86 253 395 77 78 86 77 79 259 92
1 9 3 79 122 253 284 87 87 87 86
1 3 5 89 99
1 3 1 65 78
1 3 14 122 77
1 5 28 169 143 317 92
1 5 3 77 79 122 78
1 7 11 119 292 288 417 509 264
1 5 3 79 122 253 395
1 3 22 143 153
1 7 11 119 292 419 256 250 417
1 4 11 116 288 417
1 5 14 122 78 86 77
1 5 3 79 122 78 256
1 5 11 116 288 417 285
1 4 11 116 288 417
1 6 11 119 292 288 417 481
1 3 37 194 86
1 4 3 79 122 78
1 3 37 198 400
1 4 6 96 124 395
1 7 11 119 292 420 485 86 263
1 4 10 111 122 266
1 4 11 113 263 417
1 6 11 119 292 418 263 417
1 6 14 122 77 265 93 256
1 8 3 79 122 77 253 284 86 264
1 6 11 119 294 423 288 417
1 6 11 312 423 419 85 417
1 4 14 122 77 77
1 3 14 122 78
1 4 14 122 253 395
1 3 14 124 395
1 4 5 88 93 88
1 7 62 248 393 400 87 88 279
1 5 21 137 86 77 78
1 5 28 170 170 169 332
1 4 28 169 140 86
1 4 28 170 170 168
1 5 28 170 333 264 83
1 4 10 509 78 86
1 3 1 67 86
1 3 5 87 88
1 4 3 78 87 276
1 3 6 98 286
1 5 28 169 143 153 86
1 3 10 109 109
1 7 28 170 170 169 143 153 86
1 5 22 143 153 90 283
1 5 22 140 86 273 412
1 5 14 122 77 253 395
1 4 20 135 87 89
1 3 21 138 138
1 5 5 86 78 86 267
1 4 22 140 86 268
1 5 28 169 143 153 86
1 3 22 143 152
1 4 3 265 94 94
