782 519
1 6 1 63 71 258 240 85
1 4 6 90 93 87
1 6 2 71 257 72 86 85
1 4 8 98 100 85
1 3 3 77 85
1 3 5 86 85
1 3 3 77 83
1 6 2 72 87 91 71 77
1 6 9 99 77 85 77 85
1 7 5 86 85 76 77 86 85
1 5 5 247 472 85 257
1 5 11 107 407 87 91
1 4 10 472 88 275
1 9 13 112 72 85 78 388 76 77 247
1 9 3 77 248 114 85 77 85 77 87
1 7 15 116 288 77 85 471 500
1 6 16 117 289 119 72 85
1 4 10 499 72 85
1 5 18 120 499 72 85
1 4 5 85 77 85
1 4 19 124 85 257
1 6 20 126 301 421 479 129
1 3 22 133 142
1 3 22 130 85
1 3 22 133 142
1 4 24 508 85 260
1 5 13 113 77 88 275
1 4 5 85 77 87
1 3 25 151 85
1 3 1 67 91
1 5 2 72 87 93 86
1 10 26 154 241 111 240 478 505 517 155 88
1 3 1 66 251
1 7 25 151 86 85 259 93 478
1 5 2 72 86 478 240
1 5 2 72 87 93 87
1 6 2 72 87 271 271 91
1 5 2 71 77 86 84
1 3 5 86 87
1 6 2 73 93 86 88 275
1 3 25 151 85
1 3 26 155 85
1 4 26 155 88 276
1 5 5 84 71 77 87
1 3 5 85 262
1 3 3 77 249
1 4 2 72 86 250
1 4 2 74 387 85
1 5 5 84 72 86 86
1 4 2 74 387 85
1 3 5 86 85
1 6 28 162 133 142 85 258
1 3 28 323 306
1 4 29 166 328 428
1 5 2 73 93 85 76
1 3 3 77 83
1 4 23 146 168 85
1 3 22 130 85
1 3 5 85 256
1 4 2 72 85 259
1 4 23 142 85 246
1 3 25 151 85
1 7 2 72 85 76 76 77 251
1 5 3 257 72 87 271
1 3 5 86 85
1 3 2 71 77
1 4 3 77 86 85
1 4 2 72 85 259
1 3 17 119 72
1 3 2 72 85
1 3 23 381 93
1 3 2 72 85
1 3 2 72 85
1 4 5 86 86 85
1 3 5 87 271
1 3 1 67 92
1 5 24 149 320 100 87
1 3 5 89 155
1 5 10 102 500 257 73
1 3 7 93 85
1 3 2 72 88
1 3 5 85 265
1 4 28 164 324 114
1 3 27 160 158
1 3 27 158 86
1 3 27 160 160
1 3 7 95 278
1 3 30 325 426
1 5 7 271 91 72 85
1 4 7 92 77 247
1 5 7 92 77 87 95
1 3 3 77 247
1 5 27 159 93 247 102
1 3 3 259 271
1 3 22 130 251
1 3 7 92 77
1 4 10 472 85 460
1 5 5 86 87 93 87
1 6 2 71 77 87 93 85
1 8 5 85 77 85 77 85 77 85
1 3 25 151 86
1 7 5 84 71 77 86 85 257
1 3 31 171 77
1 3 26 157 151
1 3 25 151 85
1 4 31 171 77 85
1 3 1 66 88
1 6 2 75 245 76 77 85
1 4 2 72 251 393
1 5 23 141 76 77 85
1 4 2 71 460 495
1 4 2 72 86 85
1 4 2 73 93 85
1 5 2 71 77 251 392
1 6 33 179 334 434 481 480
1 6 8 97 85 260 100 87
1 8 23 143 472 247 499 72 87 93
1 8 11 110 283 409 473 472 86 85
1 3 5 85 257
1 3 23 142 85
1 5 5 85 264 400 467
1 3 7 93 86
1 3 25 151 86
1 5 1 66 242 100 85
1 4 25 152 93 85
1 5 25 152 91 72 87
1 5 32 174 71 244 174
1 7 32 176 86 86 84 71 257
1 3 22 130 478
1 3 22 133 307
1 4 28 163 323 141
1 7 32 176 86 84 255 397 466
1 3 22 133 141
1 3 28 163 323
1 3 1 63 73
1 3 3 77 85
1 5 3 80 172 330 171
1 3 23 142 85
1 4 32 175 331 429
1 7 32 174 72 87 91 72 87
1 3 1 64 257
1 4 32 174 72 85
1 3 31 172 330
1 3 32 174 70
1 3 3 77 87
1 6 5 87 271 271 93 85
1 4 10 472 85 76
1 5 11 110 283 407 247
1 6 31 172 85 77 85 267
1 6 9 100 247 472 85 260
1 4 5 87 93 85
1 7 23 142 85 77 85 257 470
1 8 11 110 283 409 473 102 472 85
1 4 22 130 85 258
1 4 28 163 323 425
1 4 35 184 336 435
1 4 5 87 270 240
1 3 5 86 86
1 3 25 151 85
1 7 18 122 189 342 438 484 510
1 6 34 285 412 245 257 470
1 5 36 190 196 189 362
1 3 37 342 438
1 4 38 193 253 270
1 3 18 122 191
1 3 36 190 412
1 4 38 192 86 87
1 5 18 121 295 342 411
1 3 38 192 86
1 4 11 108 120 278
1 4 40 204 187 337
1 3 37 342 438
1 5 18 121 298 417 473
1 4 18 121 298 416
1 10 36 189 342 438 200 85 77 85 77 85
1 11 41 207 354 346 441 200 85 77 85 76 76
1 8 33 353 189 342 346 441 489 513
1 4 23 308 342 436
1 3 42 211 360
1 8 28 164 326 198 366 365 364 449
1 4 23 145 315 85
1 6 28 165 327 427 240 85
1 6 42 209 308 342 439 360
1 4 28 163 163 164
1 7 28 164 326 195 145 317 424
1 5 28 164 168 86 85
1 5 45 217 308 342 438
1 3 42 211 359
1 6 25 151 85 77 251 393
1 5 40 204 189 342 438
1 8 40 204 189 342 438 483 77 478
1 4 38 197 348 443
1 3 40 203 85
1 7 22 136 311 362 200 87 93
1 4 42 212 356 446
1 3 22 133 142
1 3 30 167 77
1 7 42 212 361 133 308 342 438
1 6 22 139 214 362 200 250
1 4 41 208 356 446
1 4 43 213 250 158
1 9 18 121 292 133 308 342 346 440 487
1 9 22 133 308 342 346 440 488 329 114
1 5 18 121 293 413 474
1 3 38 195 145
1 3 36 185 250
1 9 18 121 292 133 308 342 346 440 402
1 3 22 137 312
1 4 30 169 151 85
1 8 42 212 361 133 308 423 441 365
1 4 30 326 192 250
1 6 42 210 358 133 308 362
1 4 22 136 310 142
1 3 30 168 85
1 7 42 212 361 133 308 342 438
1 8 33 179 334 434 481 480 507 364
1 3 30 168 85
1 11 42 212 361 136 310 308 342 438 483 77 86
1 3 30 170 329
1 7 33 179 334 432 480 507 364
1 3 22 131 253
1 7 41 208 357 310 308 342 438
1 4 40 204 185 88
1 3 37 342 438
1 6 18 122 190 438 485 512
1 4 38 196 191 483
1 4 40 204 185 87
1 3 18 121 291
1 4 40 204 185 85
1 5 18 121 295 342 438
1 7 40 204 189 342 438 200 88
1 3 18 121 291
1 7 40 205 342 346 441 200 85
1 8 36 189 342 438 200 85 77 85
1 3 47 221 367
1 3 36 188 151
1 3 37 342 438
1 6 20 127 302 221 368 450
1 3 47 221 368
1 11 36 189 342 438 484 253 92 77 86 85 77
1 7 40 204 189 341 338 200 85
1 4 18 121 296 415
1 7 18 121 294 189 342 438 484
1 3 25 151 85
1 4 18 121 298 416
1 3 36 189 362
1 4 18 121 298 416
1 6 36 189 342 438 200 85
1 5 40 206 352 362 200
1 3 49 224 372
1 7 49 223 189 342 438 486 514
1 3 49 224 371
1 3 25 151 85
1 4 51 227 375 362
1 5 36 189 342 438 484
1 6 38 197 196 189 362 200
1 5 40 204 191 200 85
1 4 40 202 77 86
1 4 36 189 342 438
1 7 40 204 189 342 437 338 200
1 5 38 196 191 200 87
1 4 38 192 87 93
1 4 38 198 214 362
1 5 43 214 362 200 87
1 4 43 215 192 87
1 7 36 189 342 438 200 87 270
1 3 18 121 291
1 5 18 121 296 411 408
1 4 18 121 294 190
1 7 16 118 290 342 437 151 86
1 4 18 121 299 418
1 5 54 230 189 342 438
1 7 54 231 290 342 196 188 339
1 4 36 185 86 85
1 4 36 189 342 192
1 9 18 121 296 346 442 490 189 362 200
1 6 38 196 185 85 77 85
1 3 36 185 85
1 3 37 342 438
1 3 18 121 291
1 5 36 189 342 411 407
1 3 18 121 291
1 9 18 121 294 189 342 438 200 87 93
1 8 18 121 296 196 189 362 200 87
1 9 18 121 297 204 189 342 438 200 87
1 3 36 186 280
1 7 55 232 204 189 342 194 345
1 6 55 232 204 189 340 344
1 3 38 197 197
1 4 38 197 197 347
1 3 38 197 197
1 3 1 69 197
1 3 38 197 197
1 3 38 197 197
1 3 38 197 197
1 3 38 197 197
1 3 38 197 197
1 3 38 197 197
1 4 38 197 346 69
1 3 38 197 197
1 5 40 204 191 200 85
1 3 36 185 85
1 4 36 191 200 350
1 4 40 204 351 158
1 5 40 204 191 200 87
1 3 38 197 197
1 7 48 222 369 191 200 85 261
1 3 36 191 343
1 3 36 191 200
1 4 48 222 370 451
1 7 18 121 294 190 438 200 87
1 5 18 121 294 186 407
1 5 11 294 191 200 87
1 3 18 123 300
1 8 56 233 380 204 191 200 87 273
1 3 36 185 87
1 4 56 233 379 456
1 6 56 233 379 456 113 77
1 6 40 204 188 338 200 87
1 3 56 233 378
1 7 41 207 353 444 491 200 349
1 5 41 207 353 445 434
1 6 41 207 355 204 445 433
1 3 36 191 200
1 3 36 187 510
1 3 38 197 346
1 3 36 191 200
1 6 36 191 200 87 403 469
1 4 18 121 298 416
1 4 36 191 200 87
1 3 18 121 291
1 3 38 346 69
1 3 38 197 347
1 3 5 85 258
1 4 5 85 77 85
1 3 22 130 85
1 7 3 257 72 85 77 86 87
1 6 3 264 398 77 85 258
1 5 23 142 85 77 86
1 3 23 142 249
1 4 3 257 73 93
1 7 3 80 172 85 77 86 250
1 3 31 172 85
1 5 5 86 85 77 85
1 3 2 72 87
1 12 11 110 283 409 473 472 251 394 85 259 91 72
1 4 23 140 66 85
1 11 11 110 283 409 473 499 72 251 394 88 386
1 7 33 179 334 434 482 430 100
1 3 23 142 85
1 3 2 72 88
1 5 2 75 176 85 76
1 3 2 72 87
1 4 2 71 77 85
1 4 2 72 251 394
1 4 26 155 85 259
1 4 57 234 381 271
1 3 57 234 381
1 4 5 85 77 87
1 3 28 163 163
1 4 5 85 77 87
1 4 57 235 235 234
1 10 23 144 142 248 253 271 93 87 93 85
1 5 5 86 84 72 85
1 7 5 85 259 93 85 257 72
1 7 3 77 87 274 114 87 384
1 5 3 77 86 86 87
1 3 3 77 85
1 3 5 83 64
1 3 3 77 251
1 3 5 85 259
1 3 5 85 256
1 3 3 77 251
1 4 1 66 85 259
1 3 25 150 257
1 3 22 133 307
1 5 28 162 133 142 85
1 4 39 201 398 264
1 3 3 77 85
1 3 22 133 305
1 3 22 133 381
1 3 22 132 133
1 3 25 152 91
1 9 57 235 382 457 494 199 72 86 84
1 4 7 91 73 91
1 3 1 66 85
1 5 17 119 72 85 257
1 3 39 199 70
1 4 39 199 73 91
1 4 39 199 73 91
1 3 39 201 400
1 4 22 133 142 85
1 4 22 133 142 85
1 4 22 133 142 85
1 5 22 133 142 85 257
1 5 22 130 85 77 85
1 4 22 132 130 85
1 3 22 130 85
1 4 22 132 130 85
1 3 5 86 85
1 3 7 93 85
1 3 5 85 265
1 4 3 77 86 85
1 6 1 66 86 86 85 77
1 3 3 246 387
1 3 3 77 250
1 4 7 92 76 77
1 3 7 93 85
1 6 5 87 93 87 92 76
1 5 7 93 85 77 87
1 5 3 77 85 77 85
1 3 5 85 77
1 7 5 85 257 72 86 85 257
1 3 33 178 332
1 5 11 110 283 405 470
1 3 22 303 65
1 6 46 219 365 364 448 85
1 7 52 228 377 454 479 506 518
1 9 20 126 301 421 478 504 515 384 459
1 5 52 228 377 455 493
1 4 33 180 335 433
1 6 20 126 301 421 89 399
1 6 52 228 376 221 455 493
1 6 46 220 366 365 364 448
1 5 33 179 334 432 480
1 7 11 110 284 410 409 174 470
1 3 22 138 438
1 5 1 65 240 85 78
1 6 46 220 366 484 511 519
1 4 38 194 344 85
1 3 46 218 364
1 3 46 218 364
1 3 33 177 480
1 4 7 93 86 85
1 7 11 110 283 407 87 91 470
1 7 11 110 283 407 85 257 470
1 7 11 110 283 406 471 472 84
1 5 11 107 280 91 470
1 8 11 110 283 409 282 95 472 84
1 9 11 110 283 405 470 472 85 77 85
1 7 33 179 334 431 87 272 480
1 8 33 179 334 433 430 100 85 259
1 7 33 179 334 432 480 508 86
1 7 33 179 334 432 480 508 85
1 7 11 110 283 407 89 277 499
1 7 11 110 284 410 409 473 500
1 6 11 110 283 407 84 470
1 3 5 85 257
1 3 11 104 470
1 4 11 107 405 470
1 4 11 109 174 470
1 5 33 179 333 430 99
1 4 11 107 405 470
1 6 34 182 84 470 472 85
1 5 11 106 87 91 470
1 6 11 110 283 409 473 499
1 6 11 107 407 84 470 500
1 5 11 110 283 405 470
1 6 11 110 283 408 472 84
1 7 11 110 283 407 84 470 472
1 6 11 110 283 409 174 470
1 3 34 181 470
1 3 11 107 409
1 3 7 93 85
1 5 11 107 407 84 470
1 6 11 107 409 174 470 103
1 7 11 109 174 470 472 85 257
1 7 50 226 374 453 172 85 77
1 8 50 225 373 452 492 514 85 80
1 10 50 225 373 452 492 453 172 85 77 87
1 4 38 194 344 85
1 5 11 106 87 91 470
1 6 11 110 283 407 247 499
1 7 11 110 283 405 470 498 176
1 7 3 77 85 257 73 93 251
1 3 25 151 85
1 6 3 77 86 85 257 255
1 3 1 66 478
1 4 5 85 77 85
1 4 22 134 309 158
1 6 1 63 72 85 77 87
1 4 22 132 130 85
1 4 22 132 303 64
1 4 23 142 85 77
1 6 22 132 130 85 77 85
1 5 1 68 243 77 251
1 7 5 85 257 72 85 77 85
1 4 22 130 251 392
1 7 22 135 162 133 142 85 258
1 11 2 72 85 77 85 257 72 85 76 77 250
1 8 3 77 85 264 401 468 240 87
1 5 5 251 394 86 85
1 7 25 151 86 85 77 85 77
1 4 5 88 387 86
1 6 3 257 72 86 87 271
1 6 3 79 119 72 85 77
1 4 5 86 85 77
1 5 1 66 87 93 88
1 5 5 87 92 257 72
1 8 2 72 85 77 85 257 72 85
1 3 25 151 85
1 3 5 85 264
1 9 11 110 283 408 472 85 77 85 257
1 8 11 110 285 411 407 85 257 470
1 7 11 110 283 407 85 257 470
1 4 10 102 279 112
1 8 11 110 283 406 471 472 85 257
1 4 5 86 85 257
1 5 44 216 363 447 88
1 13 23 145 316 145 316 145 316 145 316 145 315 85 258
1 7 33 179 334 432 480 508 85
1 7 11 110 283 405 470 472 85
1 3 1 66 85
1 5 53 229 344 85 257
1 6 3 77 84 71 77 85
1 4 11 110 283 409
1 5 8 96 77 85 260
1 6 5 85 264 155 85 264
1 6 5 86 86 85 76 77
1 4 7 91 72 85
1 3 3 77 85
1 6 5 85 77 85 77 89
1 4 3 77 85 257
1 5 5 85 77 85 257
1 9 12 386 78 114 86 87 93 87 272
1 4 23 144 142 85
1 6 3 77 86 248 114 87
1 6 5 87 92 77 85 259
1 3 5 86 85
1 3 3 77 87
1 4 39 200 242 100
1 4 5 85 76 77
1 3 5 85 263
1 3 22 130 87
1 3 5 85 258
1 3 1 62 67
1 3 1 64 77
1 12 18 121 299 419 475 501 275 72 84 72 87 93
1 5 11 110 283 409 473
1 5 5 85 77 86 87
1 3 7 92 77
1 5 27 161 392 77 250
1 3 5 83 66
1 3 1 66 85
1 11 18 121 299 420 476 63 470 472 88 387 86
1 3 3 77 87
1 3 23 144 314
1 3 39 200 85
1 6 46 220 366 484 510 364
1 5 33 179 334 432 480
1 4 58 236 383 458
1 3 5 87 269
1 5 5 86 88 387 85
1 3 22 132 303
1 4 22 133 142 87
1 4 5 88 387 478
1 4 7 93 85 259
1 4 22 133 142 85
1 4 5 85 257 73
1 5 22 133 142 88 275
1 3 22 132 304
1 3 22 130 88
1 3 22 133 142
1 3 5 85 77
1 4 2 72 85 76
1 3 1 66 85
1 4 2 72 85 258
1 3 5 85 76
1 5 5 85 77 85 257
1 4 5 85 77 330
1 13 20 126 301 422 128 251 395 200 85 264 155 85 258
1 4 39 200 87 92
1 14 11 110 283 409 473 500 77 85 257 72 85 257 72 87
1 4 39 200 86 85
1 13 33 179 334 433 508 86 87 272 100 85 268 200 85
1 13 5 87 93 85 76 77 87 93 85 77 85 77 87
1 11 5 85 258 286 93 85 77 85 257 72 85
1 11 5 85 77 86 87 93 87 93 85 77 87
1 8 11 110 283 407 85 257 470 472
1 5 11 110 283 408 472
1 5 7 271 403 483 77
1 9 12 111 286 93 85 77 87 93 85
1 3 39 200 85
1 3 39 483 265
1 3 5 85 77
1 3 39 200 85
1 3 22 130 85
1 3 26 155 478
1 3 31 172 86
1 3 2 72 251
1 4 5 85 77 85
1 6 2 72 86 85 77 87
1 4 2 72 85 77
1 3 23 142 313
1 4 7 91 72 86
1 4 7 271 93 250
1 5 5 84 72 86 251
1 4 5 86 86 85
1 7 34 183 174 72 86 85 77
1 3 11 107 408
1 3 26 155 85
1 3 31 172 478
1 3 23 142 85
1 3 2 72 85
1 5 11 110 283 409 473
1 5 22 133 142 87 91
1 7 11 110 283 409 473 499 72
1 7 11 110 283 409 473 499 72
1 4 2 72 86 85
1 3 5 86 85
1 5 33 179 334 434 482
1 3 9 100 85
1 14 5 86 86 86 86 86 85 246 387 85 78 388 77 85
1 10 5 88 386 77 85 78 388 461 464 478
1 9 5 88 386 77 85 76 76 78 253
1 7 25 150 76 76 76 76 77
1 4 5 86 86 86
1 5 5 478 82 78 114
1 8 5 85 77 85 77 85 78 388
1 8 59 237 85 76 77 86 85 78
1 6 11 110 283 409 473 278
1 3 5 86 85
1 14 11 110 283 409 473 500 257 72 87 92 257 73 91 255
1 12 2 70 73 91 72 85 258 503 72 84 73 91
1 14 20 126 301 421 85 264 399 128 85 264 155 89 155 87
1 19 3 264 400 155 85 76 264 155 89 155 87 92 264 155 87 92 264 155 87
1 14 11 110 283 409 473 499 72 87 91 72 85 257 72 85
1 12 9 100 85 260 100 242 100 85 260 100 242 385
1 11 11 110 283 409 473 499 72 478 503 73 270
1 10 2 72 87 92 257 72 478 503 72 251
1 11 5 86 87 92 77 85 77 85 77 86 85
1 8 3 77 87 93 85 76 77 88
1 4 3 76 257 73
1 5 26 156 387 86 88
1 3 3 77 250
1 3 3 76 77
1 4 7 92 76 77
1 4 25 153 151 89
1 5 3 77 85 77 85
1 3 7 93 85
1 16 23 141 77 88 387 252 237 85 78 390 463 77 85 77 86 86
1 9 23 144 141 76 76 76 76 77 87
1 16 23 141 77 85 77 85 77 248 388 76 76 77 248 388 77 85
1 12 23 142 86 248 390 463 76 76 76 77 87 271
1 4 60 238 384 155
1 15 5 85 79 119 71 77 85 77 88 386 77 85 78 388 258
1 10 2 72 86 85 76 77 248 388 76 76
1 8 23 142 85 246 387 85 77 85
1 9 23 142 85 77 85 76 77 248 389
1 3 5 84 71
1 11 23 142 85 246 386 76 78 114 248 253 92
1 4 5 86 85 257
1 10 5 85 77 86 248 388 76 77 85 78
1 5 3 77 248 388 76
1 3 23 147 319
1 10 23 147 318 78 390 464 85 76 76 76
1 4 5 85 77 85
1 5 23 144 144 147 319
1 6 5 85 76 78 388 76
1 6 23 141 77 86 248 388
1 4 3 77 85 76
1 8 23 142 85 77 85 78 388 76
1 7 14 388 77 85 77 85 76
1 10 23 141 76 77 85 78 253 396 392 76
1 4 5 85 78 388
1 8 3 246 387 248 389 392 76 76
1 4 23 144 144 144
1 9 3 246 386 77 86 85 78 388 258
1 11 5 85 246 386 77 85 76 78 389 392 76
1 9 3 76 77 85 77 85 76 78 388
1 3 3 77 85
1 10 3 77 252 497 246 386 76 77 248 388
1 3 11 106 85
1 3 28 164 325
1 3 28 164 325
1 3 28 164 325
1 4 11 109 174 470
1 9 3 76 76 76 76 77 248 388 76
1 9 3 76 76 76 77 85 77 248 388
1 5 11 110 283 405 470
1 13 5 85 76 246 386 76 77 248 388 76 76 76 76
1 6 11 296 411 407 84 470
1 11 38 438 483 76 76 76 76 77 248 391 497
1 4 11 296 414 470
1 13 9 101 386 76 76 76 246 387 86 85 78 388 76
1 8 3 76 76 77 85 78 388 76
1 4 11 107 405 470
1 5 5 248 388 76 259
1 8 11 110 283 409 473 500 77 84
1 3 11 104 470
1 14 3 76 76 76 246 386 76 77 248 388 76 76 77 86
1 6 11 110 285 411 405 470
1 7 3 76 76 246 387 248 389
1 6 11 110 285 411 405 470
1 9 3 76 76 77 248 388 460 392 77
1 5 11 107 281 404 470
1 11 1 65 241 386 76 246 387 248 388 76 462
1 7 11 110 285 411 409 174 470
1 12 3 77 88 386 76 76 76 246 387 85 78 388
1 3 28 164 170
1 11 4 82 76 76 76 76 76 77 85 78 388
1 10 3 76 76 77 85 78 389 392 77 85
1 12 3 76 76 76 77 248 388 460 496 237 86 85
1 8 4 82 76 76 77 248 388 76
1 13 31 171 77 85 76 76 246 387 248 388 462 497 258
1 13 31 173 386 76 76 246 386 77 85 78 388 462 497
1 16 20 126 301 421 478 504 516 386 77 86 88 386 77 248 391 465
1 7 3 77 248 388 460 392 259
1 10 3 76 76 76 246 386 77 248 388 76
1 5 3 76 77 248 388
1 10 3 76 76 76 76 77 248 388 76 76
1 3 11 104 470
1 6 11 110 283 406 257 470
1 4 3 78 388 77
1 5 11 109 282 91 470
1 3 14 114 86
1 7 20 126 301 421 85 264 399
1 3 14 114 85
1 3 1 66 85
1 7 33 179 334 434 481 480 509
1 9 4 82 76 76 76 76 76 78 391
1 4 23 145 316 145
1 8 18 121 299 420 477 502 257 470
1 3 11 291 499
1 13 12 386 77 85 246 386 76 77 85 76 78 253 92
1 9 3 78 388 246 387 86 86 86 85
1 3 5 89 398
1 6 34 285 412 174 470 278
1 3 14 388 76
1 5 3 76 78 388 77
1 7 11 110 283 405 470 500 258
1 5 3 78 388 246 386
1 5 3 78 115 387 85
1 3 22 133 142
1 7 11 110 283 407 250 404 470
1 4 11 107 405 470
1 9 3 76 78 388 76 77 86 85 77
1 5 14 388 77 85 76
1 5 3 78 388 77 250
1 5 10 500 78 114 87
1 4 11 107 405 470
1 10 24 148 78 115 287 388 76 77 85 76
1 3 38 192 85
1 4 3 78 388 77
1 7 11 110 283 408 472 85 257
1 4 10 103 388 264
1 4 11 105 257 470
1 6 11 110 283 406 257 470
1 8 3 76 246 386 76 259 93 85
1 8 3 78 388 76 246 387 85 258
1 4 14 388 76 77
1 6 11 296 411 407 84 470
1 4 14 388 76 76
1 3 14 388 77
1 3 14 115 386
1 4 5 87 93 87
1 7 61 239 385 394 86 87 270
1 5 21 128 85 76 77
1 4 28 162 130 85
1 4 28 163 163 322
1 6 22 135 162 133 142 85
1 5 28 163 321 258 240
1 4 22 133 144 305
1 4 10 500 77 85
1 3 1 66 85
1 3 3 81 254
1 4 7 93 85 77
1 3 5 86 87
1 5 5 86 85 77 85
1 3 7 94 90
1 5 28 162 133 142 85
1 5 22 133 142 88 275
1 5 22 130 85 266 402
1 5 14 388 76 246 386
1 4 20 125 86 89
1 3 21 129 129
1 5 5 85 77 85 260
1 4 22 130 85 471
1 5 22 133 142 85 257
1 5 28 162 133 142 85
1 3 22 133 306
1 4 3 259 271 271
